ID	GeneID	geneSymbol	chr	strand	longExonStart_0base	longExonEnd	shortES	shortEE	flankingES	flankingEE	ID	IJC_SAMPLE_1	SJC_SAMPLE_1	IJC_SAMPLE_2	SJC_SAMPLE_2	IncFormLen	SkipFormLen	PValue	FDR	IncLevel1	IncLevel2	IncLevelDifference
328	ENSG00000085978	ATG16L1	chr2	+	233272965	233273777	233272965	233273052	233274675	233274778	328	53,44,56,140,70,79,58,41,71,81,85,72,58,64,62,76,60,84,88,110,57	3,0,7,7,3,3,4,1,0,3,18,4,3,5,1,1,5,2,4,13,1	76,68,63,76,83,71,76,58	0,5,0,1,1,1,1,2	800	75	0.00016174124739	0.00996397178976	0.624,1.0,0.429,0.652,0.686,0.712,0.576,0.794,1.0,0.717,0.307,0.628,0.644,0.545,0.853,0.877,0.529,0.797,0.673,0.442,0.842	1.0,0.56,1.0,0.877,0.886,0.869,0.877,0.731	-0.168
371	ENSG00000177239	MAN1B1	chr9	+	137101483	137105916	137101483	137101672	137106124	137106315	371	383,291,267,455,295,418,302,223,259,442,1018,241,304,251,212,286,336,279,416,253,116	38,26,38,46,12,32,39,15,34,37,52,30,23,32,17,31,22,30,71,62,22	396,299,391,456,698,248,377,752	33,19,18,9,30,15,19,26	4319	75	1.02316048967e-08	2.54926120226e-06	0.149,0.163,0.109,0.147,0.299,0.185,0.119,0.205,0.117,0.172,0.254,0.122,0.187,0.12,0.178,0.138,0.21,0.139,0.092,0.066,0.084	0.172,0.215,0.274,0.468,0.288,0.223,0.256,0.334	-0.124
542	ENSG00000086758	HUWE1	chrX	-	53543840	53543968	53543885	53543968	53542442	53542539	542	70,60,87,73,61,71,90,64,61,113,91,68,47,58,42,66,76,68,107,199,54	85,46,53,102,43,70,61,39,41,54,76,61,46,32,61,50,53,83,141,167,31	50,51,49,21,52,40,39,45	80,49,85,43,36,78,81,78	120	75	6.27677625831e-06	0.000689953092237	0.34,0.449,0.506,0.309,0.47,0.388,0.48,0.506,0.482,0.567,0.428,0.411,0.39,0.531,0.301,0.452,0.473,0.339,0.322,0.427,0.521	0.281,0.394,0.265,0.234,0.474,0.243,0.231,0.265	0.135
552	ENSG00000196233	LCOR	chr10	+	96832263	96832399	96832263	96832395	96833405	96833479	552	9,8,16,5,7,4,3,2,8,15,12,4,8,8,7,5,5,9,8,16,2	2,0,0,0,0,2,1,2,1,0,2,1,0,0,0,3,0,2,0,1,0	7,6,9,6,13,3,2,6	3,2,2,5,1,2,1,3	79	75	3.56971407989e-09	1.08171984497e-06	0.81,1.0,1.0,1.0,1.0,0.655,0.74,0.487,0.884,1.0,0.851,0.792,1.0,1.0,1.0,0.613,1.0,0.81,1.0,0.938,1.0	0.689,0.74,0.81,0.533,0.925,0.587,0.655,0.655	0.186
580	ENSG00000223812	PYDC2-AS1	chr3	+	191559677	191559969	191559677	191559754	191561442	191564902	580	17,20,10,13,21,29,13,6,14,19,6,6,21,7,16,16,12,14,26,3,5	1,1,2,0,0,0,3,0,0,2,0,1,0,0,0,0,0,0,0,0,0	13,17,27,8,24,11,21,3	0,3,5,1,5,1,4,0	290	75	1.08946185406e-12	1.22150463077e-09	0.815,0.838,0.564,1.0,1.0,1.0,0.528,1.0,1.0,0.711,1.0,0.608,1.0,1.0,1.0,1.0,1.0,1.0,1.0,1.0,1.0	1.0,0.594,0.583,0.674,0.554,0.74,0.576,1.0	0.193
663	ENSG00000197912	SPG7	chr16	+	89540943	89542279	89540943	89541384	89544647	89544772	663	171,189,163,353,106,342,167,130,179,188,901,148,214,326,120,158,183,233,291,112,98	4,0,1,0,3,1,2,1,2,1,6,3,1,1,6,1,1,1,2,6,0	184,96,156,184,408,139,112,219	1,2,0,1,1,1,0,0	970	75	0.000455675029553	0.0226063204927	0.768,1.0,0.926,1.0,0.732,0.964,0.866,0.91,0.874,0.936,0.921,0.792,0.943,0.962,0.607,0.924,0.934,0.947,0.918,0.591,1.0	0.934,0.788,1.0,0.934,0.969,0.915,1.0,1.0	-0.061
709	ENSG00000106397	PLOD3	chr7	-	101211540	101211716	101211590	101211716	101210531	101210673	709	2,5,6,3,2,0,5,4,3,6,6,1,2,6,1,4,7,6,4,5,1	11,10,15,31,10,6,9,6,5,14,21,17,16,10,8,14,9,18,33,87,13	5,7,3,8,12,2,4,13	9,8,9,8,5,9,11,51	125	75	0.00108744711721	0.0425898718798	0.098,0.231,0.194,0.055,0.107,0.0,0.25,0.286,0.265,0.205,0.146,0.034,0.07,0.265,0.07,0.146,0.318,0.167,0.068,0.033,0.044	0.25,0.344,0.167,0.375,0.59,0.118,0.179,0.133	-0.124
714	ENSG00000178035	IMPDH2	chr3	-	49028247	49028532	49028430	49028532	49027709	49027916	714	50,36,24,62,30,45,37,20,22,46,85,35,47,40,25,38,27,31,64,109,32	4,1,0,15,0,3,0,0,1,0,8,0,6,7,0,1,0,1,4,9,14	30,25,60,20,45,22,30,21	1,0,1,0,0,0,2,0	258	75	2.97078717182e-09	9.2523516029e-07	0.784,0.913,1.0,0.546,1.0,0.813,1.0,1.0,0.865,1.0,0.755,1.0,0.695,0.624,1.0,0.917,1.0,0.9,0.823,0.779,0.399	0.897,1.0,0.946,1.0,1.0,1.0,0.813,1.0	-0.109
715	ENSG00000178035	IMPDH2	chr3	-	49028721	49028806	49028757	49028806	49028430	49028532	715	1,1,2,5,3,3,1,1,2,3,11,2,1,1,0,4,0,4,6,8,1	36,32,35,66,21,30,39,26,23,35,50,38,31,47,19,34,31,50,111,159,73	9,3,4,3,7,1,1,2	23,19,27,20,45,28,17,15	111	75	0.00051367181199	0.0244037642205	0.018,0.021,0.037,0.049,0.088,0.063,0.017,0.025,0.055,0.055,0.129,0.034,0.021,0.014,0.0,0.074,0.0,0.051,0.035,0.033,0.009	0.209,0.096,0.091,0.092,0.095,0.024,0.038,0.083	-0.052
752	ENSG00000165795	NDRG2	chr14	-	21024029	21025061	21025028	21025061	21023240	21023321	752	435,421,377,611,962,567,686,483,458,815,599,469,254,482,551,495,377,391,708,1763,255	80,106,69,57,102,63,93,85,81,109,122,44,70,100,47,47,44,41,94,245,53	822,865,381,641,1417,374,205,914	68,60,40,78,248,31,19,86	1074	75	0.000521469825771	0.0246697033188	0.275,0.217,0.276,0.428,0.397,0.386,0.34,0.284,0.283,0.343,0.255,0.427,0.202,0.252,0.45,0.424,0.374,0.4,0.345,0.334,0.251	0.458,0.502,0.399,0.365,0.285,0.457,0.43,0.426	-0.085
861	ENSG00000148498	PARD3	chr10	-	34337274	34337426	34337277	34337426	34336198	34336243	861	3,11,7,15,18,5,7,2,8,9,7,9,4,12,6,4,9,13,21,32,14	0,1,1,5,3,0,0,0,0,2,0,1,0,3,0,2,1,0,3,5,1	4,7,4,16,14,7,8,5	1,2,4,5,3,1,0,2	78	75	4.22318828075e-06	0.000514678119606	1.0,0.914,0.871,0.743,0.852,1.0,1.0,1.0,1.0,0.812,1.0,0.896,1.0,0.794,1.0,0.658,0.896,1.0,0.871,0.86,0.931	0.794,0.771,0.49,0.755,0.818,0.871,1.0,0.706	0.134
919	ENSG00000080845	DLGAP4	chr20	+	36525850	36526077	36525850	36526006	36526812	36527231	919	39,34,34,33,14,27,53,26,29,41,47,18,25,16,25,24,25,28,47,39,11	72,55,44,55,41,44,67,48,41,72,72,41,68,48,25,30,41,35,56,45,21	31,12,25,18,43,30,24,20	59,37,38,70,188,51,44,40	146	75	0.000481511754457	0.0236785517148	0.218,0.241,0.284,0.236,0.149,0.24,0.289,0.218,0.267,0.226,0.251,0.184,0.159,0.146,0.339,0.291,0.239,0.291,0.301,0.308,0.212	0.213,0.143,0.253,0.117,0.105,0.232,0.219,0.204	0.057
1013	ENSG00000250241	PCDH10-DT	chr4	-	133110599	133110910	133110785	133110910	133109839	133110099	1013	8,11,3,31,6,17,8,7,8,7,3,6,14,13,14,18,13,18,33,24,11	1,0,0,2,0,3,0,0,2,0,0,2,0,1,0,0,0,0,0,4,0	11,8,5,11,24,11,10,8	1,1,4,1,0,1,3,0	261	75	0.000992227012454	0.0398740116976	0.697,1.0,1.0,0.817,1.0,0.62,1.0,1.0,0.535,1.0,1.0,0.463,1.0,0.789,1.0,1.0,1.0,1.0,1.0,0.633,1.0	0.76,0.697,0.264,0.76,1.0,0.76,0.489,1.0	0.167
1067	ENSG00000291129	PPIEL	chr1	-	39559493	39559671	39559633	39559671	39559215	39559365	1067	2,6,1,6,0,7,3,4,3,8,12,1,1,1,0,4,3,0,1,4,0	7,5,8,2,10,4,5,7,4,7,8,2,4,5,6,6,6,2,2,1,3	0,0,0,1,2,0,2,4	5,4,4,4,3,2,3,5	215	75	0.000339303433741	0.018202249278	0.091,0.295,0.042,0.511,0.0,0.379,0.173,0.166,0.207,0.285,0.344,0.149,0.08,0.065,0.0,0.189,0.149,0.0,0.149,0.583,0.0	0.0,0.0,0.0,0.08,0.189,0.0,0.189,0.218	0.099
1081	ENSG00000258017	TUBA1B-AS1	chr12	+	49127781	49128212	49127781	49128125	49185177	49185318	1081	720,686,518,532,302,352,553,662,691,432,577,410,640,333,353,570,447,639,1092,1292,348	36,65,75,88,29,41,48,53,42,38,137,36,77,32,28,62,26,193,345,685,200	545,431,681,415,639,522,637,622	83,84,117,73,134,122,134,153	162	75	9.49179059285e-05	0.00644981552285	0.903,0.83,0.762,0.737,0.828,0.799,0.842,0.853,0.884,0.84,0.661,0.841,0.794,0.828,0.854,0.81,0.888,0.605,0.594,0.466,0.446	0.752,0.704,0.729,0.725,0.688,0.665,0.688,0.653	0.065
1207	ENSG00000140416	TPM1	chr15	+	63043705	63044152	63043705	63043831	63056984	63057118	1207	99,71,76,55,96,65,288,63,62,158,187,99,93,64,37,42,97,56,109,100,21	6,8,2,2,28,0,32,2,4,29,29,23,6,7,5,2,13,3,15,20,4	29,36,46,80,74,29,30,74	3,4,1,2,2,2,1,4	396	75	0.000862911857262	0.0365093122401	0.758,0.627,0.878,0.839,0.394,1.0,0.63,0.856,0.746,0.508,0.55,0.449,0.746,0.634,0.584,0.799,0.586,0.78,0.579,0.486,0.499	0.647,0.63,0.897,0.883,0.875,0.733,0.85,0.778	-0.123
1270	ENSG00000247728	ARHGAP11B-DT	chr15	-	30624928	30625706	30625050	30625706	30614407	30614540	1270	0,3,0,9,7,13,4,1,2,5,2,3,5,10,2,8,8,1,0,2,5	1,1,1,5,0,1,0,4,0,0,1,1,1,2,1,1,2,3,2,3,2	6,2,5,5,9,4,1,4	0,1,0,1,4,0,1,0	197	75	4.82478720087e-05	0.00355891540106	0.0,0.533,0.0,0.407,1.0,0.832,1.0,0.087,1.0,1.0,0.432,0.533,0.656,0.656,0.432,0.753,0.604,0.113,0.0,0.202,0.488	1.0,0.432,1.0,0.656,0.461,1.0,0.276,1.0	-0.217
1659	ENSG00000172890	NADSYN1	chr11	+	71474394	71475622	71474394	71474526	71476200	71477225	1659	80,78,116,81,106,128,140,79,73,123,113,71,97,80,106,135,99,54,65,105,31	0,0,0,4,4,1,0,0,0,2,2,1,0,1,1,2,1,1,0,5,1	58,75,53,78,105,59,32,160	1,2,3,6,3,0,4,3	1171	75	5.34018659115e-06	0.000604789616767	1.0,1.0,1.0,0.565,0.629,0.891,1.0,1.0,1.0,0.798,0.783,0.82,1.0,0.837,0.872,0.812,0.864,0.776,1.0,0.574,0.665	0.788,0.706,0.531,0.454,0.692,1.0,0.339,0.774	0.191
1757	ENSG00000151632	AKR1C2	chr10	-	4999199	5000666	5000549	5000666	4998624	4998747	1757	27,38,11,55,50,35,58,21,38,37,48,23,53,124,21,38,31,34,90,130,27	1,8,0,3,0,1,1,2,1,3,3,2,1,8,2,2,2,2,4,14,6	16,24,21,17,48,30,33,29	2,0,1,1,0,0,0,0	1425	75	2.25371632467e-08	5.05373348644e-06	0.587,0.2,1.0,0.491,1.0,0.648,0.753,0.356,0.667,0.394,0.457,0.377,0.736,0.449,0.356,0.5,0.449,0.472,0.542,0.328,0.191	0.296,1.0,0.525,0.472,1.0,1.0,1.0,1.0	-0.265
1826	ENSG00000288558	DUS4L-BCAP29	chr7	+	107563970	107564247	107563970	107564209	107564587	107564676	1826	3,4,2,12,5,7,4,6,4,4,20,8,3,6,6,5,2,6,3,15,2	5,4,2,8,3,7,3,5,2,3,10,1,3,8,2,6,5,4,17,10,4	5,4,9,10,11,3,7,10	1,1,2,1,3,1,5,7	113	75	0.00088743825692	0.0372657593131	0.285,0.399,0.399,0.499,0.525,0.399,0.469,0.443,0.57,0.469,0.57,0.842,0.399,0.332,0.666,0.356,0.21,0.499,0.105,0.499,0.249	0.768,0.726,0.749,0.869,0.709,0.666,0.482,0.487	-0.245
1954	ENSG00000129158	SERGEF	chr11	-	18010070	18010139	18010074	18010139	18007940	18008076	1954	18,10,4,19,8,7,7,6,7,6,7,6,10,4,3,8,11,19,16,53,11	5,1,3,2,1,3,4,2,3,1,4,3,2,1,2,2,1,3,4,19,3	14,12,14,5,10,10,15,6	2,1,4,3,1,0,0,0	79	75	0.000506997821577	0.0243485957479	0.774,0.905,0.559,0.9,0.884,0.689,0.624,0.74,0.689,0.851,0.624,0.655,0.826,0.792,0.587,0.792,0.913,0.857,0.792,0.726,0.777	0.869,0.919,0.769,0.613,0.905,1.0,1.0,1.0	-0.125
1959	ENSG00000115524	SF3B1	chr2	-	197418895	197420542	197420427	197420542	197418508	197418588	1959	622,660,476,1434,885,752,282,373,883,649,429,623,812,674,886,1007,861,1073,1784,1326,695	69,37,45,123,61,63,87,69,59,58,108,73,62,71,59,60,47,48,90,278,69	1048,746,977,749,684,847,770,367	67,38,44,30,51,47,52,28	1607	75	1.45689945612e-05	0.00137266863042	0.296,0.454,0.331,0.352,0.404,0.358,0.131,0.201,0.411,0.343,0.156,0.285,0.379,0.307,0.412,0.439,0.461,0.511,0.481,0.182,0.32	0.422,0.478,0.509,0.538,0.385,0.457,0.409,0.38	-0.104
1974	ENSG00000115392	FANCL	chr2	-	58226727	58229874	58229813	58229874	58221941	58222042	1974	329,315,289,755,363,344,260,163,304,312,242,207,381,520,480,554,395,408,744,1253,410	0,8,0,0,0,0,0,7,0,1,0,0,0,0,1,0,1,0,4,27,12	311,345,234,210,282,301,216,391	0,0,0,0,5,0,0,0	3161	75	2.45503076373e-05	0.00203894851281	1.0,0.483,1.0,1.0,1.0,1.0,1.0,0.356,1.0,0.881,1.0,1.0,1.0,1.0,0.919,1.0,0.904,1.0,0.815,0.524,0.448	1.0,1.0,1.0,1.0,0.572,1.0,1.0,1.0	-0.074
2011	ENSG00000266173	STRADA	chr17	-	63728333	63728413	63728357	63728413	63714005	63714108	2011	8,6,10,26,3,13,6,5,11,9,13,9,2,11,9,10,7,14,23,15,4	1,0,2,4,3,1,1,1,3,0,4,3,0,1,1,2,3,1,2,9,3	13,8,11,9,14,8,10,4	2,1,0,0,0,1,0,3	99	75	4.34571614636e-05	0.00329552035478	0.858,1.0,0.791,0.831,0.431,0.908,0.82,0.791,0.735,1.0,0.711,0.694,1.0,0.893,0.872,0.791,0.639,0.914,0.897,0.558,0.503	0.831,0.858,1.0,1.0,1.0,0.858,1.0,0.503	-0.089
2236	ENSG00000113558	SKP1	chr5	-	134176685	134176950	134176854	134176950	134174461	134174514	2236	19,16,16,32,9,23,40,12,14,21,36,18,18,9,8,16,20,12,45,28,23	1,4,0,17,1,8,2,2,2,2,16,9,3,2,1,5,0,1,6,16,5	13,13,13,35,37,14,12,43	1,0,1,3,1,1,2,1	244	75	3.7398700794e-06	0.000465904703669	0.854,0.551,1.0,0.367,0.734,0.469,0.86,0.648,0.683,0.763,0.409,0.381,0.648,0.58,0.711,0.496,1.0,0.787,0.697,0.35,0.586	0.8,1.0,0.8,0.782,0.919,0.811,0.648,0.93	-0.19
2258	ENSG00000186088	GSAP	chr7	-	77330181	77330367	77330238	77330367	77329332	77329391	2258	8,17,6,30,4,13,9,13,11,4,27,16,10,12,10,6,14,8,22,20,16	9,8,4,3,4,3,5,4,2,10,1,5,2,2,3,4,4,7,8,11,5	9,7,10,11,12,11,10,5	13,10,15,9,7,4,6,6	132	75	0.000548850242186	0.0257477360477	0.336,0.547,0.46,0.85,0.362,0.711,0.506,0.649,0.758,0.185,0.939,0.645,0.74,0.773,0.654,0.46,0.665,0.394,0.61,0.508,0.645	0.282,0.285,0.275,0.41,0.493,0.61,0.486,0.321	0.195
2361	ENSG00000138600	SPPL2A	chr15	-	50732602	50736202	50736100	50736202	50730964	50731039	2361	167,163,131,443,154,267,151,144,168,161,139,112,255,211,172,143,164,158,302,248,207	1,4,1,0,2,5,0,0,1,0,3,2,1,3,1,0,0,1,1,3,3	198,138,138,137,207,149,130,87	0,0,0,0,1,0,1,0	3573	75	2.04062988729e-10	9.15181691852e-08	0.778,0.461,0.733,1.0,0.618,0.529,1.0,1.0,0.779,1.0,0.493,0.54,0.843,0.596,0.783,1.0,1.0,0.768,0.864,0.634,0.592	1.0,1.0,1.0,1.0,0.813,1.0,0.732,1.0	-0.181
2476	ENSG00000121716	PILRB	chr7	+	100356749	100356938	100356749	100356883	100358219	100358366	2476	6,4,12,13,6,12,9,3,11,10,13,6,2,7,3,9,8,4,12,6,4	30,35,29,22,38,16,42,26,21,79,95,28,19,20,33,20,36,34,26,45,11	4,8,4,8,8,0,8,7	44,40,52,56,123,22,45,32	130	75	8.16338322471e-05	0.00568495979599	0.103,0.062,0.193,0.254,0.083,0.302,0.11,0.062,0.232,0.068,0.073,0.11,0.057,0.168,0.05,0.206,0.114,0.064,0.21,0.071,0.173	0.05,0.103,0.042,0.076,0.036,0.0,0.093,0.112	0.068
2581	ENSG00000228624	HDAC2-AS2	chr6	+	113991892	113992120	113991892	113992014	113993342	113993487	2581	4,4,2,9,1,0,6,0,8,5,3,4,5,4,3,5,3,4,6,7,3	0,0,0,2,2,1,0,1,2,1,0,1,0,1,0,0,0,0,1,4,1	1,3,1,4,5,3,1,3	2,0,1,1,4,2,3,1	181	75	1.958660234e-09	6.65469652837e-07	1.0,1.0,1.0,0.651,0.172,0.0,1.0,0.0,0.624,0.674,1.0,0.624,1.0,0.624,1.0,1.0,1.0,1.0,0.713,0.42,0.554	0.172,1.0,0.293,0.624,0.341,0.383,0.121,0.554	0.281
2582	ENSG00000228624	HDAC2-AS2	chr6	+	113991892	113992187	113991892	113992014	113993342	113993487	2582	1,5,2,15,1,2,10,0,10,7,6,5,4,5,3,5,7,4,3,5,5	0,0,0,2,2,1,0,1,2,1,0,1,0,1,0,0,0,0,1,4,1	4,1,2,5,4,5,1,2	2,0,1,1,4,2,3,1	248	75	3.44176909195e-10	1.42922648366e-07	1.0,1.0,1.0,0.694,0.131,0.377,1.0,0.0,0.602,0.679,1.0,0.602,1.0,0.602,1.0,1.0,1.0,1.0,0.476,0.274,0.602	0.377,1.0,0.377,0.602,0.232,0.431,0.092,0.377	0.28
2824	ENSG00000077097	TOP2B	chr3	-	25604759	25606122	25606042	25606122	25601099	25601225	2824	380,287,166,641,274,444,233,343,394,237,255,275,387,336,305,381,275,414,647,994,461	1,0,0,6,0,1,0,0,0,0,26,0,2,0,0,0,0,0,7,0,3	412,271,446,270,268,303,318,237	0,0,0,0,0,0,1,0	1358	75	3.55738427397e-05	0.00282556776759	0.955,1.0,1.0,0.855,1.0,0.961,1.0,1.0,1.0,1.0,0.351,1.0,0.914,1.0,1.0,1.0,1.0,1.0,0.836,1.0,0.895	1.0,1.0,1.0,1.0,1.0,1.0,0.946,1.0	-0.052
3015	ENSG00000187134	AKR1C1	chr10	+	4966926	4968386	4966926	4967043	4968821	4968944	3015	119,39,23,86,45,66,69,51,56,60,42,59,41,67,36,35,49,48,102,171,85	1,0,1,4,0,0,2,0,1,1,0,0,2,0,0,2,0,0,1,6,4	26,36,42,31,14,32,35,18	0,0,0,0,0,0,0,0	1418	75	0.000903258786779	0.037788572826	0.863,1.0,0.549,0.532,1.0,1.0,0.646,1.0,0.748,0.76,1.0,1.0,0.52,1.0,1.0,0.481,1.0,1.0,0.844,0.601,0.529	1.0,1.0,1.0,1.0,1.0,1.0,1.0,1.0	-0.187
3092	ENSG00000085998	POMGNT1	chr1	-	46194552	46194961	46194843	46194961	46194273	46194401	3092	103,123,120,136,78,92,118,82,98,156,102,72,91,84,90,108,117,129,150,297,32	1,1,1,8,0,4,3,2,2,2,24,0,1,3,1,2,0,2,2,3,2	101,80,113,124,169,64,101,159	2,0,3,0,3,0,1,0	366	75	3.17021334195e-05	0.00255715338057	0.955,0.962,0.961,0.777,1.0,0.825,0.89,0.894,0.909,0.941,0.465,1.0,0.949,0.852,0.949,0.917,1.0,0.93,0.939,0.953,0.766	0.912,1.0,0.885,1.0,0.92,1.0,0.954,1.0	-0.062
3168	ENSG00000197858	GPAA1	chr8	+	144083388	144083516	144083388	144083500	144083713	144083861	3168	1,2,2,3,3,1,0,4,2,5,7,3,0,2,0,4,2,5,3,5,0	64,48,39,67,45,52,53,52,51,87,81,41,51,42,29,49,42,72,140,267,42	7,5,1,3,10,2,2,10	65,32,47,32,51,38,57,37	91	75	9.98179358835e-07	0.000153309410565	0.013,0.033,0.041,0.036,0.052,0.016,0.0,0.06,0.031,0.045,0.066,0.057,0.0,0.038,0.0,0.063,0.038,0.054,0.017,0.015,0.0	0.082,0.114,0.017,0.072,0.139,0.042,0.028,0.182	-0.052
3192	ENSG00000096746	HNRNPH3	chr10	+	68338502	68338687	68338502	68338642	68339139	68339226	3192	186,142,128,105,167,85,149,124,175,200,46,110,125,131,103,136,102,105,117,256,72	11,3,2,23,10,6,13,3,9,8,24,5,17,17,5,5,8,6,21,10,8	145,122,116,78,208,89,111,64	6,4,5,4,6,3,4,7	120	75	0.000268596877506	0.0151332069879	0.914,0.967,0.976,0.74,0.913,0.899,0.878,0.963,0.924,0.94,0.545,0.932,0.821,0.828,0.928,0.944,0.889,0.916,0.777,0.941,0.849	0.938,0.95,0.935,0.924,0.956,0.949,0.945,0.851	-0.051
3269	ENSG00000094631	HDAC6	chrX	+	48814961	48815295	48814961	48815051	48815383	48815490	3269	54,55,63,66,79,44,39,31,48,81,95,39,56,50,48,57,73,62,66,42,31	26,39,27,38,13,26,33,22,24,48,49,21,27,17,12,30,25,49,67,90,32	42,56,58,50,92,37,40,76	14,15,21,18,27,16,13,25	319	75	2.47638849847e-05	0.00204156381212	0.328,0.249,0.354,0.29,0.588,0.285,0.217,0.249,0.32,0.284,0.313,0.304,0.328,0.409,0.485,0.309,0.407,0.229,0.188,0.099,0.186	0.414,0.467,0.394,0.395,0.445,0.352,0.42,0.417	-0.107
3355	ENSG00000177225	GATD1	chr11	-	773427	773629	773521	773629	772426	772521	3355	14,14,18,8,12,6,18,14,6,16,11,7,5,1,8,9,18,6,12,21,3	43,50,33,34,39,25,37,23,27,68,32,36,31,22,12,34,38,40,88,159,17	8,5,6,7,10,6,7,13	46,64,53,61,89,41,50,61	169	75	1.31217607215e-05	0.00126828604491	0.126,0.111,0.195,0.095,0.12,0.096,0.178,0.213,0.09,0.095,0.132,0.079,0.067,0.02,0.228,0.105,0.174,0.062,0.057,0.055,0.073	0.072,0.034,0.048,0.048,0.047,0.061,0.058,0.086	0.056
3370	ENSG00000104365	IKBKB	chr8	+	42293442	42293568	42293442	42293512	42305186	42305275	3370	4,3,12,4,10,1,10,4,4,9,11,5,6,7,3,5,2,2,5,7,5	12,27,31,40,29,13,18,10,10,30,64,17,30,15,13,13,21,17,35,70,16	6,12,8,11,8,6,4,13	13,19,16,17,23,16,12,45	131	75	0.000573016525	0.026663062901	0.16,0.06,0.181,0.054,0.165,0.042,0.241,0.186,0.186,0.147,0.09,0.144,0.103,0.211,0.117,0.18,0.052,0.063,0.076,0.054,0.152	0.209,0.266,0.223,0.27,0.166,0.177,0.16,0.142	-0.075
3590	ENSG00000139613	SMARCC2	chr12	-	56164302	56164731	56164647	56164731	56163344	56163765	3590	113,71,92,134,108,108,126,62,66,111,214,82,90,57,55,79,106,77,153,154,15	60,41,34,51,42,21,66,46,40,61,18,45,39,31,23,31,32,37,52,108,21	120,69,153,109,268,115,129,95	48,30,44,26,60,24,24,26	420	75	0.000226032086109	0.0132684384788	0.252,0.236,0.326,0.319,0.315,0.479,0.254,0.194,0.228,0.245,0.68,0.246,0.292,0.247,0.299,0.313,0.372,0.271,0.344,0.203,0.113	0.309,0.291,0.383,0.428,0.444,0.461,0.49,0.395	-0.104
3794	ENSG00000293478	GFOD3P	chr1	-	3739623	3740387	3739835	3740387	3737192	3739335	3794	5,1,8,1,3,0,4,1,4,7,4,1,3,7,2,1,1,1,3,5,3	5,9,13,14,15,9,13,6,5,13,9,6,13,15,9,11,7,2,19,10,4	11,15,11,11,20,11,8,13	16,6,3,8,19,5,8,6	287	75	1.77413639335e-13	2.48645215528e-10	0.207,0.028,0.139,0.018,0.05,0.0,0.074,0.042,0.173,0.123,0.104,0.042,0.057,0.109,0.055,0.023,0.036,0.116,0.04,0.116,0.164	0.152,0.395,0.489,0.264,0.216,0.365,0.207,0.362	-0.225
3881	ENSG00000242588	NA	chr7	+	128608117	128608217	128608117	128608213	128615859	128615970	3881	0,0,0,0,1,4,3,1,0,0,1,1,1,1,2,0,0,0,1,2,1	5,8,7,13,6,4,3,1,8,2,14,6,7,14,2,4,5,5,6,8,2	0,2,4,3,1,3,1,1	11,3,3,4,15,6,4,7	79	75	1.74532139691e-05	0.0015859416678	0.0,0.0,0.0,0.0,0.137,0.487,0.487,0.487,0.0,0.0,0.064,0.137,0.119,0.064,0.487,0.0,0.0,0.0,0.137,0.192,0.322	0.0,0.388,0.559,0.416,0.06,0.322,0.192,0.119	-0.108
3919	ENSG00000293310	NA	chr10	+	122880670	122881012	122880670	122880756	122881597	122881667	3919	5,6,9,10,10,16,2,7,11,8,21,7,13,10,5,3,7,5,16,4,5	0,1,0,0,0,0,0,1,1,0,1,0,0,2,1,1,0,0,1,4,5	6,0,8,9,9,8,4,2	0,2,3,0,2,1,1,1	331	75	0.000157309913697	0.00974452349376	1.0,0.576,1.0,1.0,1.0,1.0,1.0,0.613,0.714,1.0,0.826,1.0,1.0,0.531,0.531,0.405,1.0,1.0,0.784,0.185,0.185	1.0,0.0,0.377,1.0,0.505,0.644,0.475,0.312	0.239
4062	ENSG00000134686	PHC2	chr1	-	33334089	33334292	33334184	33334292	33332274	33332404	4062	122,90,129,287,83,109,103,68,85,133,223,68,192,110,122,119,116,111,274,448,97	15,10,10,25,7,6,8,4,19,12,17,8,11,6,5,10,3,14,21,45,7	109,89,99,67,111,71,111,150	18,14,8,17,21,8,14,15	170	75	0.000263528334182	0.0149983740246	0.782,0.799,0.851,0.835,0.84,0.889,0.85,0.882,0.664,0.83,0.853,0.789,0.885,0.89,0.915,0.84,0.945,0.778,0.852,0.815,0.859	0.728,0.737,0.845,0.635,0.7,0.797,0.778,0.815	0.086
4106	ENSG00000186487	MYT1L	chr2	-	1922285	1923263	1922291	1923263	1912019	1912110	4106	2,1,7,1,4,1,4,2,3,9,2,4,2,3,1,4,1,2,3,10,2	1,0,0,3,1,0,0,1,0,1,1,0,0,0,0,0,0,1,0,5,0	4,3,3,6,5,3,7,3	1,0,2,2,2,5,0,2	81	75	8.37968959877e-06	0.000894791236013	0.649,1.0,1.0,0.236,0.787,1.0,1.0,0.649,1.0,0.893,0.649,1.0,1.0,1.0,1.0,1.0,1.0,0.649,1.0,0.649,1.0	0.787,1.0,0.581,0.735,0.698,0.357,1.0,0.581	0.147
4108	ENSG00000255910	NA	chr12	+	20009720	20010975	20009720	20009919	20011321	20015028	4108	34,46,69,59,41,67,29,42,65,31,46,31,97,62,35,35,67,79,177,51,59	3,1,4,2,1,1,0,1,2,3,1,2,2,2,0,2,0,1,3,3,5	26,29,60,50,27,40,44,13	0,0,2,0,1,0,0,0	1131	75	2.74078204576e-10	1.18190954989e-07	0.429,0.753,0.534,0.662,0.731,0.816,1.0,0.736,0.683,0.407,0.753,0.507,0.763,0.673,1.0,0.537,1.0,0.84,0.796,0.53,0.439	1.0,1.0,0.665,1.0,0.642,1.0,1.0,1.0	-0.219
4219	ENSG00000255717	SNHG1	chr11	-	62854887	62855216	62855132	62855216	62854518	62854551	4219	28,40,39,73,39,35,44,43,26,35,49,37,61,54,31,33,32,47,85,176,72	1,1,2,1,2,0,0,0,0,1,0,0,0,1,0,0,3,1,0,31,5	28,40,29,25,30,27,16,28	0,2,0,0,0,0,0,0	320	75	2.62536945517e-08	5.77169457478e-06	0.868,0.904,0.82,0.945,0.82,1.0,1.0,1.0,1.0,0.891,1.0,1.0,1.0,0.927,1.0,1.0,0.714,0.917,1.0,0.571,0.771	1.0,0.824,1.0,1.0,1.0,1.0,1.0,1.0	-0.066
4412	ENSG00000213930	GALT	chr9	+	34647088	34647567	34647088	34647258	34648114	34648171	4412	33,50,31,41,42,31,32,27,39,68,26,31,24,22,25,32,46,25,31,11,7	2,3,2,8,1,6,2,2,2,5,7,0,4,1,0,1,1,4,5,5,1	38,37,33,45,55,22,30,35	2,0,1,1,0,2,1,3	384	75	0.000213318029772	0.0126417167332	0.763,0.765,0.752,0.5,0.891,0.502,0.758,0.725,0.792,0.726,0.42,1.0,0.54,0.811,1.0,0.862,0.9,0.55,0.548,0.301,0.578	0.788,1.0,0.866,0.898,1.0,0.682,0.854,0.695	-0.149
4413	ENSG00000213930	GALT	chr9	+	34647088	34647961	34647088	34647258	34648114	34648171	4413	159,169,126,171,152,156,161,119,115,270,106,142,116,103,122,144,181,127,188,180,53	2,3,2,8,1,6,2,2,2,5,7,0,4,1,0,1,1,4,5,5,1	140,189,165,204,227,138,145,203	2,0,1,1,0,2,1,3	778	75	9.85621458971e-06	0.000995566468287	0.885,0.844,0.859,0.673,0.936,0.715,0.886,0.852,0.847,0.839,0.593,1.0,0.737,0.909,1.0,0.933,0.946,0.754,0.784,0.776,0.836	0.871,1.0,0.941,0.952,1.0,0.869,0.933,0.867	-0.091
4546	ENSG00000214078	CPNE1	chr20	-	35664358	35664900	35664759	35664900	35658929	35659014	4546	29,20,32,23,22,24,25,24,17,36,28,19,21,22,24,25,31,16,19,20,9	27,29,21,30,23,15,16,13,20,31,43,21,17,26,24,20,19,32,50,110,41	29,21,28,28,77,9,16,36	25,12,8,21,27,6,14,14	476	75	1.21192731073e-07	2.38388228209e-05	0.145,0.098,0.194,0.108,0.131,0.201,0.198,0.225,0.118,0.155,0.093,0.125,0.163,0.118,0.136,0.165,0.205,0.073,0.056,0.028,0.033	0.155,0.216,0.355,0.174,0.31,0.191,0.153,0.288	-0.098
4756	ENSG00000173559	NABP1	chr2	+	191678135	191678705	191678135	191678241	191678989	191679128	4756	16,7,37,12,12,8,26,9,15,22,20,18,15,17,9,15,19,11,19,102,14	1,2,0,2,2,1,0,0,1,1,1,2,1,1,0,3,3,1,2,2,2	9,10,10,3,13,10,8,7	0,0,0,0,2,0,3,0	539	75	9.89920573402e-07	0.000153309410565	0.69,0.328,1.0,0.455,0.455,0.527,1.0,1.0,0.676,0.754,0.736,0.556,0.676,0.703,1.0,0.41,0.468,0.605,0.569,0.876,0.493	1.0,1.0,1.0,1.0,0.475,1.0,0.271,1.0	-0.178
4791	ENSG00000148362	PAXX	chr9	+	136992639	136992974	136992639	136992700	136993052	136993243	4791	26,54,85,32,49,20,44,33,27,104,88,27,45,20,34,25,74,56,74,141,19	5,2,5,9,0,4,5,1,2,8,3,2,4,0,2,5,4,1,9,23,2	50,48,25,50,67,43,55,80	0,2,0,3,2,1,0,7	349	75	0.000906672554134	0.0377903816987	0.528,0.853,0.785,0.433,1.0,0.518,0.654,0.876,0.744,0.736,0.863,0.744,0.707,1.0,0.785,0.518,0.799,0.923,0.639,0.568,0.671	1.0,0.838,1.0,0.782,0.878,0.902,1.0,0.711	-0.158
4875	ENSG00000153253	SCN3A	chr2	-	165140650	165140998	165140784	165140998	165139475	165139608	4875	60,54,57,85,49,54,34,32,46,70,134,41,58,29,35,48,48,54,121,89,48	8,3,3,4,4,5,1,3,5,6,5,4,7,0,1,1,8,7,3,9,0	37,44,34,38,56,47,38,43	4,6,5,13,18,5,3,7	209	75	1.74059567292e-05	0.0015859416678	0.729,0.866,0.872,0.884,0.815,0.795,0.924,0.793,0.768,0.807,0.906,0.786,0.748,1.0,0.926,0.945,0.683,0.735,0.935,0.78,1.0	0.768,0.725,0.709,0.512,0.528,0.771,0.82,0.688	0.153
4878	ENSG00000153253	SCN3A	chr2	-	165140701	165140998	165140784	165140998	165139475	165139608	4878	55,45,49,61,38,39,27,30,33,62,85,33,44,19,29,43,40,43,95,71,35	8,3,3,4,4,5,1,3,5,6,5,4,7,0,1,1,8,7,3,9,0	35,40,20,28,37,35,31,37	4,6,5,13,18,5,3,7	158	75	3.58916871352e-05	0.00282556776759	0.765,0.877,0.886,0.879,0.818,0.787,0.928,0.826,0.758,0.831,0.89,0.797,0.749,1.0,0.932,0.953,0.704,0.745,0.938,0.789,1.0	0.806,0.76,0.655,0.506,0.494,0.769,0.831,0.715	0.158
4938	ENSG00000293616	PCBP1-AS1	chr2	-	70085815	70086271	70086054	70086271	70085546	70085624	4938	33,22,28,55,48,21,22,20,20,31,46,29,30,29,26,34,34,27,41,55,8	1,4,2,1,0,0,0,1,3,2,4,1,0,2,1,1,2,2,5,8,2	30,29,38,29,29,21,16,14	1,1,0,1,1,2,0,0	314	75	1.47991059196e-06	0.000199912741651	0.887,0.568,0.77,0.929,1.0,1.0,1.0,0.827,0.614,0.787,0.733,0.874,1.0,0.776,0.861,0.89,0.802,0.763,0.662,0.622,0.489	0.878,0.874,1.0,0.874,0.874,0.715,1.0,1.0	-0.099
4951	ENSG00000068745	IP6K2	chr3	-	48694693	48695421	48695089	48695421	48694458	48694525	4951	103,73,95,111,95,74,92,81,78,110,89,45,90,60,59,108,86,87,126,133,55	0,0,0,6,5,1,0,0,0,0,0,0,1,2,0,1,0,2,20,29,6	80,94,83,125,102,79,78,179	0,0,0,1,0,0,0,1	471	75	3.8121730217e-09	1.09595086973e-06	1.0,1.0,1.0,0.747,0.752,0.922,1.0,1.0,1.0,1.0,1.0,1.0,0.935,0.827,1.0,0.945,1.0,0.874,0.501,0.422,0.593	1.0,1.0,1.0,0.952,1.0,1.0,1.0,0.966	-0.108
5148	ENSG00000173846	PLK3	chr1	+	44804338	44804779	44804338	44804501	44805265	44805379	5148	14,10,10,18,11,9,14,7,1,15,33,6,12,13,21,5,8,8,22,51,23	1,1,0,0,0,0,0,0,2,0,1,0,2,1,0,0,2,2,1,3,3	15,7,4,15,12,15,18,27	0,0,4,7,2,1,0,2	353	75	9.66369075955e-05	0.00652706631302	0.748,0.68,1.0,1.0,1.0,1.0,1.0,1.0,0.096,1.0,0.875,1.0,0.56,0.734,1.0,1.0,0.459,0.459,0.824,0.783,0.62	1.0,1.0,0.175,0.313,0.56,0.761,1.0,0.741	0.108
5219	ENSG00000164253	WDR41	chr5	-	77453801	77453928	77453816	77453928	77451323	77451353	5219	6,4,8,13,6,8,8,2,11,6,8,5,5,6,2,4,9,7,15,19,6	56,36,30,68,36,17,31,29,27,42,46,41,30,28,27,42,46,44,97,251,69	2,4,2,5,4,5,1,3	43,25,63,42,36,48,45,58	90	75	6.66779935358e-05	0.00482318492596	0.082,0.085,0.182,0.137,0.122,0.282,0.177,0.054,0.253,0.106,0.127,0.092,0.122,0.152,0.058,0.074,0.14,0.117,0.114,0.059,0.068	0.037,0.118,0.026,0.09,0.085,0.08,0.018,0.041	0.062
5336	ENSG00000102977	ACD	chr16	-	67659228	67659613	67659536	67659613	67658927	67659079	5336	59,73,84,59,58,64,59,45,54,123,73,53,48,25,45,51,82,62,80,94,20	9,2,7,6,2,3,1,0,1,4,0,5,2,2,3,1,3,2,5,27,4	72,35,48,65,85,30,45,54	0,2,1,0,1,2,2,4	383	75	0.00128816866601	0.0481431569443	0.562,0.877,0.701,0.658,0.85,0.807,0.92,1.0,0.914,0.858,1.0,0.675,0.825,0.71,0.746,0.909,0.843,0.859,0.758,0.405,0.495	1.0,0.774,0.904,1.0,0.943,0.746,0.815,0.726	-0.084
5352	ENSG00000104129	DNAJC17	chr15	-	40779083	40779310	40779222	40779310	40776541	40776627	5352	12,9,2,24,15,15,13,7,6,5,11,7,4,15,12,12,9,12,17,8,6	16,17,13,20,9,23,16,12,11,15,20,15,26,12,4,15,10,10,9,7,8	2,5,16,8,8,9,6,6	14,5,16,18,86,13,12,17	214	75	0.000672318861208	0.0306424352515	0.208,0.157,0.051,0.296,0.369,0.186,0.222,0.17,0.16,0.105,0.162,0.141,0.051,0.305,0.513,0.219,0.24,0.296,0.398,0.286,0.208	0.048,0.26,0.26,0.135,0.032,0.195,0.149,0.11	0.077
5506	ENSG00000177646	ACAD9	chr3	+	128902552	128902632	128902552	128902628	128904061	128904132	5506	5,2,4,4,7,6,1,1,6,6,7,4,3,6,2,0,3,7,1,4,2	34,30,27,51,20,27,19,26,28,35,40,21,38,34,19,26,23,45,49,109,20	7,6,6,18,6,1,8,2	31,20,28,33,55,24,18,30	79	75	0.000921354966392	0.0381189368383	0.123,0.06,0.123,0.069,0.249,0.174,0.048,0.035,0.169,0.14,0.142,0.153,0.07,0.143,0.091,0.0,0.11,0.129,0.019,0.034,0.087	0.177,0.222,0.169,0.341,0.094,0.038,0.297,0.06	-0.072
5577	ENSG00000099991	CABIN1	chr22	+	24098013	24098192	24098013	24098105	24113565	24113748	5577	69,55,48,44,46,35,59,35,37,64,55,49,60,58,43,37,52,38,70,77,17	4,7,6,2,0,1,2,4,2,13,6,2,7,6,1,8,7,11,9,12,4	53,55,54,37,87,43,45,38	3,1,2,3,2,2,1,2	162	75	5.28985214676e-06	0.000604789616767	0.889,0.784,0.787,0.911,1.0,0.942,0.932,0.802,0.895,0.695,0.809,0.919,0.799,0.817,0.952,0.682,0.775,0.615,0.783,0.748,0.663	0.891,0.962,0.926,0.851,0.953,0.909,0.954,0.898	-0.099
5680	ENSG00000006062	MAP3K14	chr17	-	45270851	45271221	45271057	45271221	45270412	45270563	5680	8,11,10,9,6,4,11,10,8,10,13,5,7,6,4,9,15,1,9,17,2	0,2,9,2,0,5,6,6,5,6,12,6,2,6,6,3,9,5,11,26,3	3,0,0,1,3,2,4,7	4,6,3,0,7,4,8,10	281	75	0.000440296042082	0.0221372162503	1.0,0.595,0.229,0.546,1.0,0.176,0.329,0.308,0.299,0.308,0.224,0.182,0.483,0.211,0.151,0.445,0.308,0.051,0.179,0.149,0.151	0.167,0.0,0.0,1.0,0.103,0.118,0.118,0.157	0.141
5884	ENSG00000100650	SRSF5	chr14	+	69767092	69767380	69767092	69767255	69768137	69768282	5884	122,54,112,107,68,92,136,63,44,100,192,39,88,66,93,98,89,58,104,161,88	102,97,88,214,136,123,134,82,114,140,309,121,138,111,90,100,77,168,177,385,142	51,33,70,39,84,54,58,98	117,105,143,116,222,141,107,86	200	75	0.000508167267661	0.0243485957479	0.31,0.173,0.323,0.158,0.158,0.219,0.276,0.224,0.126,0.211,0.189,0.108,0.193,0.182,0.279,0.269,0.302,0.115,0.181,0.136,0.189	0.14,0.105,0.155,0.112,0.124,0.126,0.169,0.299	0.052
5905	ENSG00000213928	IRF9	chr14	+	24163377	24163959	24163377	24163508	24164062	24164134	5905	44,59,48,109,68,39,57,22,48,117,223,38,65,65,29,52,56,36,126,147,25	0,1,0,10,0,1,0,0,0,0,5,2,0,7,0,0,0,0,0,3,5	45,49,27,41,60,31,44,56	0,0,0,2,0,0,0,0	526	75	0.0013327482193	0.0491538586671	1.0,0.894,1.0,0.608,1.0,0.848,1.0,1.0,1.0,1.0,0.864,0.73,1.0,0.57,1.0,1.0,1.0,1.0,1.0,0.875,0.416	1.0,1.0,1.0,0.745,1.0,1.0,1.0,1.0	-0.073
5906	ENSG00000213928	IRF9	chr14	+	24164062	24164955	24164062	24164134	24165846	24165962	5906	117,212,180,345,168,105,153,101,121,401,694,94,222,165,112,161,215,152,328,364,79	3,6,3,2,1,2,0,0,1,11,3,0,4,5,1,2,1,1,8,30,6	146,171,76,113,168,72,114,256	0,1,2,3,0,0,0,1	896	75	8.1269190555e-07	0.000129991175445	0.766,0.747,0.834,0.935,0.934,0.815,1.0,1.0,0.91,0.753,0.951,1.0,0.823,0.734,0.904,0.871,0.947,0.927,0.774,0.504,0.524	1.0,0.935,0.761,0.759,1.0,1.0,1.0,0.955	-0.086
5914	ENSG00000159063	ALG8	chr11	-	78138709	78139624	78139493	78139624	78127357	78127436	5914	46,59,61,69,59,52,69,35,75,77,91,36,51,62,36,73,61,79,110,67,36	7,4,5,2,2,6,6,2,6,6,4,2,5,4,1,5,4,7,13,21,4	77,59,52,65,126,41,76,83	1,4,4,2,4,2,2,0	859	75	0.000407134873081	0.0208438182511	0.365,0.563,0.516,0.751,0.72,0.431,0.501,0.604,0.522,0.528,0.665,0.611,0.471,0.575,0.759,0.56,0.571,0.496,0.425,0.218,0.44	0.871,0.563,0.532,0.739,0.733,0.642,0.768,1.0	-0.193
5924	ENSG00000177409	SAMD9L	chr7	-	93146882	93147146	93147087	93147146	93145384	93146040	5924	13,11,5,38,12,12,7,7,5,48,37,12,6,13,9,6,11,16,20,26,21	1,6,1,2,2,0,2,0,4,6,2,4,1,1,2,2,2,0,0,2,7	4,12,9,15,16,4,16,23	1,0,0,1,0,0,0,0	280	75	1.6004975123e-11	9.96932117106e-09	0.777,0.329,0.573,0.836,0.616,1.0,0.484,1.0,0.251,0.682,0.832,0.446,0.616,0.777,0.547,0.446,0.596,1.0,1.0,0.777,0.446	0.517,1.0,1.0,0.801,1.0,1.0,1.0,1.0	-0.247
5937	ENSG00000236088	COX10-DT	chr17	-	14033551	14034416	14034007	14034416	13892724	13892839	5937	26,31,29,51,18,15,24,22,22,40,15,24,21,20,18,38,39,24,89,138,27	2,0,2,2,0,1,2,0,1,1,0,0,0,2,0,0,0,2,1,5,1	59,40,49,32,23,29,25,32	0,1,3,1,3,3,4,3	531	75	3.69421104818e-09	1.08998669137e-06	0.647,1.0,0.672,0.783,1.0,0.679,0.629,1.0,0.757,0.85,1.0,1.0,1.0,0.585,1.0,1.0,1.0,0.629,0.926,0.796,0.792	1.0,0.85,0.698,0.819,0.52,0.577,0.469,0.601	0.153
5938	ENSG00000236088	COX10-DT	chr17	-	14033939	14034416	14034007	14034416	13892724	13892839	5938	4,6,5,13,3,5,3,5,5,11,4,1,4,5,2,10,9,4,19,20,7	2,0,2,2,0,1,2,0,1,1,0,0,0,2,0,0,0,2,1,5,1	11,6,9,6,3,4,4,8	0,1,3,1,3,3,4,3	143	75	1.59806453293e-07	3.03686432936e-05	0.512,1.0,0.567,0.773,1.0,0.724,0.44,1.0,0.724,0.852,1.0,1.0,1.0,0.567,1.0,1.0,1.0,0.512,0.909,0.677,0.786	1.0,0.759,0.611,0.759,0.344,0.412,0.344,0.583	0.21
5958	ENSG00000291203	NA	chr4	+	119457970	119458170	119457970	119458077	119460182	119460242	5958	10,5,5,24,17,10,4,3,12,18,8,9,14,16,6,9,17,13,18,18,6	2,0,0,0,0,0,1,0,1,1,0,2,0,2,1,1,0,2,1,7,0	27,22,15,15,19,8,11,3	7,1,4,1,0,0,3,1	168	75	7.68224264647e-07	0.000124830876163	0.691,1.0,1.0,1.0,1.0,1.0,0.641,1.0,0.843,0.889,1.0,0.668,1.0,0.781,0.728,0.801,1.0,0.744,0.889,0.534,1.0	0.633,0.908,0.626,0.87,1.0,1.0,0.621,0.573	0.088
6094	ENSG00000242086	MUC20-OT1	chr3	+	195708153	195708513	195708153	195708435	195708746	195708841	6094	37,26,30,41,38,53,11,11,18,29,55,31,23,22,21,57,37,33,50,24,15	3,1,0,7,5,3,0,2,0,0,16,4,0,4,0,4,0,1,6,9,3	13,15,20,29,4,27,24,21	1,1,2,2,0,0,0,0	153	75	1.13725192086e-06	0.000167774586009	0.858,0.927,1.0,0.742,0.788,0.896,1.0,0.729,1.0,1.0,0.628,0.792,1.0,0.729,1.0,0.875,1.0,0.942,0.803,0.567,0.71	0.864,0.88,0.831,0.877,1.0,1.0,1.0,1.0	-0.075
6095	ENSG00000242086	MUC20-OT1	chr3	+	195708428	195708555	195708428	195708435	195708746	195708841	6095	49,45,43,66,58,92,16,18,23,37,83,42,37,41,32,75,47,39,68,34,24	3,1,0,7,5,3,0,2,0,0,16,4,0,4,0,4,0,1,6,9,3	16,25,26,46,7,30,35,37	1,1,2,2,0,0,0,0	195	75	1.03923483452e-06	0.000157458121144	0.863,0.945,1.0,0.784,0.817,0.922,1.0,0.776,1.0,1.0,0.666,0.802,1.0,0.798,1.0,0.878,1.0,0.938,0.813,0.592,0.755	0.86,0.906,0.833,0.898,1.0,1.0,1.0,1.0	-0.063
6098	ENSG00000104859	CLASRP	chr19	+	45057749	45057898	45057749	45057882	45059267	45059364	6098	75,94,102,116,89,71,75,67,61,102,215,37,81,79,46,83,59,46,79,99,42	14,7,15,13,30,9,8,7,10,21,44,5,10,9,6,18,10,5,3,4,2	58,53,48,99,154,46,49,147	16,13,3,21,58,7,9,38	91	75	0.000289563580241	0.0160722121864	0.815,0.917,0.849,0.88,0.71,0.867,0.885,0.887,0.834,0.8,0.801,0.859,0.87,0.879,0.863,0.792,0.829,0.883,0.956,0.953,0.945	0.749,0.771,0.93,0.795,0.686,0.844,0.818,0.761	0.066
6229	ENSG00000154040	CABYR	chr18	+	24155700	24156999	24155700	24156042	24159471	24160069	6229	330,168,110,196,177,107,99,87,114,157,169,161,116,141,147,177,150,164,274,420,152	2,2,2,5,4,1,2,0,3,2,8,3,4,4,0,2,0,5,3,1,6	135,138,177,132,125,128,136,148	2,0,0,1,0,1,0,1	1032	75	5.45890654902e-09	1.48041515864e-06	0.923,0.859,0.8,0.74,0.763,0.886,0.782,1.0,0.734,0.851,0.606,0.796,0.678,0.719,1.0,0.865,1.0,0.704,0.869,0.968,0.648	0.831,1.0,1.0,0.906,1.0,0.903,1.0,0.915	-0.126
6755	ENSG00000001497	LAS1L	chrX	-	65520701	65523707	65523559	65523707	65517986	65518465	6755	556,751,655,689,638,568,519,475,628,857,535,514,612,639,498,619,670,688,715,1079,294	10,11,21,16,7,15,8,13,5,19,49,7,12,20,8,12,7,13,17,31,8	891,786,743,944,1276,655,646,731	7,6,8,4,8,5,2,23	2933	75	8.86113222731e-06	0.000934327932611	0.587,0.636,0.444,0.524,0.7,0.492,0.624,0.483,0.763,0.536,0.218,0.652,0.566,0.45,0.614,0.569,0.71,0.575,0.518,0.471,0.484	0.765,0.77,0.704,0.858,0.803,0.77,0.892,0.448	-0.198
6913	ENSG00000101294	HM13	chr20	+	31538178	31538554	31538178	31538359	31544946	31545035	6913	14,19,24,43,26,26,22,12,23,18,27,12,24,20,17,18,24,39,42,50,21	1,0,1,1,1,3,0,0,1,2,3,0,1,1,0,0,0,0,1,0,1	28,34,33,27,36,12,25,13	3,2,1,1,4,0,1,3	270	75	5.41623778016e-06	0.000607268579912	0.795,1.0,0.87,0.923,0.878,0.707,1.0,1.0,0.865,0.714,0.714,1.0,0.87,0.847,1.0,1.0,1.0,1.0,0.921,1.0,0.854	0.722,0.825,0.902,0.882,0.714,1.0,0.874,0.546	0.095
7068	ENSG00000157184	CPT2	chr1	+	53210014	53211369	53210014	53211319	53213263	53214170	7068	1,3,3,2,3,2,2,1,2,3,2,0,0,0,1,2,0,0,2,4,3	3,7,5,13,2,4,6,2,5,9,9,6,7,7,1,5,6,5,22,55,11	2,2,1,2,0,0,0,1	8,11,5,2,3,1,1,14	125	75	0.000695773952736	0.0313457258902	0.167,0.205,0.265,0.085,0.474,0.231,0.167,0.231,0.194,0.167,0.118,0.0,0.0,0.0,0.375,0.194,0.0,0.0,0.052,0.042,0.141	0.13,0.098,0.107,0.375,0.0,0.0,0.0,0.041	0.054
7086	ENSG00000099308	MAST3	chr19	+	18146880	18147044	18146880	18147017	18147442	18147624	7086	157,106,104,32,91,60,147,90,97,182,100,114,102,49,63,82,102,79,145,180,41	108,94,97,90,68,75,98,62,76,111,96,72,70,31,64,79,63,93,148,126,21	168,91,132,107,139,136,107,145	94,82,86,62,99,74,53,71	102	75	0.00119208896472	0.0453074626184	0.517,0.453,0.441,0.207,0.496,0.37,0.524,0.516,0.484,0.547,0.434,0.538,0.517,0.538,0.42,0.433,0.543,0.384,0.419,0.512,0.589	0.568,0.449,0.53,0.559,0.508,0.575,0.597,0.6	-0.078
7192	ENSG00000115760	BIRC6	chr2	+	32453807	32453954	32453807	32453942	32463193	32463381	7192	25,18,26,56,11,24,18,16,27,20,56,19,28,23,12,33,20,26,62,108,36	49,36,28,49,27,32,36,35,41,51,48,29,47,49,33,46,35,56,69,132,36	9,17,18,26,41,15,9,28	28,41,37,46,68,52,38,68	87	75	0.00106554025068	0.0419187273355	0.305,0.301,0.445,0.496,0.26,0.393,0.301,0.283,0.362,0.253,0.501,0.361,0.339,0.288,0.239,0.382,0.33,0.286,0.436,0.414,0.463	0.217,0.263,0.295,0.328,0.342,0.199,0.17,0.262	0.095
7207	ENSG00000006282	SPATA20	chr17	+	50547664	50547954	50547664	50547767	50548282	50548453	7207	28,37,30,13,3,7,4,19,29,56,87,37,4,6,5,4,8,6,54,2,3	24,24,20,67,32,31,37,17,18,31,44,18,40,23,18,33,32,50,64,72,18	2,23,0,30,4,3,0,9	24,17,25,28,50,25,27,47	262	75	0.000761944756791	0.0333707992701	0.25,0.306,0.3,0.053,0.026,0.061,0.03,0.242,0.316,0.341,0.361,0.37,0.028,0.069,0.074,0.034,0.067,0.033,0.195,0.008,0.046	0.023,0.279,0.0,0.235,0.022,0.033,0.0,0.052	0.072
7221	ENSG00000106714	CNTNAP3	chr9	-	39103713	39103914	39103743	39103914	39102496	39102715	7221	5,3,1,5,1,2,1,2,1,0,1,3,0,3,1,0,1,0,2,4,1	17,8,15,10,12,6,10,12,6,11,24,21,20,12,7,20,20,29,31,35,2	1,0,0,1,2,0,0,0	6,9,6,11,12,6,8,16	105	75	0.000831859365042	0.0357893131062	0.174,0.211,0.045,0.263,0.056,0.192,0.067,0.106,0.106,0.0,0.029,0.093,0.0,0.152,0.093,0.0,0.034,0.0,0.044,0.075,0.263	0.106,0.0,0.0,0.061,0.106,0.0,0.0,0.0	0.061
7475	ENSG00000117308	GALE	chr1	-	23796508	23796782	23796696	23796782	23796150	23796265	7475	38,38,25,31,17,19,33,13,23,43,38,26,36,14,22,31,17,35,51,50,4	2,1,0,2,0,3,1,1,1,0,4,1,1,4,0,1,1,2,0,3,5	34,20,42,27,39,16,21,33	0,0,1,1,1,0,0,2	263	75	0.000422612994588	0.0214404384404	0.844,0.916,1.0,0.816,1.0,0.644,0.904,0.788,0.868,1.0,0.73,0.881,0.911,0.5,1.0,0.898,0.829,0.833,1.0,0.826,0.186	1.0,1.0,0.923,0.885,0.918,1.0,1.0,0.825	-0.117
7484	ENSG00000131196	NFATC1	chr18	+	79486247	79486937	79486247	79486630	79527527	79529323	7484	7,5,3,16,9,13,13,4,6,4,15,2,1,4,2,7,7,2,9,18,3	1,0,0,2,1,0,2,0,0,1,0,1,0,1,0,0,1,1,5,6,0	1,8,3,5,1,0,3,3	0,3,2,1,0,2,0,2	382	75	1.41605626575e-05	0.001345493462	0.579,1.0,1.0,0.611,0.639,1.0,0.561,1.0,1.0,0.44,1.0,0.282,1.0,0.44,1.0,1.0,0.579,0.282,0.261,0.371,1.0	1.0,0.344,0.228,0.495,1.0,0.0,1.0,0.228	0.18
7500	ENSG00000285219	HULC	chr6	+	8435626	8436402	8435626	8436178	8437939	8438031	7500	4,1,1,9,2,2,4,1,2,4,2,4,1,3,12,2,5,2,2,8,1	6,1,4,7,2,5,4,1,2,5,3,1,3,4,1,4,4,7,6,14,0	1,0,0,3,1,0,5,0	3,1,2,9,5,3,3,1	299	75	0.000579094797765	0.0267193863068	0.143,0.201,0.059,0.244,0.201,0.091,0.201,0.201,0.201,0.167,0.143,0.501,0.077,0.158,0.751,0.111,0.239,0.067,0.077,0.125,1.0	0.077,0.0,0.0,0.077,0.048,0.0,0.295,0.0	0.174
7644	ENSG00000177752	YIPF7	chr4	-	44635334	44636085	44635921	44636085	44629402	44629548	7644	12,6,18,19,9,10,9,7,17,9,6,11,17,15,6,13,27,23,21,53,15	2,0,1,2,0,0,0,0,3,0,0,2,0,0,1,4,0,2,2,7,3	12,23,18,13,12,13,7,4	1,0,1,0,0,0,0,0	662	75	2.17387247425e-07	3.93120293247e-05	0.405,1.0,0.671,0.518,1.0,1.0,1.0,1.0,0.391,1.0,1.0,0.384,1.0,1.0,0.405,0.269,1.0,0.566,0.543,0.462,0.362	0.576,1.0,0.671,1.0,1.0,1.0,1.0,1.0	-0.193
7691	ENSG00000124356	STAMBP	chr2	+	73844812	73845036	73844812	73844888	73845166	73845262	7691	4,13,14,19,14,16,3,22,6,5,4,9,13,17,12,11,19,10,15,48,16	21,20,11,65,21,20,13,16,23,16,8,18,28,26,27,26,20,32,58,157,18	6,4,2,7,7,8,14,4	33,20,17,18,42,30,20,10	223	75	0.000734170851694	0.0324075731858	0.06,0.179,0.3,0.09,0.183,0.212,0.072,0.316,0.081,0.095,0.144,0.144,0.135,0.18,0.13,0.125,0.242,0.095,0.08,0.093,0.23	0.058,0.063,0.038,0.116,0.053,0.082,0.191,0.119	0.062
7738	ENSG00000111325	OGFOD2	chr12	+	122976870	122977166	122976870	122976963	122978324	122978569	7738	13,18,28,32,26,15,12,14,16,46,36,25,26,17,12,17,29,18,35,19,7	0,0,1,3,1,1,2,1,1,0,0,0,3,1,0,1,1,1,2,6,2	21,19,19,23,47,13,24,34	0,0,2,0,1,0,0,1	278	75	0.00105988884719	0.0418432174461	1.0,1.0,0.883,0.742,0.875,0.802,0.618,0.791,0.812,1.0,1.0,1.0,0.7,0.821,1.0,0.821,0.887,0.829,0.825,0.461,0.486	1.0,1.0,0.719,1.0,0.927,1.0,1.0,0.902	-0.117
7784	ENSG00000111667	USP5	chr12	+	6863185	6863377	6863185	6863308	6863829	6863973	7784	187,110,133,203,61,99,142,118,154,126,195,120,113,92,91,124,95,205,272,438,108	17,15,16,21,8,6,17,7,6,26,24,14,9,17,7,13,14,13,35,68,13	149,113,156,137,169,130,169,141	18,13,4,6,18,2,3,20	144	75	0.00130365307988	0.0483335366178	0.851,0.793,0.812,0.834,0.799,0.896,0.813,0.898,0.93,0.716,0.809,0.817,0.867,0.738,0.871,0.832,0.779,0.891,0.802,0.77,0.812	0.812,0.819,0.953,0.922,0.83,0.971,0.967,0.786	-0.057
7885	ENSG00000160271	RALGDS	chr9	-	133100495	133101762	133101519	133101762	133100267	133100382	7885	192,277,340,293,215,143,233,118,202,351,350,181,227,147,181,182,338,189,256,225,42	56,59,63,121,52,57,46,35,34,69,90,46,83,69,48,68,72,61,151,210,32	244,246,175,206,330,174,131,474	50,73,52,47,50,32,31,61	1099	75	8.9166151257e-06	0.000934327932611	0.19,0.243,0.269,0.142,0.22,0.146,0.257,0.187,0.288,0.258,0.21,0.212,0.157,0.127,0.205,0.154,0.243,0.175,0.104,0.068,0.082	0.25,0.187,0.187,0.23,0.311,0.271,0.224,0.347	-0.063
7893	ENSG00000106327	TFR2	chr7	-	100628072	100628306	100628223	100628306	100627906	100627974	7893	12,15,10,9,6,18,12,7,15,18,27,11,6,7,7,9,12,14,21,12,6	1,1,2,1,1,3,1,0,0,1,10,0,1,3,0,2,1,2,3,3,1	8,4,6,12,20,7,10,2	0,0,1,2,1,0,0,3	226	75	0.00097011345243	0.0397664466004	0.799,0.833,0.624,0.749,0.666,0.666,0.799,1.0,1.0,0.857,0.473,1.0,0.666,0.436,1.0,0.599,0.799,0.699,0.699,0.57,0.666	1.0,1.0,0.666,0.666,0.869,1.0,1.0,0.181	-0.055
7922	ENSG00000076864	RAP1GAP	chr1	-	21603657	21603912	21603834	21603912	21602803	21602913	7922	345,299,391,315,169,315,315,276,231,313,897,175,375,170,201,330,245,253,461,209,126	30,19,10,30,24,11,31,21,21,31,12,17,26,13,8,22,14,30,21,42,11	207,100,163,167,393,193,206,315	41,10,34,20,61,50,34,61	252	75	2.28372876165e-13	2.84501854174e-10	0.774,0.824,0.921,0.758,0.677,0.895,0.752,0.796,0.766,0.75,0.957,0.754,0.811,0.796,0.882,0.817,0.839,0.715,0.867,0.597,0.773	0.6,0.749,0.588,0.713,0.657,0.535,0.643,0.606	0.16
8074	ENSG00000167904	TMEM68	chr8	-	55773226	55773378	55773268	55773378	55763935	55763980	8074	2,4,2,3,2,2,4,1,4,3,1,0,2,0,0,4,2,1,2,10,0	14,9,6,11,3,7,6,5,8,10,10,5,10,9,5,10,6,6,23,30,9	6,1,2,11,3,1,5,3	11,6,8,5,6,6,5,2	117	75	0.000717885510066	0.0321957293554	0.084,0.222,0.176,0.149,0.299,0.155,0.299,0.114,0.243,0.161,0.06,0.0,0.114,0.0,0.0,0.204,0.176,0.097,0.053,0.176,0.0	0.259,0.097,0.138,0.585,0.243,0.097,0.391,0.49	-0.155
8138	ENSG00000166822	TMEM170A	chr16	-	75451668	75451839	75451737	75451839	75443053	75447688	8138	36,22,38,60,28,33,35,21,30,54,39,22,26,33,28,29,24,32,59,145,32	8,16,8,30,7,2,11,12,3,5,19,7,7,18,8,8,11,11,32,50,18	40,23,32,20,23,25,22,24	5,6,6,4,5,6,2,1	144	75	0.000807974514864	0.0349768735933	0.701,0.417,0.712,0.51,0.676,0.896,0.624,0.477,0.839,0.849,0.517,0.621,0.659,0.488,0.646,0.654,0.532,0.602,0.49,0.602,0.481	0.806,0.666,0.735,0.723,0.706,0.685,0.851,0.926	-0.144
8265	ENSG00000154265	ABCA5	chr17	-	69273942	69274128	69273958	69274128	69271161	69271289	8265	7,7,5,11,7,12,5,8,9,9,3,7,11,9,12,10,11,11,18,15,12	43,26,11,81,32,47,18,21,62,24,14,27,44,63,36,35,37,71,105,119,76	17,21,16,17,11,9,21,9	52,36,60,31,33,43,48,9	91	75	7.58750529042e-05	0.00535038423372	0.118,0.182,0.273,0.101,0.153,0.174,0.186,0.239,0.107,0.236,0.15,0.176,0.171,0.105,0.216,0.191,0.197,0.113,0.124,0.094,0.115	0.212,0.325,0.18,0.311,0.216,0.147,0.265,0.452	-0.101
8317	ENSG00000085832	EPS15	chr1	-	51447934	51448135	51448045	51448135	51446959	51447105	8317	15,18,12,72,29,27,19,20,13,7,18,13,26,61,17,33,25,27,51,110,56	34,31,25,96,44,31,40,27,30,50,31,35,49,43,48,69,30,47,63,313,53	10,14,10,13,26,18,7,29	37,59,30,34,48,40,17,64	186	75	0.000833126179159	0.0357893131062	0.151,0.19,0.162,0.232,0.21,0.26,0.161,0.23,0.149,0.053,0.19,0.13,0.176,0.364,0.125,0.162,0.252,0.188,0.246,0.124,0.299	0.098,0.087,0.118,0.134,0.179,0.154,0.142,0.154	0.06
8468	ENSG00000100697	DICER1	chr14	-	95131508	95132677	95132514	95132677	95130057	95130192	8468	169,145,128,496,213,232,188,111,221,196,193,173,247,294,280,300,225,245,357,530,234	0,2,1,7,3,5,3,0,1,0,13,2,9,3,1,0,1,4,7,5,7	226,205,236,171,179,135,175,196	2,0,0,0,0,1,0,0	1081	75	1.16801013306e-11	8.18483100742e-09	1.0,0.834,0.899,0.831,0.831,0.763,0.813,1.0,0.939,1.0,0.507,0.857,0.656,0.872,0.951,1.0,0.94,0.81,0.78,0.88,0.699	0.887,1.0,1.0,1.0,1.0,0.904,1.0,1.0	-0.123
8506	ENSG00000011600	TYROBP	chr19	-	35908167	35908295	35908174	35908295	35907729	35907762	8506	10,11,42,58,21,22,33,4,9,17,69,23,22,15,14,19,12,17,37,221,34	3,1,1,9,2,5,5,0,0,5,11,3,1,1,4,9,0,2,2,20,2	8,19,8,6,4,6,1,22	1,0,3,0,0,0,0,2	82	75	1.58530967219e-05	0.00146896628468	0.753,0.91,0.975,0.855,0.906,0.801,0.858,1.0,1.0,0.757,0.852,0.875,0.953,0.932,0.762,0.659,1.0,0.886,0.944,0.91,0.94	0.88,1.0,0.709,1.0,1.0,1.0,1.0,0.91	-0.055
8612	ENSG00000110427	KIAA1549L	chr11	+	33541801	33544336	33541801	33542146	33544766	33545378	8612	990,705,589,567,634,527,714,637,775,910,494,767,747,409,552,714,851,895,1388,1188,774	118,82,97,90,57,58,100,82,89,152,87,54,81,61,73,60,88,131,219,164,59	1398,931,1477,1159,1438,1065,1295,419	139,91,141,89,96,87,133,50	2265	75	1.35165434478e-06	0.000187095660663	0.217,0.222,0.167,0.173,0.269,0.231,0.191,0.205,0.224,0.165,0.158,0.32,0.234,0.182,0.2,0.283,0.243,0.184,0.173,0.193,0.303	0.25,0.253,0.258,0.301,0.332,0.288,0.244,0.217	-0.052
8709	ENSG00000263293	EFCAB13-DT	chr17	-	47490144	47490295	47490165	47490295	47488628	47488955	8709	2,3,4,8,2,2,4,0,3,3,1,2,2,1,2,4,7,2,8,4,2	2,0,0,7,1,5,0,1,2,1,6,5,2,1,2,0,1,2,2,2,0	3,4,3,2,8,3,1,2	0,0,0,0,1,0,1,1	96	75	6.43475273066e-10	2.40488158721e-07	0.439,1.0,1.0,0.472,0.61,0.238,1.0,0.0,0.54,0.701,0.115,0.238,0.439,0.439,0.439,1.0,0.845,0.439,0.758,0.61,1.0	1.0,1.0,1.0,1.0,0.862,1.0,0.439,0.61	-0.277
8750	ENSG00000132591	ERAL1	chr17	+	28856504	28856685	28856504	28856582	28857938	28857985	8750	6,9,13,14,8,9,3,5,5,14,9,6,5,10,7,5,5,2,11,7,5	44,35,26,56,22,28,38,22,28,37,49,40,45,29,27,26,38,37,82,155,43	14,11,7,7,14,7,3,18	29,26,35,23,20,26,37,32	178	75	7.48086546086e-05	0.00530857364223	0.054,0.098,0.174,0.095,0.133,0.119,0.032,0.087,0.07,0.138,0.072,0.059,0.045,0.127,0.098,0.075,0.053,0.022,0.053,0.019,0.047	0.169,0.151,0.078,0.114,0.228,0.102,0.033,0.192	-0.054
8779	ENSG00000105717	PBX4	chr19	-	19570585	19570833	19570686	19570833	19570108	19570299	8779	5,9,4,7,4,6,4,2,5,2,11,6,2,9,1,6,3,5,12,4,2	0,6,3,1,3,0,0,0,0,2,3,2,2,2,0,0,0,0,0,0,0	4,3,1,2,8,1,4,4	5,0,5,0,2,1,0,2	176	75	0.000232178551703	0.013524692819	1.0,0.39,0.362,0.749,0.362,1.0,1.0,1.0,1.0,0.299,0.61,0.561,0.299,0.657,1.0,1.0,1.0,1.0,1.0,1.0,1.0	0.254,1.0,0.079,1.0,0.63,0.299,1.0,0.46	0.185
8896	ENSG00000143110	C1orf162	chr1	+	111476797	111477078	111476797	111476867	111477333	111477428	8896	27,15,13,29,16,14,18,9,9,26,8,11,15,20,11,20,20,4,15,37,22	0,0,0,9,1,1,1,0,2,0,0,0,4,9,1,1,1,0,5,7,7	10,19,7,15,10,4,5,9	0,0,0,1,2,2,0,0	286	75	1.36726408195e-05	0.00131023631511	1.0,1.0,1.0,0.458,0.808,0.786,0.825,1.0,0.541,1.0,1.0,1.0,0.496,0.368,0.743,0.84,0.84,1.0,0.44,0.581,0.452	1.0,1.0,1.0,0.797,0.567,0.344,1.0,1.0	-0.068
9014	ENSG00000011454	RABGAP1	chr9	+	123065347	123065601	123065347	123065461	123073551	123073677	9014	21,14,7,30,26,27,11,17,25,28,18,18,27,13,17,27,14,15,15,26,13	0,1,1,11,0,2,0,1,1,0,7,0,0,3,0,0,0,2,4,3,0	21,9,20,13,20,17,22,11	1,0,1,0,0,0,1,1	215	75	6.40303631338e-07	0.000107150512158	1.0,0.83,0.709,0.488,1.0,0.825,1.0,0.856,0.897,1.0,0.473,1.0,1.0,0.602,1.0,1.0,1.0,0.723,0.567,0.751,1.0	0.88,1.0,0.875,1.0,1.0,1.0,0.885,0.793	-0.085
9117	ENSG00000231064	THBS3-AS1	chr1	+	155196850	155197278	155196850	155197017	155198402	155198618	9117	101,65,48,99,70,50,84,45,40,75,273,50,73,36,36,33,56,46,69,71,31	7,10,9,9,16,5,11,8,7,2,24,3,9,9,3,3,11,7,27,24,14	64,78,40,60,96,26,48,51	6,2,3,5,8,4,1,3	336	75	0.000349286384194	0.0185912129305	0.763,0.592,0.543,0.711,0.494,0.691,0.63,0.557,0.561,0.893,0.717,0.788,0.644,0.472,0.728,0.711,0.532,0.595,0.363,0.398,0.331	0.704,0.897,0.749,0.728,0.728,0.592,0.915,0.791	-0.158
9147	ENSG00000184922	FMNL1	chr17	+	45232366	45232480	45232366	45232450	45233223	45233297	9147	21,19,16,35,16,12,16,13,11,25,24,19,13,11,8,14,17,9,14,65,8	2,2,3,11,3,1,4,2,1,4,7,3,4,3,1,3,1,4,3,4,1	24,14,27,18,18,13,20,38	1,3,2,0,0,0,0,4	105	75	3.16658316557e-06	0.00039891831969	0.882,0.872,0.792,0.694,0.792,0.896,0.741,0.823,0.887,0.817,0.71,0.819,0.699,0.724,0.851,0.769,0.924,0.616,0.769,0.921,0.851	0.945,0.769,0.906,1.0,1.0,1.0,1.0,0.872	-0.134
9199	ENSG00000224078	SNHG14	chr15	+	25099144	25100290	25099144	25099278	25100778	25100890	9199	362,399,330,511,279,322,317,268,303,303,249,296,313,359,231,340,326,319,569,453,372	94,64,41,89,65,45,34,40,61,106,46,62,41,55,65,76,70,106,99,142,57	334,226,388,336,296,227,334,192	84,92,111,68,70,106,100,31	1087	75	8.64513214519e-05	0.005946578013	0.21,0.301,0.357,0.284,0.228,0.331,0.391,0.316,0.255,0.165,0.272,0.248,0.345,0.311,0.197,0.236,0.243,0.172,0.284,0.18,0.31	0.215,0.145,0.194,0.254,0.226,0.129,0.187,0.299	0.062
9363	ENSG00000067840	PDZD4	chrX	-	153808341	153808595	153808359	153808595	153807278	153807369	9363	26,30,36,42,21,20,31,17,20,40,55,34,24,11,13,11,42,40,47,82,14	19,24,23,38,10,21,25,22,16,41,35,18,19,14,13,17,30,41,40,73,12	45,39,28,28,55,20,44,27	19,16,23,16,9,5,11,9	93	75	2.1941965197e-06	0.000292872992606	0.525,0.502,0.558,0.471,0.629,0.434,0.5,0.384,0.502,0.44,0.559,0.604,0.505,0.388,0.446,0.343,0.53,0.44,0.487,0.475,0.485	0.656,0.663,0.495,0.585,0.831,0.763,0.763,0.708	-0.197
9595	ENSG00000106278	PTPRZ1	chr7	+	122010333	122013889	122010333	122011309	122019123	122019268	9595	4089,4849,2757,7361,4069,3691,3157,4152,4715,3533,3799,4280,5392,6625,3128,3853,6483,4745,12758,27153,8352	8,7,7,24,29,6,2,2,5,2,12,5,4,8,4,3,14,11,20,36,18	3475,4972,2702,2434,3464,2492,1371,1738	21,49,20,26,15,25,11,7	2655	75	0	0.0	0.935,0.951,0.918,0.897,0.799,0.946,0.978,0.983,0.964,0.98,0.899,0.96,0.974,0.959,0.957,0.973,0.929,0.924,0.947,0.955,0.929	0.824,0.741,0.792,0.726,0.867,0.738,0.779,0.875	0.148
9623	ENSG00000107521	HPS1	chr10	-	98429458	98429642	98429572	98429642	98427214	98427264	9623	7,8,9,23,4,15,14,10,7,8,19,7,10,15,9,4,11,6,19,18,11	30,25,27,40,16,24,23,24,23,37,37,27,17,18,10,34,18,25,43,129,18	8,10,5,5,5,5,13,6	33,26,32,20,52,35,23,39	189	75	0.00124246124066	0.0469039576777	0.085,0.113,0.117,0.186,0.09,0.199,0.195,0.142,0.108,0.079,0.169,0.093,0.189,0.249,0.263,0.045,0.195,0.087,0.149,0.052,0.195	0.088,0.132,0.058,0.09,0.037,0.054,0.183,0.058	0.055
10048	ENSG00000141837	CACNA1A	chr19	-	13210616	13212216	13212102	13212216	13209311	13209498	10048	134,150,175,145,165,185,121,88,150,224,307,125,120,104,99,95,155,136,213,56,53	16,26,18,10,4,20,14,11,15,28,25,11,14,3,10,21,8,24,15,19,6	193,139,163,217,392,151,173,171	6,5,2,4,12,4,2,5	1561	75	1.68420832836e-13	2.48645215528e-10	0.287,0.217,0.318,0.411,0.665,0.308,0.293,0.278,0.325,0.278,0.371,0.353,0.292,0.625,0.322,0.179,0.482,0.214,0.406,0.124,0.298	0.607,0.572,0.797,0.723,0.611,0.645,0.806,0.622	-0.337
10185	ENSG00000129657	SEC14L1	chr17	+	77088748	77088985	77088748	77088949	77089152	77089271	10185	2,0,3,2,1,2,4,2,4,3,4,2,1,2,0,2,3,1,0,0,0	19,19,20,34,15,36,26,15,15,33,39,14,14,19,16,16,17,18,25,52,35	3,6,3,2,4,0,1,5	14,9,14,13,29,7,8,10	111	75	0.000181306966902	0.0110479006136	0.066,0.0,0.092,0.038,0.043,0.036,0.094,0.083,0.153,0.058,0.065,0.088,0.046,0.066,0.0,0.078,0.107,0.036,0.0,0.0,0.0	0.126,0.311,0.126,0.094,0.085,0.0,0.078,0.253	-0.079
10205	ENSG00000154556	SORBS2	chr4	-	185622913	185627019	185626831	185627019	185620062	185620151	10205	1530,1361,1131,1317,1163,1168,1075,951,1216,1583,1636,968,1121,785,1012,1205,1208,1414,2494,1393,952	6,13,8,17,15,2,12,6,9,8,10,8,18,10,4,4,9,8,21,33,5	1638,1134,1736,1431,1934,1198,1522,813	3,11,5,3,4,7,5,6	3993	75	0.000143377521123	0.00913379981154	0.827,0.663,0.726,0.593,0.593,0.916,0.627,0.749,0.717,0.788,0.754,0.694,0.539,0.596,0.826,0.85,0.716,0.769,0.69,0.442,0.781	0.911,0.659,0.867,0.9,0.901,0.763,0.851,0.718	-0.114
10262	ENSG00000196924	FLNA	chrX	-	154365744	154366224	154366023	154366224	154365348	154365486	10262	97,43,67,35,52,40,49,41,35,78,163,33,50,37,33,43,64,30,73,46,28	31,83,58,39,83,18,109,31,20,93,95,48,56,41,26,15,69,10,123,80,33	43,63,53,82,116,39,57,59	13,39,21,21,35,13,11,70	354	75	1.5061637515e-07	2.91157034169e-05	0.399,0.099,0.197,0.16,0.117,0.32,0.087,0.219,0.27,0.151,0.267,0.127,0.159,0.161,0.212,0.378,0.164,0.389,0.112,0.109,0.152	0.412,0.255,0.348,0.453,0.413,0.389,0.523,0.152	-0.166
10369	ENSG00000168488	ATXN2L	chr16	+	28835932	28836176	28835932	28836122	28836325	28836490	10369	15,18,19,18,14,10,16,16,13,21,27,12,21,5,8,18,11,11,17,20,4	2,3,2,2,1,2,1,0,4,0,1,1,0,2,1,3,0,4,3,10,3	17,6,18,13,45,13,11,28	1,2,1,0,1,1,2,0	129	75	4.73645173417e-05	0.00355891540106	0.813,0.777,0.847,0.84,0.891,0.744,0.903,1.0,0.654,1.0,0.94,0.875,1.0,0.592,0.823,0.777,1.0,0.615,0.767,0.538,0.437	0.908,0.636,0.913,1.0,0.963,0.883,0.762,1.0	-0.082
10374	ENSG00000073670	ADAM11	chr17	+	44772398	44772466	44772398	44772462	44772856	44772931	10374	68,69,62,57,33,44,58,57,54,90,74,50,59,31,33,45,51,66,116,80,25	14,8,6,9,10,4,10,5,9,11,17,10,4,2,8,10,8,9,7,8,0	72,53,62,65,89,49,66,50	10,7,16,21,29,20,15,17	79	75	4.57432195156e-06	0.000534242684593	0.822,0.891,0.907,0.857,0.758,0.913,0.846,0.915,0.851,0.886,0.805,0.826,0.933,0.936,0.797,0.81,0.858,0.874,0.94,0.905,1.0	0.872,0.878,0.786,0.746,0.744,0.699,0.807,0.736	0.089
10441	ENSG00000196911	KPNA5	chr6	+	116681492	116681634	116681492	116681552	116689319	116689453	10441	6,2,5,7,5,8,3,3,3,5,8,3,4,3,3,4,4,3,5,7,3	1,1,0,3,3,4,0,3,1,0,3,2,1,1,0,0,1,1,2,8,4	5,4,9,5,5,5,6,8	0,1,3,1,1,1,0,0	157	75	3.15099113023e-05	0.00255715338057	0.741,0.489,1.0,0.527,0.443,0.489,1.0,0.323,0.589,1.0,0.56,0.417,0.656,0.589,1.0,1.0,0.656,0.589,0.544,0.295,0.264	1.0,0.656,0.589,0.705,0.705,0.705,1.0,1.0	-0.168
10466	ENSG00000135968	GCC2	chr2	+	108449632	108451112	108449632	108449689	108452398	108452466	10466	175,139,132,292,125,206,104,132,160,130,109,129,163,139,145,209,147,168,261,358,135	0,0,2,0,1,1,1,0,3,3,0,1,0,2,2,0,1,2,0,0,0	173,132,182,184,202,124,145,58	4,0,1,0,9,2,3,0	1498	75	7.00276663212e-07	0.00011546326394	1.0,1.0,0.768,1.0,0.862,0.912,0.839,1.0,0.728,0.684,1.0,0.866,1.0,0.777,0.784,1.0,0.88,0.808,1.0,1.0,1.0	0.684,1.0,0.901,1.0,0.529,0.756,0.708,1.0	0.078
10524	ENSG00000203875	SNHG5	chr6	-	85678402	85678733	85678693	85678733	85678135	85678188	10524	165,138,156,96,114,107,181,115,101,180,224,104,145,105,107,111,162,88,156,296,79	8,4,3,4,4,3,12,3,7,7,30,8,4,3,4,5,1,1,6,14,9	63,77,104,129,206,76,75,116	1,3,1,3,3,0,0,0	366	75	1.07822532014e-08	2.62805701944e-06	0.809,0.876,0.914,0.831,0.854,0.88,0.756,0.887,0.747,0.84,0.605,0.727,0.881,0.878,0.846,0.82,0.971,0.947,0.842,0.812,0.643	0.928,0.84,0.955,0.898,0.934,1.0,1.0,1.0	-0.117
10529	ENSG00000203875	SNHG5	chr6	-	85678497	85678748	85678693	85678748	85678135	85678188	10529	111,78,101,57,72,70,126,74,66,125,150,70,93,65,68,73,101,51,110,183,47	8,4,3,4,4,3,12,3,7,7,30,8,4,3,4,5,1,1,6,14,9	38,51,73,83,142,51,57,61	1,3,1,3,3,0,0,0	271	75	1.21968050104e-08	2.9095867612e-06	0.793,0.844,0.903,0.798,0.833,0.866,0.744,0.872,0.723,0.832,0.58,0.708,0.865,0.857,0.825,0.802,0.965,0.934,0.835,0.783,0.591	0.913,0.825,0.953,0.884,0.929,1.0,1.0,1.0	-0.131
10609	ENSG00000072110	ACTN1	chr14	-	68878457	68879069	68878988	68879069	68877081	68877240	10609	266,189,226,143,207,169,197,144,168,205,314,157,183,141,114,126,177,174,245,144,66	7,12,22,12,14,5,17,8,4,10,9,8,26,20,5,6,13,3,11,19,3	219,170,206,193,250,139,194,127	2,8,2,5,7,5,4,4	606	75	2.47342645276e-06	0.000322465783585	0.825,0.661,0.56,0.596,0.647,0.807,0.589,0.69,0.839,0.717,0.812,0.708,0.466,0.466,0.738,0.722,0.628,0.878,0.734,0.484,0.731	0.931,0.725,0.927,0.827,0.816,0.775,0.857,0.797	-0.151
10754	ENSG00000223745	CCDC18-AS1	chr1	-	93345539	93345846	93345723	93345846	93340457	93340510	10754	12,18,16,14,11,15,14,9,17,25,5,1,4,8,11,24,13,10,11,12,8	3,1,12,19,10,14,13,3,9,10,11,4,7,3,15,8,17,26,25,27,7	6,12,7,4,7,3,4,10	17,20,13,12,9,10,13,6	259	75	0.00109019739828	0.0425898718798	0.537,0.839,0.279,0.176,0.242,0.237,0.238,0.465,0.354,0.42,0.116,0.068,0.142,0.436,0.175,0.465,0.181,0.1,0.113,0.114,0.249	0.093,0.148,0.135,0.088,0.184,0.08,0.082,0.326	0.141
10995	ENSG00000196338	NLGN3	chrX	+	71147549	71148905	71147549	71148206	71155213	71155363	10995	22,28,47,32,22,22,10,10,30,34,64,18,38,18,16,33,28,42,44,12,9	9,20,6,49,21,17,25,21,15,20,23,19,16,15,23,26,13,21,56,142,16	41,14,29,55,80,24,25,95	18,16,23,13,10,11,11,25	774	75	2.67531803178e-06	0.000344777767498	0.192,0.119,0.432,0.06,0.092,0.111,0.037,0.044,0.162,0.141,0.212,0.084,0.187,0.104,0.063,0.11,0.173,0.162,0.071,0.008,0.052	0.181,0.078,0.109,0.291,0.437,0.175,0.18,0.269	-0.09
11072	ENSG00000110321	EIF4G2	chr11	-	10801660	10802209	10802048	10802209	10800961	10801087	11072	601,462,391,792,420,376,396,415,511,663,453,479,469,370,372,532,478,818,1086,3196,723	5,8,8,44,14,12,7,8,11,11,58,10,18,20,9,10,10,13,42,100,14	732,560,748,373,489,667,594,321	7,18,12,7,7,9,3,2	463	75	1.20126513059e-06	0.000172674162105	0.951,0.903,0.888,0.745,0.829,0.835,0.902,0.894,0.883,0.907,0.559,0.886,0.808,0.75,0.87,0.896,0.886,0.911,0.807,0.838,0.893	0.944,0.834,0.91,0.896,0.919,0.923,0.97,0.963	-0.07
11101	ENSG00000129933	MAU2	chr19	+	19347279	19347366	19347279	19347363	19348888	19348938	11101	7,10,8,15,12,13,9,13,5,25,32,8,5,14,9,17,17,16,24,41,6	1,1,2,11,3,1,1,2,2,2,3,2,0,0,1,0,2,2,7,1,5	13,16,19,11,23,8,9,7	0,2,0,2,0,2,0,0	78	75	1.31093696287e-06	0.000186053483895	0.871,0.906,0.794,0.567,0.794,0.926,0.896,0.862,0.706,0.923,0.911,0.794,1.0,1.0,0.896,1.0,0.891,0.885,0.767,0.975,0.536	1.0,0.885,1.0,0.841,1.0,0.794,1.0,1.0	-0.088
11116	ENSG00000127586	CHTF18	chr16	+	788623	788775	788623	788756	788930	789125	11116	13,11,27,17,16,22,11,10,17,19,94,14,17,9,2,15,21,11,12,17,6	3,1,1,3,1,4,2,1,0,4,5,0,2,0,1,2,1,4,2,3,0	22,9,12,14,36,10,10,29	0,0,0,3,1,0,1,0	94	75	0.000330813818572	0.0178321371819	0.776,0.898,0.956,0.819,0.927,0.814,0.814,0.889,1.0,0.791,0.938,1.0,0.871,1.0,0.615,0.857,0.944,0.687,0.827,0.819,1.0	1.0,1.0,1.0,0.788,0.966,1.0,0.889,1.0	-0.087
11147	ENSG00000176978	DPP7	chr9	-	137112719	137112805	137112744	137112805	137112132	137112230	11147	16,27,38,25,23,20,20,8,19,25,42,12,15,15,8,15,21,9,22,9,10	102,80,98,115,66,71,95,70,64,132,203,91,65,56,60,68,90,108,152,362,76	13,20,14,34,39,14,17,46	60,63,72,101,96,53,58,66	100	75	4.75314436421e-06	0.000549404686717	0.105,0.202,0.225,0.14,0.207,0.174,0.136,0.079,0.182,0.124,0.134,0.09,0.148,0.167,0.091,0.142,0.149,0.059,0.098,0.018,0.09	0.14,0.192,0.127,0.202,0.234,0.165,0.18,0.343	-0.066
11198	ENSG00000084764	MAPRE3	chr2	+	27024095	27024297	27024095	27024252	27025582	27025737	11198	198,164,94,241,147,126,119,131,190,149,90,162,130,110,113,142,146,180,286,405,78	60,55,42,75,24,80,54,37,71,36,83,31,52,63,36,44,42,65,108,71,43	269,172,248,124,293,216,209,87	25,18,34,17,39,27,20,15	120	75	0	0.0	0.673,0.651,0.583,0.668,0.793,0.496,0.579,0.689,0.626,0.721,0.404,0.766,0.61,0.522,0.662,0.669,0.685,0.634,0.623,0.781,0.531	0.871,0.857,0.82,0.82,0.824,0.833,0.867,0.784	-0.198
11237	ENSG00000177410	ZFAS1	chr20	+	49280484	49280964	49280484	49280570	49289044	49289260	11237	55,84,55,129,73,90,106,80,74,81,125,56,96,86,66,57,75,52,130,159,105	14,17,17,31,18,13,16,11,13,10,82,16,14,23,10,12,16,11,20,18,27	63,43,95,42,64,59,52,39	9,4,10,7,6,8,5,4	469	75	0.000380815062229	0.019859062687	0.386,0.441,0.341,0.4,0.393,0.525,0.514,0.538,0.477,0.564,0.196,0.359,0.523,0.374,0.513,0.432,0.428,0.431,0.51,0.586,0.383	0.528,0.632,0.603,0.49,0.63,0.541,0.624,0.609	-0.139
11294	ENSG00000151612	ZNF827	chr4	-	145764974	145765165	145764987	145765165	145763089	145763122	11294	1,0,3,2,0,2,2,0,0,0,1,1,1,3,2,0,2,0,0,2,0	7,1,3,0,7,2,4,2,6,2,4,4,4,9,1,4,4,2,7,5,2	0,3,2,3,2,1,1,2	8,1,6,7,3,5,6,2	88	75	0.000511492123805	0.0244036157111	0.109,0.0,0.46,1.0,0.0,0.46,0.299,0.0,0.0,0.0,0.176,0.176,0.176,0.221,0.63,0.0,0.299,0.0,0.0,0.254,0.0	0.0,0.719,0.221,0.268,0.362,0.146,0.124,0.46	-0.085
11402	ENSG00000214021	TTLL3	chr3	+	9817644	9818920	9817644	9817759	9820545	9820741	11402	206,210,173,338,303,260,244,171,203,246,457,152,202,241,187,216,210,192,354,286,113	0,0,0,6,1,0,1,1,3,1,2,2,0,2,3,0,1,5,4,6,3	254,169,182,202,315,175,105,281	0,2,0,0,0,0,1,2	1236	75	2.10543499635e-07	3.86985855395e-05	1.0,1.0,1.0,0.774,0.948,1.0,0.937,0.912,0.804,0.937,0.933,0.822,1.0,0.88,0.791,1.0,0.927,0.7,0.843,0.743,0.696	1.0,0.837,1.0,1.0,1.0,1.0,0.864,0.895	-0.062
11565	ENSG00000133739	LRRCC1	chr8	+	85107237	85107718	85107237	85107399	85109594	85109800	11565	1,12,10,34,11,30,11,12,8,17,21,13,9,13,23,24,11,33,20,84,15	1,6,2,12,6,5,4,0,1,3,9,2,1,12,1,1,1,2,4,26,6	8,13,26,6,23,9,7,7	1,0,1,1,2,1,0,0	394	75	8.76705418262e-08	1.78720384537e-05	0.16,0.276,0.488,0.35,0.259,0.533,0.344,1.0,0.604,0.519,0.308,0.553,0.631,0.171,0.814,0.82,0.677,0.759,0.488,0.381,0.322	0.604,1.0,0.832,0.533,0.686,0.631,1.0,1.0	-0.288
11604	ENSG00000058262	SEC61A1	chr3	+	128064876	128065884	128064876	128065037	128066953	128067151	11604	68,49,71,143,106,63,69,63,62,73,102,71,106,66,67,64,90,66,96,108,53	32,30,29,82,27,41,19,18,25,47,46,29,27,49,30,46,32,58,122,301,91	57,98,70,52,71,60,97,47	48,30,38,19,12,21,27,6	922	75	0.000131306990819	0.00846099989116	0.147,0.117,0.166,0.124,0.242,0.111,0.228,0.222,0.168,0.112,0.153,0.166,0.242,0.099,0.154,0.102,0.186,0.085,0.06,0.028,0.045	0.088,0.21,0.13,0.182,0.325,0.189,0.226,0.389	-0.077
11649	ENSG00000198000	NOL8	chr9	-	92325305	92325350	92325317	92325350	92324022	92324209	11649	0,3,4,3,1,0,0,4,0,2,1,2,1,4,2,8,7,2,8,4,2	1,1,2,2,1,1,1,1,1,3,1,1,1,1,1,1,0,1,2,10,2	0,2,4,6,1,1,4,4	3,0,0,0,3,0,1,0	87	75	0.000367890175329	0.0193651861305	0.0,0.721,0.633,0.564,0.463,0.0,0.0,0.775,0.0,0.365,0.463,0.633,0.463,0.775,0.633,0.873,1.0,0.633,0.775,0.256,0.463	0.0,1.0,1.0,1.0,0.223,1.0,0.775,1.0	-0.25
11803	ENSG00000107104	KANK1	chr9	+	710803	713749	710803	713464	730050	730248	11803	10,11,1,19,15,12,11,6,11,17,27,9,20,14,10,13,17,7,22,38,8	22,28,10,41,44,19,28,17,26,29,36,25,21,26,20,19,22,26,52,187,22	12,15,11,14,15,12,12,25	17,16,21,11,12,17,13,33	360	75	2.53554309799e-05	0.0020750736653	0.087,0.076,0.02,0.088,0.066,0.116,0.076,0.068,0.081,0.109,0.135,0.07,0.166,0.101,0.094,0.125,0.139,0.053,0.081,0.041,0.07	0.128,0.163,0.098,0.21,0.207,0.128,0.161,0.136	-0.065
11841	ENSG00000186166	CENATAC	chr11	+	119011938	119012254	119011938	119012003	119013231	119013262	11841	55,61,51,151,46,79,45,38,63,75,103,53,61,91,63,67,66,72,118,90,38	2,0,1,0,1,2,0,1,1,5,2,1,0,0,2,0,0,1,1,4,1	60,62,57,78,80,46,56,36	6,3,3,3,8,4,0,1	326	75	1.87977522437e-10	8.78168325652e-08	0.864,1.0,0.921,1.0,0.914,0.901,1.0,0.897,0.935,0.775,0.922,0.924,1.0,1.0,0.879,1.0,1.0,0.943,0.964,0.838,0.897	0.697,0.826,0.814,0.857,0.697,0.726,1.0,0.892	0.118
12039	ENSG00000141279	NPEPPS	chr17	+	47619277	47619495	47619277	47619372	47619736	47619784	12039	20,28,19,28,18,31,17,21,16,19,25,26,18,8,22,13,21,12,13,4,3	2,0,3,0,0,2,4,2,3,1,1,3,2,0,0,0,4,1,2,4,2	8,8,21,13,24,5,9,13	1,0,3,3,0,1,0,0	198	75	0.00100019321762	0.0399129544136	0.791,1.0,0.706,1.0,1.0,0.854,0.617,0.799,0.669,0.878,0.904,0.767,0.773,1.0,1.0,1.0,0.665,0.82,0.711,0.275,0.362	0.752,1.0,0.726,0.621,1.0,0.654,1.0,1.0	-0.054
12054	ENSG00000116521	SCAMP3	chr1	-	155261278	155261734	155261656	155261734	155260536	155260659	12054	6,9,19,30,9,10,7,17,14,21,52,8,13,16,12,11,14,18,22,16,5	36,17,39,28,14,26,33,17,16,29,23,19,16,18,14,17,13,22,37,81,19	24,24,17,22,40,13,14,32	18,25,21,9,30,22,11,17	453	75	5.72624415573e-06	0.000635669796773	0.027,0.081,0.075,0.151,0.096,0.06,0.034,0.142,0.127,0.107,0.272,0.065,0.119,0.128,0.124,0.097,0.151,0.119,0.09,0.032,0.042	0.181,0.137,0.118,0.288,0.181,0.089,0.174,0.238	-0.074
12069	ENSG00000174652	ZNF266	chr19	-	9418761	9419299	9419050	9419299	9418504	9418631	12069	26,43,22,60,57,63,25,19,23,19,88,13,65,40,21,30,43,37,44,16,31	1,0,1,0,0,2,0,1,0,0,4,0,1,0,0,0,1,0,0,1,0	44,26,66,29,38,52,17,45	1,1,2,0,3,5,0,1	364	75	0.00110678774968	0.0428025968879	0.843,1.0,0.819,1.0,1.0,0.866,1.0,0.797,1.0,1.0,0.819,1.0,0.931,1.0,1.0,1.0,0.899,1.0,1.0,0.767,1.0	0.901,0.843,0.872,1.0,0.723,0.682,1.0,0.903	0.075
12179	ENSG00000168259	DNAJC7	chr17	-	42016586	42017151	42017039	42017151	42000481	42000570	12179	68,17,18,54,21,23,46,32,10,19,46,10,17,24,19,30,25,23,29,93,17	2,1,0,4,0,0,2,0,3,2,3,2,0,1,0,1,0,1,3,1,3	36,27,24,44,38,21,33,34	1,1,0,0,0,0,1,1	528	75	0.00028137146211	0.0156952081253	0.828,0.707,1.0,0.657,1.0,1.0,0.766,1.0,0.321,0.574,0.685,0.415,1.0,0.773,1.0,0.81,1.0,0.766,0.579,0.93,0.446	0.836,0.793,1.0,1.0,1.0,1.0,0.824,0.828	-0.136
12340	ENSG00000187109	NAP1L1	chr12	-	76059776	76059878	76059797	76059878	76057743	76057776	12340	24,9,8,22,8,15,11,6,3,5,10,17,8,11,10,15,13,13,22,39,14	12,7,4,13,6,7,8,10,11,5,17,6,10,0,8,11,4,18,8,40,4	6,2,11,10,9,5,6,2	35,10,34,20,35,20,27,9	96	75	3.99680288865e-15	8.96243079751e-12	0.61,0.501,0.61,0.569,0.51,0.626,0.518,0.319,0.176,0.439,0.315,0.689,0.385,1.0,0.494,0.516,0.717,0.361,0.682,0.432,0.732	0.118,0.135,0.202,0.281,0.167,0.163,0.148,0.148	0.363
12348	ENSG00000293042	NA	chr18	-	15196888	15197228	15197085	15197228	15185841	15185935	12348	9,9,19,31,16,12,10,12,12,22,12,16,22,26,6,12,15,14,49,18,13	6,1,2,4,4,3,3,2,2,5,0,1,0,3,1,2,0,6,6,14,6	24,12,20,20,25,25,14,16	1,0,4,0,2,1,2,0	272	75	0.000119942056504	0.00777335455216	0.293,0.713,0.724,0.681,0.524,0.524,0.479,0.623,0.623,0.548,1.0,0.815,1.0,0.705,0.623,0.623,1.0,0.391,0.692,0.262,0.374	0.869,1.0,0.58,1.0,0.775,0.873,0.659,1.0	-0.215
12478	ENSG00000110756	HPS5	chr11	-	18321945	18322174	18322132	18322174	18311913	18312024	12478	19,25,18,36,20,25,24,13,20,22,29,17,25,33,10,19,31,9,42,57,23	0,2,1,5,2,1,2,0,3,0,3,1,1,2,0,3,0,0,1,7,1	10,13,19,15,25,12,15,23	1,0,1,1,0,0,0,2	262	75	0.00113430772329	0.0437039800465	1.0,0.782,0.837,0.673,0.741,0.877,0.775,1.0,0.656,1.0,0.735,0.83,0.877,0.825,1.0,0.645,1.0,1.0,0.923,0.7,0.868	0.741,1.0,0.845,0.811,1.0,1.0,1.0,0.767	-0.051
12799	ENSG00000255036	SUGT1P4-STRA6LP-CCDC180	chr9	+	97323780	97323938	97323780	97323903	97325018	97325192	12799	0,2,1,1,0,1,1,0,3,5,4,1,3,0,0,2,5,1,0,1,1	14,20,19,7,14,18,23,11,18,22,46,6,20,21,11,10,22,10,12,15,5	3,4,4,6,12,1,1,4	13,8,2,17,22,10,11,18	110	75	5.11018487526e-08	1.08104514757e-05	0.0,0.064,0.035,0.089,0.0,0.036,0.029,0.0,0.102,0.134,0.056,0.102,0.093,0.0,0.0,0.12,0.134,0.064,0.0,0.043,0.12	0.136,0.254,0.577,0.194,0.271,0.064,0.058,0.132	-0.153
12857	ENSG00000181991	MRPS11	chr15	+	88467907	88469145	88467907	88468024	88475109	88475239	12857	78,73,61,206,96,127,94,79,84,105,126,70,104,77,87,95,71,131,138,201,105	1,2,4,5,2,0,5,0,3,2,1,0,2,4,1,6,3,0,5,38,1	93,89,97,82,106,59,86,67	3,1,0,2,0,0,0,1	1196	75	4.54581869025e-06	0.000534242684593	0.83,0.696,0.489,0.721,0.751,1.0,0.541,1.0,0.637,0.767,0.888,1.0,0.765,0.547,0.845,0.498,0.597,1.0,0.634,0.249,0.868	0.66,0.848,1.0,0.72,1.0,1.0,1.0,0.808	-0.15
12873	ENSG00000213983	AP1G2	chr14	-	23565815	23566160	23566063	23566160	23565605	23565701	12873	83,86,149,77,107,162,79,58,57,129,357,39,120,107,45,64,92,34,80,17,8	71,58,61,27,52,98,50,49,59,146,90,59,50,65,35,38,51,30,39,25,22	54,58,60,54,150,43,67,94	54,76,60,88,156,46,56,84	323	75	4.29186050133e-06	0.000517423010117	0.213,0.256,0.362,0.398,0.323,0.277,0.268,0.216,0.183,0.17,0.479,0.133,0.358,0.277,0.23,0.281,0.295,0.208,0.323,0.136,0.078	0.188,0.151,0.188,0.125,0.183,0.178,0.217,0.206	0.081
12924	ENSG00000198561	CTNND1	chr11	+	57761796	57762119	57761796	57762046	57791384	57791673	12924	20,6,10,25,7,12,13,15,11,24,38,8,17,13,10,8,11,3,9,15,7	1,1,1,3,0,0,3,2,1,2,3,0,3,2,0,0,0,1,2,3,0	11,11,12,16,28,7,4,6	0,0,0,0,0,0,0,0	148	75	0.000349870311126	0.0185912129305	0.91,0.753,0.835,0.809,1.0,1.0,0.687,0.792,0.848,0.859,0.865,1.0,0.742,0.767,1.0,1.0,1.0,0.603,0.695,0.717,1.0	1.0,1.0,1.0,1.0,1.0,1.0,1.0,1.0	-0.148
12928	ENSG00000198561	CTNND1	chr11	+	57761796	57762119	57761796	57762046	57795576	57795729	12928	20,6,10,25,7,12,13,15,11,24,38,8,16,13,10,8,11,3,9,15,7	2,2,3,2,1,1,2,1,1,4,0,1,0,4,0,0,0,1,1,5,1	11,8,12,16,28,7,4,6	1,3,0,1,0,1,0,0	148	75	3.78361419819e-05	0.00290989692994	0.835,0.603,0.628,0.864,0.78,0.859,0.767,0.884,0.848,0.753,1.0,0.802,1.0,0.622,1.0,1.0,1.0,0.603,0.82,0.603,0.78	0.848,0.575,1.0,0.89,1.0,0.78,1.0,1.0	-0.075
12948	ENSG00000134318	ROCK2	chr2	-	11218314	11218466	11218454	11218466	11217089	11217169	12948	39,12,11,57,24,43,15,34,28,17,24,24,36,30,36,19,23,36,47,39,48	57,41,26,71,45,33,38,50,52,44,16,60,51,34,43,45,52,51,89,91,30	26,24,41,17,17,24,23,9	88,44,90,50,98,64,53,14	215	75	4.55159440649e-06	0.000534242684593	0.193,0.093,0.129,0.219,0.157,0.313,0.121,0.192,0.158,0.119,0.344,0.122,0.198,0.235,0.226,0.128,0.134,0.198,0.156,0.13,0.358	0.093,0.16,0.137,0.106,0.057,0.116,0.131,0.183	0.064
12968	ENSG00000006283	CACNA1G	chr17	+	50607826	50608040	50607826	50608019	50609881	50609935	12968	7,2,2,0,6,1,5,1,2,3,5,7,3,1,0,5,5,2,6,6,1	14,22,22,5,4,14,14,9,17,14,12,12,16,6,13,18,12,22,24,15,11	7,7,5,5,19,5,3,8	19,11,20,9,10,11,10,9	96	75	0.000154394821122	0.00961708185789	0.281,0.066,0.066,0.0,0.54,0.053,0.218,0.08,0.084,0.143,0.246,0.313,0.128,0.115,0.0,0.178,0.246,0.066,0.163,0.238,0.066	0.223,0.332,0.163,0.303,0.597,0.262,0.19,0.41	-0.153
12991	ENSG00000106077	ABHD11	chr7	-	73737220	73737735	73737561	73737735	73736928	73737110	12991	27,32,19,47,27,27,22,27,43,27,41,29,31,16,22,25,25,47,41,86,19	4,1,0,4,1,1,0,0,1,2,3,2,1,1,1,2,3,4,2,10,7	40,29,33,34,75,37,37,38	0,0,1,0,1,0,0,1	416	75	3.90321108767e-12	3.36636943961e-09	0.549,0.852,1.0,0.679,0.83,0.83,1.0,1.0,0.886,0.709,0.711,0.723,0.848,0.743,0.799,0.693,0.6,0.679,0.787,0.608,0.329	1.0,1.0,0.856,1.0,0.931,1.0,1.0,0.873	-0.202
13051	ENSG00000126214	KLC1	chr14	+	103679383	103679545	103679383	103679518	103684985	103685036	13051	46,45,30,49,36,36,38,24,41,58,86,43,38,12,32,29,33,18,44,82,10	279,187,195,142,103,141,234,148,170,248,365,128,229,111,93,118,116,143,194,288,64	41,38,56,67,97,42,43,91	169,74,200,217,348,140,131,187	102	75	9.499883591e-06	0.000977180686443	0.108,0.15,0.102,0.202,0.204,0.158,0.107,0.107,0.151,0.147,0.148,0.198,0.109,0.074,0.202,0.153,0.173,0.085,0.143,0.173,0.103	0.151,0.274,0.171,0.185,0.17,0.181,0.194,0.264	-0.056
13052	ENSG00000126214	KLC1	chr14	+	103679383	103679545	103679383	103679518	103687080	103687211	13052	30,38,33,32,44,30,26,21,27,42,44,31,37,12,24,27,31,16,40,79,10	6,4,13,12,12,6,10,5,6,14,18,3,7,19,7,9,15,3,11,22,2	26,30,37,42,63,27,23,80	4,4,2,9,8,4,2,21	102	75	0.000975363255004	0.0397664466004	0.786,0.875,0.651,0.662,0.729,0.786,0.657,0.755,0.768,0.688,0.643,0.884,0.795,0.317,0.716,0.688,0.603,0.797,0.728,0.725,0.786	0.827,0.847,0.932,0.774,0.853,0.832,0.894,0.737	-0.121
13053	ENSG00000126214	KLC1	chr14	+	103679383	103679545	103679383	103679518	103700654	103700727	13053	35,35,29,35,34,28,26,20,21,29,34,28,35,8,24,31,26,13,38,55,10	9,14,2,10,9,13,7,6,4,14,14,7,11,8,9,10,14,6,15,27,10	24,27,36,34,69,29,28,65	5,5,7,11,13,1,1,21	102	75	0.00120209010852	0.0455332239754	0.741,0.648,0.914,0.72,0.735,0.613,0.732,0.71,0.794,0.604,0.641,0.746,0.701,0.424,0.662,0.695,0.577,0.614,0.651,0.6,0.424	0.779,0.799,0.791,0.694,0.796,0.955,0.954,0.695	-0.144
13122	ENSG00000178104	PDE4DIP	chr1	+	149009567	149010595	149009567	149009791	149012590	149012776	13122	131,102,95,145,76,91,84,67,117,137,112,115,122,81,91,72,129,159,198,126,172	2,6,7,9,4,1,7,1,2,4,9,2,2,3,2,6,4,10,25,3,3	116,132,120,139,143,110,107,75	3,1,1,7,3,0,3,0	879	75	0.00109987025626	0.0428025968879	0.848,0.592,0.537,0.579,0.618,0.886,0.506,0.851,0.833,0.745,0.515,0.831,0.839,0.697,0.795,0.506,0.733,0.576,0.403,0.782,0.83	0.767,0.918,0.911,0.629,0.803,1.0,0.753,1.0	-0.157
13320	ENSG00000163138	PACRGL	chr4	+	20700458	20700747	20700458	20700706	20704465	20704533	13320	19,22,21,19,14,11,23,11,14,26,34,19,15,11,12,13,16,12,24,33,12	3,0,1,4,3,1,2,3,1,0,7,0,2,2,2,1,2,0,5,4,0	11,9,13,27,25,12,6,21	0,0,0,0,1,0,0,0	116	75	1.48800208821e-08	3.47572487771e-06	0.804,1.0,0.931,0.754,0.751,0.877,0.881,0.703,0.901,1.0,0.758,1.0,0.829,0.781,0.795,0.894,0.838,1.0,0.756,0.842,1.0	1.0,1.0,1.0,1.0,0.942,1.0,1.0,1.0	-0.131
13321	ENSG00000163138	PACRGL	chr4	+	20700458	20700787	20700458	20700706	20704465	20704533	13321	55,58,58,55,37,46,55,39,38,52,84,46,33,20,32,42,35,47,76,78,32	3,0,1,4,3,1,2,3,1,0,7,0,2,2,2,1,2,0,5,4,0	51,30,28,47,55,37,23,47	0,0,0,0,1,0,0,0	156	75	1.16465501487e-06	0.000169585870477	0.898,1.0,0.965,0.869,0.856,0.957,0.93,0.862,0.948,1.0,0.852,1.0,0.888,0.828,0.885,0.953,0.894,1.0,0.88,0.904,1.0	1.0,1.0,1.0,1.0,0.964,1.0,1.0,1.0	-0.073
13335	ENSG00000138434	ITPRID2	chr2	+	181915215	181917005	181915215	181916427	181918597	181918675	13335	170,156,146,394,237,203,96,87,176,160,129,138,262,198,164,187,223,305,522,367,215	26,18,17,79,43,19,24,31,19,36,23,35,24,47,18,28,25,38,71,252,41	239,213,274,267,378,204,212,102	24,40,23,26,22,18,16,21	653	75	0.000841610744429	0.0359306269409	0.429,0.499,0.497,0.364,0.388,0.551,0.315,0.244,0.515,0.338,0.392,0.312,0.556,0.326,0.511,0.434,0.506,0.48,0.458,0.143,0.376	0.534,0.379,0.578,0.541,0.664,0.566,0.603,0.358	-0.117
13400	ENSG00000243649	CFB	chr6	+	31947944	31948242	31947944	31948081	31948373	31948512	13400	7,6,3,15,5,9,5,3,6,15,42,6,8,8,1,13,9,2,9,6,2	4,2,4,14,14,3,6,3,4,28,21,8,6,6,7,2,16,3,14,12,2	7,3,1,3,11,7,4,5	1,2,1,0,0,0,2,2	236	75	0.000241978472908	0.01398485896	0.357,0.488,0.192,0.254,0.102,0.488,0.209,0.241,0.323,0.145,0.389,0.192,0.298,0.298,0.043,0.674,0.152,0.175,0.17,0.137,0.241	0.69,0.323,0.241,1.0,1.0,1.0,0.389,0.443	-0.371
13539	ENSG00000198793	MTOR	chr1	-	11121094	11121368	11121245	11121368	11115395	11115468	13539	11,11,13,15,21,20,26,6,9,10,23,6,9,10,9,11,8,19,21,16,7	0,0,1,5,0,2,2,1,1,0,10,0,0,2,1,1,0,2,1,1,3	6,18,15,18,30,26,19,12	1,3,0,1,0,0,0,0	226	75	0.000435512201685	0.0219953279518	1.0,1.0,0.812,0.499,1.0,0.768,0.812,0.666,0.749,1.0,0.433,1.0,1.0,0.624,0.749,0.785,1.0,0.759,0.875,0.842,0.436	0.666,0.666,1.0,0.857,1.0,1.0,1.0,1.0	-0.098
13556	ENSG00000090539	CHRD	chr3	+	184386045	184386755	184386045	184386159	184386844	184386938	13556	476,350,403,455,217,266,337,324,243,472,591,383,177,182,149,259,339,272,522,1015,477	10,2,2,1,0,0,1,0,0,7,3,3,1,2,0,3,1,1,2,5,5	272,245,341,315,323,172,184,376	7,6,5,5,6,6,1,4	671	75	6.8635812589e-08	1.42508283472e-05	0.842,0.951,0.957,0.981,1.0,1.0,0.974,1.0,1.0,0.883,0.957,0.935,0.952,0.91,1.0,0.906,0.974,0.968,0.967,0.958,0.914	0.813,0.82,0.884,0.876,0.857,0.762,0.954,0.913	0.094
13623	ENSG00000197989	SNHG12	chr1	-	28579682	28579981	28579941	28579981	28579532	28579587	13623	14,29,46,79,41,34,34,32,29,39,81,19,63,33,38,43,51,25,54,122,40	3,1,1,2,0,0,2,1,2,2,3,3,1,4,4,1,0,3,8,14,5	48,25,41,42,67,29,39,29	2,0,1,0,0,2,3,0	334	75	2.32570577053e-05	0.00196058745107	0.512,0.867,0.912,0.899,1.0,1.0,0.792,0.878,0.765,0.814,0.858,0.587,0.934,0.649,0.681,0.906,1.0,0.652,0.602,0.662,0.642	0.843,1.0,0.902,1.0,1.0,0.765,0.745,1.0	-0.116
13624	ENSG00000197989	SNHG12	chr1	-	28579911	28579981	28579941	28579981	28579532	28579587	13624	9,5,16,12,14,7,11,9,6,9,24,1,9,7,11,11,12,8,16,26,19	3,1,1,2,0,0,2,1,2,2,3,3,1,4,4,1,0,3,8,14,5	14,6,8,6,13,10,6,15	2,0,1,0,0,2,3,0	105	75	0.000100335235409	0.00673627939764	0.682,0.781,0.92,0.811,1.0,1.0,0.797,0.865,0.682,0.763,0.851,0.192,0.865,0.556,0.663,0.887,1.0,0.656,0.588,0.57,0.731	0.833,1.0,0.851,1.0,1.0,0.781,0.588,1.0	-0.126
13646	ENSG00000090615	GOLGA3	chr12	-	132828326	132828869	132828802	132828869	132816539	132816812	13646	74,83,127,67,85,31,71,62,52,127,76,71,49,47,46,82,107,83,115,216,41	2,1,3,5,1,3,1,1,1,0,0,2,0,3,0,1,1,3,4,4,0	89,77,61,127,152,61,57,133	0,0,0,0,0,0,0,0	551	75	1.00245894918e-08	2.54926120226e-06	0.834,0.919,0.852,0.646,0.92,0.584,0.906,0.894,0.876,1.0,1.0,0.829,1.0,0.681,1.0,0.918,0.936,0.79,0.796,0.88,1.0	1.0,1.0,1.0,1.0,1.0,1.0,1.0,1.0	-0.13
13678	ENSG00000007372	PAX6	chr11	-	31801229	31801776	31801761	31801776	31800690	31800856	13678	80,131,79,175,115,104,105,68,61,96,237,93,53,133,51,56,128,86,219,455,152	3,2,0,3,0,0,6,0,0,1,4,1,0,0,1,1,2,2,1,8,1	77,80,48,72,94,34,14,36	0,0,0,2,1,0,0,0	607	75	0.000114562920969	0.00755576158767	0.767,0.89,1.0,0.878,1.0,1.0,0.684,1.0,1.0,0.922,0.88,0.92,1.0,1.0,0.863,0.874,0.888,0.842,0.964,0.875,0.949	1.0,1.0,1.0,0.816,0.921,1.0,1.0,1.0	-0.053
13913	ENSG00000258702	NA	chr14	+	96593489	96593695	96593489	96593579	96594663	96594881	13913	5,5,11,3,3,4,7,9,14,7,2,5,8,3,7,10,7,5,11,9,3	0,2,2,1,1,2,4,6,3,1,0,0,7,3,0,1,1,1,0,5,1	3,8,3,2,12,5,7,4	1,0,1,0,0,3,0,1	191	75	3.60378336395e-05	0.00282556776759	1.0,0.495,0.684,0.541,0.541,0.44,0.407,0.371,0.647,0.733,1.0,1.0,0.31,0.282,1.0,0.797,0.733,0.663,1.0,0.414,0.541	0.541,1.0,0.541,1.0,1.0,0.396,1.0,0.611	-0.114
13914	ENSG00000258702	NA	chr14	+	96593489	96593699	96593489	96593579	96594663	96594881	13914	5,5,10,3,1,6,8,9,12,7,2,4,9,2,8,8,7,6,12,13,3	0,2,2,1,1,2,4,6,3,1,0,0,7,3,0,1,1,1,0,5,1	4,9,3,3,12,8,6,7	1,0,1,0,0,3,0,1	195	75	9.22093400091e-06	0.000957269555724	1.0,0.49,0.658,0.536,0.278,0.536,0.435,0.366,0.606,0.729,1.0,1.0,0.331,0.204,1.0,0.755,0.729,0.698,1.0,0.5,0.536	0.606,1.0,0.536,1.0,1.0,0.506,1.0,0.729	-0.16
14245	ENSG00000160469	BRSK1	chr19	+	55287213	55287303	55287213	55287299	55287991	55288053	14245	5,12,8,5,7,5,7,5,11,7,6,8,5,3,5,7,4,6,12,26,6	1,1,0,1,0,2,0,0,0,1,2,1,1,0,0,0,0,0,0,3,0	10,2,10,7,8,14,9,5	3,1,3,4,4,2,0,1	79	75	5.67765356951e-09	1.48041515864e-06	0.826,0.919,1.0,0.826,1.0,0.704,1.0,1.0,1.0,0.869,0.74,0.884,0.826,1.0,1.0,1.0,1.0,1.0,1.0,0.892,1.0	0.76,0.655,0.76,0.624,0.655,0.869,1.0,0.826	0.159
14257	ENSG00000290763	SDHAP1	chr3	-	195963291	195963421	195963299	195963421	195959747	195960086	14257	4,3,3,3,3,4,1,1,2,1,5,2,2,0,0,3,1,1,0,1,0	15,10,5,5,10,21,2,2,21,18,70,7,5,4,6,14,3,12,15,17,12	4,0,0,0,0,1,0,0	8,19,9,29,3,8,17,8	83	75	2.33429445884e-07	4.15430309088e-05	0.194,0.213,0.352,0.352,0.213,0.147,0.311,0.311,0.079,0.048,0.061,0.205,0.265,0.0,0.0,0.162,0.231,0.07,0.0,0.05,0.0	0.311,0.0,0.0,0.0,0.0,0.101,0.0,0.0	0.104
14284	ENSG00000236144	TMEM147-AS1	chr19	-	35544111	35545515	35545318	35545515	35542910	35543097	14284	85,133,119,239,138,184,127,96,104,178,243,98,162,219,107,133,146,125,297,176,121	2,1,1,2,0,1,2,0,0,2,5,0,1,0,3,4,3,0,2,0,4	121,112,141,140,153,96,91,128	0,0,0,0,1,0,0,1	1282	75	0.00015076447217	0.00944341487134	0.713,0.886,0.874,0.875,1.0,0.915,0.788,1.0,1.0,0.839,0.74,1.0,0.905,1.0,0.676,0.66,0.74,1.0,0.897,1.0,0.639	1.0,1.0,1.0,1.0,0.9,1.0,1.0,0.882	-0.109
14381	ENSG00000167554	ZNF610	chr19	+	52347706	52347944	52347706	52347831	52349153	52349235	14381	30,14,20,36,10,20,14,4,21,25,5,13,19,30,14,21,31,12,76,75,26	5,2,1,5,1,3,0,4,1,0,2,1,0,0,0,3,3,4,3,8,4	29,18,19,12,18,23,23,18	2,0,0,2,2,0,0,1	188	75	2.30883363443e-05	0.00196058745107	0.705,0.736,0.889,0.742,0.8,0.727,1.0,0.285,0.893,1.0,0.499,0.838,1.0,1.0,1.0,0.736,0.805,0.545,0.91,0.789,0.722	0.853,1.0,1.0,0.705,0.782,1.0,1.0,0.878	-0.111
14411	ENSG00000171914	TLN2	chr15	+	62835890	62836118	62835890	62836073	62838855	62838981	14411	42,21,34,44,32,20,28,22,33,47,39,23,32,11,13,16,24,16,44,43,8	81,63,59,63,32,61,62,47,61,79,104,58,49,35,55,61,41,66,129,128,42	44,21,44,48,48,40,48,53	59,34,56,57,82,54,65,83	120	75	1.08254084052e-06	0.000161832638719	0.245,0.172,0.265,0.304,0.385,0.17,0.22,0.226,0.253,0.271,0.19,0.199,0.29,0.164,0.129,0.141,0.268,0.132,0.176,0.174,0.106	0.318,0.279,0.329,0.345,0.268,0.316,0.316,0.285	-0.094
14491	ENSG00000165494	PCF11	chr11	+	83167414	83167898	83167414	83167505	83168427	83169995	14491	120,86,72,252,93,113,68,55,107,94,157,92,105,136,112,108,80,135,233,396,109	15,19,12,17,16,7,14,10,9,20,4,15,14,12,16,24,17,20,18,53,7	114,83,105,121,131,108,73,48	25,22,21,21,29,23,21,19	468	75	1.99287085677e-05	0.00177333873382	0.562,0.42,0.49,0.704,0.482,0.721,0.438,0.468,0.656,0.43,0.863,0.496,0.546,0.645,0.529,0.419,0.43,0.52,0.675,0.545,0.714	0.422,0.377,0.445,0.48,0.42,0.429,0.358,0.288	0.157
14621	ENSG00000133107	TRPC4	chr13	-	37651249	37651459	37651264	37651459	37639257	37639299	14621	1,0,0,2,1,2,1,0,3,1,1,1,0,0,0,0,2,0,9,1,4	5,7,5,4,5,3,5,6,9,3,2,5,5,3,2,6,7,9,15,14,9	0,0,0,0,0,0,0,0	6,2,8,7,4,4,6,1	90	75	0.00077059211997	0.0336182056385	0.143,0.0,0.0,0.294,0.143,0.357,0.143,0.0,0.217,0.217,0.294,0.143,0.0,0.0,0.0,0.0,0.192,0.0,0.333,0.056,0.27	0.0,0.0,0.0,0.0,0.0,0.0,0.0,0.0	0.133
14640	ENSG00000176261	ZBTB8OS	chr1	-	32634701	32634792	32634767	32634792	32633950	32634110	14640	15,16,8,26,15,17,14,7,18,10,10,9,15,12,15,15,19,25,31,37,8	4,1,0,2,1,1,0,3,1,2,3,5,0,0,0,0,0,3,0,3,4	17,11,15,12,16,12,16,5	0,0,1,1,1,0,1,0	141	75	0.000573117923576	0.026663062901	0.666,0.895,1.0,0.874,0.889,0.9,1.0,0.554,0.905,0.727,0.639,0.489,1.0,1.0,1.0,1.0,1.0,0.816,1.0,0.868,0.515	1.0,1.0,0.889,0.865,0.895,1.0,0.895,1.0	-0.098
14654	ENSG00000130640	TUBGCP2	chr10	-	133302758	133302980	133302791	133302980	133299984	133300100	14654	2,3,4,3,4,7,3,2,4,5,8,2,7,2,2,2,5,5,2,1,0	0,1,3,7,0,0,0,4,0,1,2,0,0,3,0,2,0,5,2,4,1	2,1,2,3,8,1,6,8	1,0,1,0,2,0,0,2	108	75	6.29319271921e-05	0.00458177121869	1.0,0.676,0.481,0.229,1.0,1.0,1.0,0.258,1.0,0.776,0.735,1.0,1.0,0.316,1.0,0.41,1.0,0.41,0.41,0.148,0.0	0.581,1.0,0.581,1.0,0.735,1.0,1.0,0.735	-0.17
14656	ENSG00000130640	TUBGCP2	chr10	-	133302758	133302980	133302791	133302980	133300451	133300547	14656	2,3,5,3,4,7,3,2,4,5,8,2,7,2,2,2,4,5,2,1,0	2,1,0,9,2,0,2,0,0,3,3,2,2,2,1,3,1,1,5,1,3	2,1,2,3,8,1,6,8	0,1,0,0,1,0,2,2	108	75	1.40093241707e-06	0.000191551881222	0.41,0.676,1.0,0.188,0.581,1.0,0.51,1.0,1.0,0.536,0.649,0.41,0.709,0.41,0.581,0.316,0.735,0.776,0.217,0.41,0.0	1.0,0.41,1.0,1.0,0.847,1.0,0.676,0.735	-0.257
14709	ENSG00000291071	FAM86JP	chr3	+	125918863	125919695	125918863	125918926	125920824	125920905	14709	6,4,14,29,11,22,16,13,22,35,5,18,7,16,17,16,10,18,43,12,8	0,1,0,3,0,0,0,0,3,2,3,3,1,1,1,2,0,5,5,3,2	11,23,8,18,23,5,7,33	1,0,0,3,0,0,1,1	844	75	8.34539545e-05	0.00577583788799	1.0,0.262,1.0,0.462,1.0,1.0,1.0,1.0,0.395,0.609,0.129,0.348,0.383,0.587,0.602,0.416,1.0,0.242,0.433,0.262,0.262	0.494,1.0,1.0,0.348,1.0,1.0,0.383,0.746	-0.156
14744	ENSG00000156983	BRPF1	chr3	+	9742024	9742541	9742024	9742171	9742943	9743253	14744	5,3,12,19,11,7,6,3,3,4,15,7,9,3,9,5,2,3,6,12,7	1,3,3,5,0,1,0,0,1,2,9,2,2,2,1,0,0,5,3,5,1	3,4,9,10,9,11,12,8	2,0,1,0,2,0,0,1	445	75	2.16050915626e-05	0.00186335605077	0.457,0.144,0.403,0.39,1.0,0.541,1.0,1.0,0.336,0.252,0.219,0.371,0.431,0.202,0.603,1.0,1.0,0.092,0.252,0.288,0.541	0.202,1.0,0.603,1.0,0.431,1.0,1.0,0.574	-0.225
14844	ENSG00000100897	DCAF11	chr14	+	24115381	24115749	24115381	24115726	24116916	24117044	14844	64,68,69,67,53,66,63,50,60,96,127,55,57,51,37,52,58,49,137,194,54	15,11,12,7,5,3,15,8,7,13,6,8,2,5,1,8,9,7,12,54,11	68,48,60,57,73,34,55,45	23,11,6,10,15,7,14,21	98	75	0.00038631088087	0.0200523962792	0.766,0.826,0.815,0.88,0.89,0.944,0.763,0.827,0.868,0.85,0.942,0.84,0.956,0.886,0.966,0.833,0.831,0.843,0.897,0.733,0.79	0.694,0.77,0.884,0.814,0.788,0.788,0.75,0.621	0.091
14863	ENSG00000206573	THUMPD3-AS1	chr3	-	9391426	9391826	9391678	9391826	9388873	9390497	14863	117,82,100,170,69,116,83,59,83,137,178,66,108,109,73,119,108,96,98,127,67	6,4,1,15,1,8,3,4,3,2,16,6,5,6,4,6,4,11,8,17,16	90,71,69,100,139,65,80,103	3,4,4,0,6,3,3,1	327	75	0.0012652029907	0.0474429964272	0.817,0.825,0.958,0.722,0.941,0.769,0.864,0.772,0.864,0.94,0.718,0.716,0.832,0.806,0.807,0.82,0.861,0.667,0.738,0.631,0.49	0.873,0.803,0.798,1.0,0.842,0.832,0.859,0.959	-0.082
14865	ENSG00000206573	THUMPD3-AS1	chr3	-	9391595	9391826	9391678	9391826	9390013	9390497	14865	33,28,34,61,24,48,18,28,32,52,69,19,36,36,19,38,30,35,28,42,25	6,4,1,15,1,8,3,4,3,2,16,6,5,6,4,6,4,11,8,17,16	36,27,24,44,53,22,26,39	3,4,4,0,6,3,3,1	158	75	0.000784694763384	0.0341007662289	0.723,0.769,0.942,0.659,0.919,0.74,0.74,0.769,0.835,0.925,0.672,0.601,0.774,0.74,0.693,0.75,0.781,0.602,0.624,0.54,0.426	0.851,0.762,0.74,1.0,0.807,0.777,0.804,0.949	-0.111
14866	ENSG00000206573	THUMPD3-AS1	chr3	-	9391597	9391826	9391678	9391826	9390013	9390497	14866	33,26,34,61,23,47,17,28,31,52,70,19,35,35,19,37,31,36,28,42,25	6,4,1,15,1,8,3,4,3,2,16,6,5,6,4,6,4,11,8,17,16	36,26,23,41,54,21,25,40	3,4,4,0,6,3,3,1	156	75	0.000918001826069	0.0381189368383	0.726,0.758,0.942,0.662,0.917,0.739,0.731,0.771,0.832,0.926,0.678,0.604,0.771,0.737,0.695,0.748,0.788,0.611,0.627,0.543,0.429	0.852,0.758,0.734,1.0,0.812,0.771,0.8,0.951	-0.109
14868	ENSG00000206573	THUMPD3-AS1	chr3	-	9390884	9391826	9391426	9391826	9390289	9390497	14868	97,104,98,183,101,125,106,56,79,117,165,65,96,117,113,91,125,109,162,137,45	6,0,3,6,1,2,3,3,3,5,6,3,1,6,2,7,4,3,1,16,5	121,79,109,75,101,65,86,78	4,0,1,2,0,0,2,1	617	75	1.75398472001e-05	0.0015859416678	0.663,1.0,0.799,0.788,0.925,0.884,0.811,0.694,0.762,0.74,0.77,0.725,0.921,0.703,0.873,0.612,0.792,0.815,0.952,0.51,0.522	0.786,1.0,0.93,0.82,1.0,1.0,0.839,0.905	-0.136
14879	ENSG00000206573	THUMPD3-AS1	chr3	-	9391488	9391826	9391678	9391826	9390289	9390497	14879	93,62,74,144,53,95,59,50,65,108,131,53,92,90,59,90,83,71,73,86,54	6,4,1,15,1,8,3,4,3,2,16,6,5,6,4,6,4,11,8,17,16	76,64,55,81,119,58,67,77	3,4,4,0,6,3,3,1	265	75	0.000460346356597	0.0227374596924	0.814,0.814,0.954,0.731,0.938,0.771,0.848,0.78,0.86,0.939,0.699,0.714,0.839,0.809,0.807,0.809,0.854,0.646,0.721,0.589,0.489	0.878,0.819,0.796,1.0,0.849,0.845,0.863,0.956	-0.094
14891	ENSG00000102317	RBM3	chrX	+	48575560	48576083	48575560	48575667	48576313	48576419	14891	162,119,88,102,79,104,69,62,100,162,229,72,125,78,68,98,67,74,113,166,33	41,44,25,541,24,123,59,32,71,31,572,30,147,202,22,31,20,125,308,484,260	111,81,79,166,179,84,73,197	73,13,51,66,136,46,59,65	491	75	0.000329162506456	0.0178288406878	0.376,0.292,0.35,0.028,0.335,0.114,0.152,0.228,0.177,0.444,0.058,0.268,0.115,0.056,0.321,0.326,0.338,0.083,0.053,0.05,0.019	0.188,0.488,0.191,0.278,0.167,0.218,0.159,0.316	-0.051
14988	ENSG00000273559	CWC25	chr17	-	38810275	38810595	38810467	38810595	38809701	38809765	14988	16,12,25,40,14,35,30,17,11,14,51,19,29,31,18,23,33,20,29,27,9	17,12,10,11,10,8,9,10,9,16,18,14,18,4,10,10,14,13,12,34,11	11,13,7,22,21,20,15,6	20,15,7,13,34,17,8,9	267	75	0.000447972801219	0.0223229824323	0.209,0.219,0.413,0.505,0.282,0.551,0.484,0.323,0.256,0.197,0.443,0.276,0.312,0.685,0.336,0.392,0.398,0.302,0.404,0.182,0.187	0.134,0.196,0.219,0.322,0.148,0.248,0.345,0.158	0.129
15120	ENSG00000276462	LINC03025	chr9	-	41103684	41105159	41104467	41105159	41102730	41102841	15120	42,18,36,9,30,60,17,27,52,54,30,19,47,38,28,28,38,54,58,6,12	2,0,2,1,0,0,0,0,0,2,1,0,0,0,0,0,4,0,2,0,0	26,12,22,11,28,12,20,62	0,2,0,2,3,2,1,0	858	75	0.000391117608093	0.0201671677766	0.647,1.0,0.611,0.44,1.0,1.0,1.0,1.0,1.0,0.702,0.724,1.0,1.0,1.0,1.0,1.0,0.454,1.0,0.717,1.0,1.0	1.0,0.344,1.0,0.325,0.449,0.344,0.636,1.0	0.234
15171	ENSG00000261329	NA	chr16	-	27718057	27718455	27718242	27718455	27708420	27708918	15171	7,4,5,70,29,8,1,5,4,20,3,2,7,20,16,37,12,22,32,54,7	0,0,0,14,1,1,0,0,0,1,0,1,1,2,1,7,0,5,3,21,0	7,24,7,10,15,12,2,33	1,0,0,0,0,0,0,5	260	75	1.05481679664e-05	0.00105594695749	1.0,1.0,1.0,0.591,0.893,0.698,1.0,1.0,1.0,0.852,1.0,0.366,0.669,0.743,0.822,0.604,1.0,0.559,0.755,0.426,1.0	0.669,1.0,1.0,1.0,1.0,1.0,1.0,0.656	-0.107
15218	ENSG00000291106	SNHG33	chr3	+	183452077	183452512	183452077	183452351	183454011	183454093	15218	64,35,37,75,31,40,44,29,32,45,36,65,52,15,44,36,54,27,77,129,18	0,3,2,2,1,0,3,3,2,5,5,2,0,5,2,3,1,9,18,8,3	69,30,78,38,37,59,48,23	0,0,5,2,1,1,1,0	236	75	1.22433498116e-05	0.0012031118427	1.0,0.788,0.855,0.923,0.908,1.0,0.823,0.754,0.836,0.741,0.696,0.912,1.0,0.488,0.875,0.792,0.945,0.488,0.576,0.837,0.656	1.0,1.0,0.832,0.858,0.922,0.949,0.938,1.0	-0.133
15241	ENSG00000287151	LINC03124	chr2	+	131682490	131682988	131682490	131682599	131684708	131684773	15241	76,72,81,62,32,21,47,42,30,77,77,75,38,29,50,61,59,65,84,167,22	2,1,1,4,0,0,0,0,1,0,11,1,2,1,0,1,0,4,4,2,1	68,53,57,32,43,65,40,51	0,0,3,0,1,1,0,0	464	75	3.57542739415e-07	6.26370186613e-05	0.86,0.921,0.929,0.715,1.0,1.0,1.0,1.0,0.829,1.0,0.531,0.924,0.754,0.824,1.0,0.908,1.0,0.724,0.772,0.931,0.781	1.0,1.0,0.754,1.0,0.874,0.913,1.0,1.0	-0.066
15268	ENSG00000121940	CLCC1	chr1	-	108963342	108963484	108963360	108963484	108962308	108962469	15268	1,0,2,1,2,4,2,0,4,4,4,0,1,1,1,3,0,2,1,5,3	9,16,15,8,10,5,10,6,14,10,8,10,6,7,10,15,7,3,16,29,9	1,0,1,1,6,0,0,0	10,10,11,9,9,5,5,5	93	75	0.000232809999471	0.013524692819	0.082,0.0,0.097,0.092,0.139,0.392,0.139,0.0,0.187,0.244,0.287,0.0,0.118,0.103,0.075,0.139,0.0,0.35,0.048,0.122,0.212	0.075,0.0,0.068,0.082,0.35,0.0,0.0,0.0	0.063
15277	ENSG00000175766	EIF4E1B	chr5	+	176642042	176642177	176642042	176642165	176642709	176642802	15277	5,5,14,11,4,6,9,10,4,9,12,3,11,5,4,5,6,10,12,8,1	4,1,2,3,0,0,0,0,1,0,15,2,5,0,3,0,1,4,4,1,1	9,2,5,12,15,4,5,7	1,0,0,1,0,0,0,0	87	75	3.97192612134e-10	1.59047270259e-07	0.519,0.812,0.858,0.76,1.0,1.0,1.0,1.0,0.775,1.0,0.408,0.564,0.655,1.0,0.535,1.0,0.838,0.683,0.721,0.873,0.463	0.886,1.0,1.0,0.912,1.0,1.0,1.0,1.0	-0.191
15337	ENSG00000293514	CUTALP	chr9	+	120844992	120845887	120844992	120845196	120847293	120847353	15337	92,69,66,215,110,136,69,73,99,125,33,94,76,144,87,56,119,166,172,484,60	1,1,0,3,0,1,3,1,1,4,0,1,0,2,2,0,4,3,2,2,2	129,79,106,91,104,95,69,34	0,0,0,0,0,1,0,0	766	75	9.59704996972e-06	0.000978201129641	0.9,0.871,1.0,0.875,1.0,0.93,0.692,0.877,0.906,0.754,1.0,0.902,1.0,0.876,0.81,1.0,0.744,0.844,0.894,0.96,0.746	1.0,1.0,1.0,1.0,1.0,0.903,1.0,1.0	-0.103
15494	ENSG00000131368	MRPS25	chr3	-	15049638	15052633	15049707	15052633	15042481	15045647	15494	19,14,20,52,17,28,12,16,29,25,44,14,24,17,24,13,27,18,31,49,22	0,0,2,1,3,2,1,2,1,1,0,0,2,0,1,0,1,0,0,0,0	27,23,12,19,25,16,20,13	2,0,0,5,5,1,1,2	144	75	6.68142244098e-06	0.000727302023381	1.0,1.0,0.839,0.964,0.747,0.879,0.862,0.806,0.938,0.929,1.0,1.0,0.862,1.0,0.926,1.0,0.934,1.0,1.0,1.0,1.0	0.875,1.0,1.0,0.664,0.723,0.893,0.912,0.772	0.083
15821	ENSG00000234327	ZNF232-AS1	chr17	+	5113385	5113979	5113385	5113452	5114157	5114382	15821	12,14,11,37,17,12,6,10,18,11,3,7,12,14,14,21,14,25,26,27,11	14,10,2,18,6,6,7,10,22,21,23,12,20,5,12,17,14,19,46,88,11	24,23,35,13,13,15,11,9	8,4,14,5,9,4,13,4	602	75	1.23183179065e-05	0.0012031118427	0.096,0.149,0.407,0.204,0.261,0.199,0.096,0.111,0.093,0.061,0.016,0.068,0.07,0.259,0.127,0.133,0.111,0.141,0.066,0.037,0.111	0.272,0.417,0.237,0.245,0.153,0.318,0.095,0.219	-0.11
15906	ENSG00000259673	IQCH-AS1	chr15	-	67521493	67521600	67521518	67521600	67518999	67519102	15906	11,4,10,18,10,9,9,8,9,14,21,8,5,4,7,7,13,18,17,57,9	1,2,1,2,2,1,0,0,2,1,3,1,2,0,0,0,4,4,2,21,1	6,7,8,11,12,5,10,8	2,0,1,1,2,0,0,0	100	75	7.03615331732e-06	0.000758551451863	0.892,0.6,0.882,0.871,0.789,0.871,1.0,1.0,0.771,0.913,0.84,0.857,0.652,1.0,1.0,1.0,0.709,0.771,0.864,0.671,0.871	0.692,1.0,0.857,0.892,0.818,1.0,1.0,1.0	-0.059
15925	ENSG00000055950	MRPL43	chr10	-	100986686	100986975	100986748	100986975	100984033	100984074	15925	26,26,32,32,33,36,25,28,37,47,42,16,34,33,20,38,32,37,49,115,28	1,7,1,5,0,0,3,3,0,2,5,2,0,1,0,0,0,8,9,20,1	22,20,36,32,46,33,20,33	1,0,0,0,0,0,2,0	137	75	4.6974746315e-10	1.81614088167e-07	0.934,0.67,0.946,0.778,1.0,1.0,0.82,0.836,1.0,0.928,0.821,0.814,1.0,0.948,1.0,1.0,1.0,0.717,0.749,0.759,0.939	0.923,1.0,1.0,1.0,1.0,1.0,0.846,1.0	-0.083
16112	ENSG00000165195	PIGA	chrX	-	15331215	15331992	15331873	15331992	15325913	15326046	16112	105,57,30,115,53,61,43,31,43,48,54,34,95,113,56,62,87,77,139,455,157	2,3,1,7,1,1,0,0,0,1,1,4,6,5,0,2,2,0,5,8,6	42,75,50,21,36,35,39,38	3,2,0,1,0,0,0,0	733	75	2.29788330665e-05	0.00196058745107	0.843,0.66,0.754,0.627,0.844,0.862,1.0,1.0,1.0,0.831,0.847,0.465,0.618,0.698,1.0,0.76,0.817,1.0,0.74,0.853,0.728	0.589,0.793,1.0,0.682,1.0,1.0,1.0,1.0	-0.076
16114	ENSG00000165195	PIGA	chrX	-	15331589	15331992	15331873	15331992	15325913	15326046	16114	42,23,20,55,24,35,27,13,22,29,26,14,40,51,29,35,45,31,68,239,82	2,3,1,7,1,1,0,0,0,1,1,4,6,5,0,2,2,0,5,8,6	18,29,24,8,19,16,20,17	3,2,0,1,0,0,0,0	359	75	4.81356456045e-05	0.00355891540106	0.814,0.616,0.807,0.621,0.834,0.88,1.0,1.0,1.0,0.858,0.845,0.422,0.582,0.681,1.0,0.785,0.825,1.0,0.74,0.862,0.741	0.556,0.752,1.0,0.626,1.0,1.0,1.0,1.0	-0.061
16115	ENSG00000165195	PIGA	chrX	-	15331819	15331992	15331873	15331992	15325913	15326046	16115	10,7,4,13,6,8,3,5,4,7,14,1,7,8,6,3,12,10,17,64,8	2,3,1,7,1,1,0,0,0,1,1,4,6,5,0,2,2,0,5,8,6	0,4,4,4,7,1,5,7	3,2,0,1,0,0,0,0	129	75	0.00049164495845	0.0239804253371	0.744,0.576,0.699,0.519,0.777,0.823,1.0,1.0,1.0,0.803,0.891,0.127,0.404,0.482,1.0,0.466,0.777,1.0,0.664,0.823,0.437	0.0,0.538,1.0,0.699,1.0,1.0,1.0,1.0	-0.065
16148	ENSG00000124222	STX16	chr20	+	58652072	58652138	58652072	58652087	58659622	58659634	16148	54,38,48,86,49,53,45,32,47,59,83,39,48,63,55,53,48,58,87,122,41	79,58,83,64,65,73,64,38,50,102,96,47,61,59,53,63,55,48,67,100,24	46,37,43,63,51,41,55,45	96,50,62,78,78,52,79,106	126	75	0.000842825087893	0.0359306269409	0.289,0.281,0.256,0.444,0.31,0.302,0.295,0.334,0.359,0.256,0.34,0.331,0.319,0.389,0.382,0.334,0.342,0.418,0.436,0.421,0.504	0.222,0.306,0.292,0.325,0.28,0.319,0.293,0.202	0.07
16319	ENSG00000172175	MALT1	chr18	+	58734306	58734566	58734306	58734381	58735201	58735329	16319	20,15,9,34,11,31,19,19,8,4,14,20,42,15,15,14,24,17,29,15,13	15,10,10,19,11,6,10,6,9,13,7,9,6,7,6,9,11,12,22,21,16	4,7,11,10,12,14,12,7	22,7,14,11,9,12,12,7	260	75	0.000729420844249	0.0323251640542	0.278,0.302,0.206,0.34,0.224,0.598,0.354,0.477,0.204,0.082,0.366,0.391,0.669,0.382,0.419,0.31,0.386,0.29,0.275,0.171,0.19	0.05,0.224,0.185,0.208,0.278,0.252,0.224,0.224	0.124
16337	ENSG00000203485	INF2	chr14	+	104699367	104699826	104699367	104699598	104701356	104701756	16337	2,3,2,2,2,3,1,4,2,10,3,1,2,3,3,7,2,1,4,14,2	2,1,0,1,4,0,4,1,0,2,11,4,2,2,1,1,1,0,0,0,0	8,2,1,5,12,4,2,35	0,0,0,0,2,0,0,0	303	75	1.11022302463e-16	3.11195513804e-13	0.198,0.426,1.0,0.331,0.11,1.0,0.058,0.498,1.0,0.553,0.063,0.058,0.198,0.271,0.426,0.634,0.331,1.0,1.0,1.0,1.0	1.0,1.0,1.0,1.0,0.598,1.0,1.0,1.0	-0.419
16453	ENSG00000010361	FUZ	chr19	-	49812446	49812736	49812637	49812736	49812250	49812335	16453	21,41,49,18,56,21,36,25,17,42,18,27,29,21,38,36,49,30,22,50,10	2,3,2,12,1,4,2,1,1,4,8,1,1,3,0,2,2,4,3,7,1	29,49,29,25,34,37,19,61	2,1,0,0,3,1,1,3	266	75	0.000315755824891	0.0172728775066	0.748,0.794,0.874,0.297,0.94,0.597,0.835,0.876,0.827,0.748,0.388,0.884,0.891,0.664,1.0,0.835,0.874,0.679,0.674,0.668,0.738	0.803,0.933,1.0,1.0,0.762,0.913,0.843,0.851	-0.134
16454	ENSG00000010361	FUZ	chr19	-	49812614	49812736	49812637	49812736	49812250	49812335	16454	16,20,15,22,15,8,12,12,11,16,10,10,18,14,14,38,20,22,32,61,13	2,3,2,12,1,4,2,1,1,4,8,1,1,3,0,2,2,4,3,7,1	13,18,21,23,33,13,12,29	2,1,0,0,3,1,1,3	98	75	0.000247076534771	0.0141337862646	0.86,0.836,0.852,0.584,0.92,0.605,0.821,0.902,0.894,0.754,0.489,0.884,0.932,0.781,1.0,0.936,0.884,0.808,0.891,0.87,0.909	0.833,0.932,1.0,1.0,0.894,0.909,0.902,0.881	-0.09
16501	ENSG00000290993	NA	chr3	-	129399007	129399453	129399380	129399453	129393634	129393795	16501	83,132,111,125,80,88,108,59,62,99,139,61,121,77,70,90,114,114,182,176,81	0,1,5,0,0,2,3,2,1,1,0,3,2,0,0,0,1,2,3,1,2	79,42,32,87,114,18,41,131	5,1,1,3,6,3,2,1	448	75	2.36631271927e-05	0.00197993270212	1.0,0.957,0.788,1.0,1.0,0.88,0.858,0.832,0.912,0.943,1.0,0.773,0.91,1.0,1.0,1.0,0.95,0.905,0.91,0.967,0.871	0.726,0.875,0.843,0.829,0.761,0.501,0.774,0.956	0.143
16502	ENSG00000290993	NA	chr3	-	129399007	129399453	129399380	129399453	129397039	129397140	16502	87,138,115,142,88,100,111,71,69,109,149,66,130,88,83,100,119,131,189,191,77	3,0,3,5,3,1,1,1,2,4,5,7,2,0,2,2,2,5,1,3,0	83,59,48,101,132,20,42,144	4,5,8,8,9,3,2,7	448	75	1.87158101239e-08	4.2824829206e-06	0.829,1.0,0.865,0.826,0.831,0.944,0.949,0.922,0.852,0.82,0.833,0.612,0.916,1.0,0.874,0.893,0.909,0.814,0.969,0.914,1.0	0.776,0.664,0.501,0.679,0.711,0.527,0.779,0.775	0.208
16568	ENSG00000072756	TRNT1	chr3	+	3127019	3128018	3127019	3127289	3129013	3129188	16568	24,32,40,67,31,23,38,24,24,54,113,18,42,20,21,27,30,45,62,62,15	0,0,1,0,1,0,0,0,2,3,1,0,2,1,1,3,0,2,1,4,1	47,18,37,30,59,31,14,45	2,0,3,0,2,2,2,3	804	75	1.04515086585e-07	2.0925413407e-05	1.0,1.0,0.789,1.0,0.743,1.0,1.0,1.0,0.528,0.627,0.913,1.0,0.662,0.651,0.662,0.456,1.0,0.677,0.853,0.591,0.583	0.687,1.0,0.535,1.0,0.733,0.591,0.395,0.583	0.106
16583	ENSG00000087470	DNM1L	chr12	+	32705824	32706237	32705824	32705863	32707366	32707413	16583	63,59,36,148,35,64,26,29,79,40,59,48,98,69,88,58,63,102,133,54,75	72,42,32,86,32,41,35,45,47,58,43,37,39,38,25,47,24,75,125,154,34	68,60,83,61,96,52,56,29	111,34,101,45,70,97,82,42	449	75	0.000415321297781	0.0211662835942	0.128,0.19,0.158,0.223,0.154,0.207,0.11,0.097,0.219,0.103,0.186,0.178,0.296,0.233,0.37,0.171,0.305,0.185,0.151,0.055,0.269	0.093,0.228,0.121,0.185,0.186,0.082,0.102,0.103	0.052
16594	ENSG00000106479	ZNF862	chr7	+	149838374	149838635	149838374	149838461	149844624	149844736	16594	20,23,39,16,23,19,25,27,7,35,26,19,14,17,9,23,28,9,48,49,12	2,0,0,3,0,1,3,0,1,1,3,1,2,0,1,0,2,0,3,5,1	15,15,18,27,55,9,14,29	0,2,1,2,6,1,2,2	249	75	0.000113227456505	0.00751187125641	0.751,1.0,1.0,0.616,1.0,0.851,0.715,1.0,0.678,0.913,0.723,0.851,0.678,1.0,0.731,1.0,0.808,1.0,0.828,0.747,0.783	1.0,0.693,0.844,0.803,0.734,0.731,0.678,0.814	0.054
16675	ENSG00000215440	NPEPL1	chr20	+	58691723	58691830	58691723	58691780	58693736	58693922	16675	11,13,20,23,9,30,22,19,16,23,32,19,28,20,10,11,22,11,20,20,4	1,1,1,0,0,1,0,1,1,4,0,3,1,0,1,0,0,0,1,7,0	18,15,28,22,26,10,16,16	4,2,1,4,2,1,1,2	125	75	0.000313981650687	0.0172728775066	0.868,0.886,0.923,1.0,1.0,0.947,1.0,0.919,0.906,0.775,1.0,0.792,0.944,1.0,0.857,1.0,1.0,1.0,0.923,0.632,1.0	0.73,0.818,0.944,0.767,0.886,0.857,0.906,0.828	0.08
16727	ENSG00000120370	GORAB	chr1	+	170533463	170536421	170533463	170533651	170539209	170539567	16727	59,49,41,248,84,107,32,41,91,87,76,50,105,88,61,50,78,52,142,54,78	0,1,1,0,1,1,0,2,4,1,4,2,5,0,2,4,1,0,0,3,0	124,82,67,59,64,69,62,18	1,1,1,0,0,0,0,0	2845	75	1.30351285321e-12	1.32863510093e-09	1.0,0.564,0.519,1.0,0.689,0.738,1.0,0.351,0.375,0.696,0.334,0.397,0.356,1.0,0.446,0.248,0.673,1.0,1.0,0.322,1.0	0.766,0.684,0.639,1.0,1.0,1.0,1.0,1.0	-0.233
16816	ENSG00000147862	NFIB	chr9	-	14116180	14116346	14116207	14116346	14112998	14113081	16816	15,7,3,7,6,2,9,3,6,4,12,2,3,3,6,7,9,9,11,18,6	2,1,0,2,3,1,1,0,0,0,1,2,0,0,0,1,0,4,2,2,1	9,4,7,7,12,3,1,2	7,6,5,2,9,3,0,3	102	75	1.58050239563e-10	7.70460559122e-08	0.847,0.837,1.0,0.72,0.595,0.595,0.869,1.0,1.0,1.0,0.898,0.424,1.0,1.0,1.0,0.837,1.0,0.623,0.802,0.869,0.815	0.486,0.329,0.507,0.72,0.495,0.424,1.0,0.329	0.308
16821	ENSG00000291082	HERC2P9	chr15	+	28655272	28655691	28655272	28655420	28655795	28656026	16821	63,95,111,38,122,120,66,57,76,121,322,94,118,78,42,83,110,45,166,37,42	26,11,21,2,10,3,13,6,9,44,3,14,6,4,11,11,11,4,5,9,9	58,90,82,68,140,81,58,186	23,17,19,17,23,14,12,27	346	75	0.000578086034039	0.0267193863068	0.344,0.652,0.534,0.805,0.726,0.897,0.524,0.673,0.647,0.373,0.959,0.593,0.81,0.809,0.453,0.621,0.684,0.709,0.878,0.471,0.503	0.353,0.534,0.483,0.464,0.569,0.556,0.512,0.599	0.142
