ID	GeneID	geneSymbol	chr	strand	longExonStart_0base	longExonEnd	shortES	shortEE	flankingES	flankingEE	ID	IJC_SAMPLE_1	SJC_SAMPLE_1	IJC_SAMPLE_2	SJC_SAMPLE_2	IncFormLen	SkipFormLen	PValue	FDR	IncLevel1	IncLevel2	IncLevelDifference
12	ENSG00000089472	HEPH	chrX	+	66256104	66258979	66258839	66258979	66208114	66208246	12	61,71,68,271,165,98,79,40,116,110,178,61,121,231,130,104,87,121,199,259,47	1,1,0,4,3,3,2,3,1,2,0,0,1,0,0,0,1,2,2,1,1	103,156,38,94,159,93,32,92	1,1,0,1,0,0,0,0	2810	75	3.90388154043e-05	0.00419271774329	0.619,0.655,1.0,0.644,0.595,0.466,0.513,0.262,0.756,0.595,1.0,1.0,0.764,1.0,1.0,1.0,0.699,0.618,0.726,0.874,0.556	0.733,0.806,1.0,0.715,1.0,1.0,1.0,1.0	-0.176
137	ENSG00000107331	ABCA2	chr9	-	137022940	137023840	137022940	137023052	137024142	137024236	137	122,144,230,575,245,221,168,140,131,227,177,91,268,234,324,502,178,242,307,696,62	133,113,93,109,90,94,93,89,104,131,165,95,95,61,51,75,85,110,130,118,19	129,214,112,141,160,125,74,1094	127,116,105,158,213,84,104,156	863	75	7.14137387955e-05	0.00674250671044	0.074,0.1,0.177,0.314,0.191,0.17,0.136,0.12,0.099,0.131,0.085,0.077,0.197,0.25,0.356,0.368,0.154,0.161,0.17,0.339,0.221	0.081,0.138,0.085,0.072,0.061,0.115,0.058,0.379	0.062
227	ENSG00000137462	TLR2	chr4	+	153701499	153705699	153702891	153705699	153687901	153688047	227	47,32,60,435,80,152,36,16,55,54,151,53,146,114,121,43,38,23,113,128,91	0,2,5,4,1,0,2,0,0,5,2,1,4,2,0,0,0,1,6,8,2	43,40,16,32,16,24,21,18	0,2,0,0,0,0,0,1	1467	75	5.16118132676e-08	1.57052836225e-05	1.0,0.45,0.38,0.848,0.804,1.0,0.479,1.0,1.0,0.356,0.794,0.73,0.651,0.745,1.0,1.0,1.0,0.54,0.491,0.45,0.699	1.0,0.506,1.0,1.0,1.0,1.0,1.0,0.479	-0.139
317	ENSG00000109065	NAT9	chr17	-	74771959	74772054	74771959	74772039	74772217	74772277	317	10,12,3,18,14,5,12,4,9,11,7,8,3,11,6,10,11,9,19,48,13	1,1,1,0,0,0,0,2,0,0,0,0,0,0,2,1,0,0,0,8,0	15,16,9,8,12,3,10,10	4,0,3,1,0,0,3,3	90	75	0.000301576533565	0.0209523846876	0.893,0.909,0.714,1.0,1.0,1.0,1.0,0.625,1.0,1.0,1.0,1.0,1.0,1.0,0.714,0.893,1.0,1.0,1.0,0.833,1.0	0.758,1.0,0.714,0.87,1.0,1.0,0.735,0.735	0.081
372	ENSG00000161265	U2AF1L4	chr19	-	35742530	35742803	35742530	35742619	35743808	35743904	372	52,27,33,40,21,40,36,45,29,28,59,29,42,21,21,31,30,51,50,119,41	2,0,3,2,4,1,0,2,6,1,1,3,1,2,1,2,1,1,1,4,0	36,28,47,30,60,29,44,35	0,2,0,0,0,1,1,1	259	75	0.000225447211753	0.0166871557816	0.883,1.0,0.761,0.853,0.603,0.921,1.0,0.867,0.583,0.89,0.945,0.737,0.924,0.753,0.859,0.818,0.897,0.937,0.935,0.896,1.0	1.0,0.802,1.0,1.0,1.0,0.894,0.927,0.91	-0.082
671	ENSG00000114062	UBE3A	chr15	-	25407066	25407228	25407066	25407212	25409087	25409207	671	3,4,4,16,5,9,2,2,4,7,3,6,7,10,3,5,5,8,11,11,5	0,0,1,1,0,1,1,0,1,0,3,0,1,0,0,1,0,2,2,0,0	6,12,9,6,7,3,6,4	1,0,4,0,0,2,10,1	91	75	2.92001210012e-06	0.000470408223815	1.0,1.0,0.767,0.93,1.0,0.881,0.622,1.0,0.767,1.0,0.452,1.0,0.852,1.0,1.0,0.805,1.0,0.767,0.819,1.0,1.0	0.832,1.0,0.65,1.0,1.0,0.553,0.331,0.767	0.122
713	ENSG00000131051	RBM39	chr20	-	35734185	35735081	35734185	35734257	35738967	35739017	713	269,253,155,504,282,348,168,212,316,267,203,265,224,312,376,370,335,308,518,279,293	0,1,1,2,1,0,1,0,1,3,3,3,1,1,1,0,2,0,2,6,1	338,360,350,278,294,237,258,104	2,2,1,5,6,2,1,3	899	75	0.000787181499368	0.0425634988202	1.0,0.955,0.928,0.955,0.959,1.0,0.933,1.0,0.963,0.881,0.85,0.881,0.949,0.963,0.969,1.0,0.933,1.0,0.956,0.795,0.961	0.934,0.938,0.967,0.823,0.803,0.908,0.956,0.743	0.06
740	ENSG00000130714	POMT1	chr9	+	131523317	131523799	131523346	131523799	131522931	131523170	740	19,11,10,26,23,15,17,8,16,23,29,17,12,12,9,15,13,10,20,20,13	1,2,4,1,1,7,3,1,3,2,9,0,1,6,3,4,4,1,4,6,2	11,6,15,19,19,13,12,8	0,0,2,0,1,0,0,0	104	75	1.65679692188e-11	1.94460621574e-08	0.932,0.799,0.643,0.949,0.943,0.607,0.803,0.852,0.794,0.892,0.699,1.0,0.896,0.591,0.684,0.73,0.701,0.878,0.783,0.706,0.824	1.0,1.0,0.844,1.0,0.932,1.0,1.0,1.0	-0.176
811	ENSG00000111913	RIPOR2	chr6	-	24839358	24840775	24839358	24839599	24842861	24843554	811	92,124,54,279,81,145,134,100,94,139,147,81,121,127,91,76,136,91,327,144,162	2,0,0,5,3,1,1,4,1,2,1,0,2,0,0,1,4,3,7,11,6	118,102,80,105,96,65,113,44	0,1,1,0,0,1,3,0	1251	75	2.42860521715e-06	0.000399068409282	0.734,1.0,1.0,0.77,0.618,0.897,0.889,0.6,0.849,0.806,0.898,1.0,0.784,1.0,1.0,0.82,0.671,0.645,0.737,0.44,0.618	1.0,0.859,0.827,1.0,1.0,0.796,0.693,1.0	-0.098
836	ENSG00000151090	THRB	chr3	-	24297225	24297371	24297225	24297323	24337299	24337371	836	28,25,17,36,28,12,18,20,28,37,30,19,27,10,19,19,13,20,54,70,25	0,0,2,1,0,0,1,0,2,0,2,0,1,0,2,2,0,2,2,2,0	48,16,37,29,29,27,28,8	1,1,1,3,8,2,3,0	123	75	3.33091933857e-06	0.000531394821081	1.0,1.0,0.838,0.956,1.0,1.0,0.916,1.0,0.895,1.0,0.901,1.0,0.943,1.0,0.853,0.853,1.0,0.859,0.943,0.955,1.0	0.967,0.907,0.958,0.855,0.689,0.892,0.851,1.0	0.058
886	ENSG00000107796	ACTA2	chr10	-	88941784	88941911	88941784	88941869	88943796	88943907	886	4,4,6,1,5,8,3,6,5,12,8,5,7,7,4,3,11,5,10,13,4	35,53,22,34,98,6,118,14,44,148,100,94,38,26,16,18,84,25,126,134,20	10,8,13,7,9,15,7,6	12,7,12,5,1,3,15,22	117	75	6.42819131258e-13	9.60254905894e-10	0.068,0.046,0.149,0.019,0.032,0.461,0.016,0.216,0.068,0.049,0.049,0.033,0.106,0.147,0.138,0.097,0.077,0.114,0.048,0.059,0.114	0.348,0.423,0.41,0.473,0.852,0.762,0.23,0.149	-0.356
1144	ENSG00000137474	MYO7A	chr11	+	77206995	77207402	77207288	77207402	77206096	77206202	1144	2,2,3,12,3,2,14,1,0,3,21,3,6,4,2,0,3,0,3,2,0	3,6,7,11,6,4,4,2,2,5,8,3,4,6,2,4,2,6,6,5,1	1,0,2,5,4,1,1,1	1,7,9,13,9,3,4,5	368	75	0.000180660404944	0.0139871487854	0.12,0.064,0.08,0.182,0.092,0.092,0.416,0.092,0.0,0.109,0.349,0.169,0.234,0.12,0.169,0.0,0.234,0.0,0.092,0.075,0.0	0.169,0.0,0.043,0.073,0.083,0.064,0.048,0.039	0.063
1296	ENSG00000164062	APEH	chr3	+	49676055	49676515	49676377	49676515	49675890	49675966	1296	158,158,179,171,122,103,180,112,150,242,202,120,152,86,99,144,122,157,245,274,35	2,4,1,3,2,0,3,2,7,5,9,2,3,2,0,1,3,2,5,5,2	168,111,163,145,253,126,150,201	0,2,4,0,3,1,0,0	397	75	1.12264234147e-05	0.0014525400752	0.937,0.882,0.971,0.915,0.92,1.0,0.919,0.914,0.802,0.901,0.809,0.919,0.905,0.89,1.0,0.965,0.885,0.937,0.903,0.912,0.768	1.0,0.913,0.885,1.0,0.941,0.96,1.0,1.0	-0.055
1394	ENSG00000067715	SYT1	chr12	+	79292007	79292130	79292016	79292130	79285786	79285971	1394	2115,1200,1280,1642,681,1680,1422,1241,1835,1371,1663,1041,2191,987,958,1357,901,1308,2305,2283,919	131,160,22,475,125,38,52,132,149,94,94,154,147,126,79,84,94,142,183,593,66	1153,695,1628,850,3225,1304,1395,738	535,103,310,100,491,396,211,208	84	75	0	0.0	0.935,0.87,0.981,0.755,0.829,0.975,0.961,0.894,0.917,0.929,0.94,0.858,0.93,0.875,0.915,0.935,0.895,0.892,0.918,0.775,0.926	0.658,0.858,0.824,0.884,0.854,0.746,0.855,0.76	0.095
1423	ENSG00000082269	FAM135A	chr6	+	70524342	70526698	70524930	70526698	70523966	70524121	1423	192,136,94,379,139,190,105,114,183,131,130,141,247,209,139,213,174,257,417,725,365	21,20,10,53,13,15,10,9,17,10,39,15,15,11,13,15,13,25,48,38,11	145,142,201,159,128,128,129,89	28,16,38,24,14,18,27,11	663	75	9.08107882966e-05	0.00813603512589	0.508,0.435,0.515,0.447,0.547,0.589,0.543,0.589,0.549,0.597,0.274,0.515,0.651,0.682,0.547,0.616,0.602,0.538,0.496,0.683,0.79	0.369,0.501,0.374,0.428,0.508,0.446,0.351,0.478	0.126
1653	ENSG00000172183	ISG20	chr15	+	88650234	88652310	88652109	88652310	88639342	88639594	1653	54,31,36,171,34,59,61,44,27,63,79,48,36,15,58,50,39,88,64,191,5	4,3,1,14,0,2,1,0,0,4,10,1,3,0,3,2,3,3,12,9,0	40,57,63,33,58,50,44,50	1,0,0,1,0,0,1,5	1950	75	0.000438934216917	0.0277406425092	0.342,0.284,0.581,0.32,1.0,0.532,0.701,1.0,1.0,0.377,0.233,0.649,0.316,1.0,0.426,0.49,0.333,0.53,0.17,0.449,1.0	0.606,1.0,1.0,0.559,1.0,1.0,0.629,0.278	-0.2
1829	ENSG00000140416	TPM1	chr15	+	63043705	63044152	63044026	63044152	63042750	63042943	1829	38,36,22,22,64,27,116,12,20,67,113,52,27,15,16,7,52,17,41,49,7	37,33,21,22,36,16,69,18,13,46,39,21,16,18,10,13,32,25,34,53,8	11,14,16,21,13,13,8,29	23,11,26,19,28,10,22,26	396	75	6.05900852252e-05	0.00592628738346	0.163,0.171,0.166,0.159,0.252,0.242,0.242,0.112,0.226,0.216,0.354,0.319,0.242,0.136,0.233,0.093,0.235,0.114,0.186,0.149,0.142	0.083,0.194,0.104,0.173,0.081,0.198,0.064,0.174	0.064
1915	ENSG00000170919	TPT1-AS1	chr13	+	45344304	45344446	45344328	45344446	45341512	45341614	1915	3,0,1,1,4,7,0,1,3,4,1,1,1,1,1,1,6,2,2,2,0	2,1,1,4,3,2,1,4,1,6,1,1,3,2,1,4,3,2,4,12,2	1,1,0,0,2,0,0,2	2,0,1,3,1,6,4,7	99	75	5.35407669016e-05	0.00536452366907	0.532,0.0,0.431,0.159,0.503,0.726,0.0,0.159,0.694,0.336,0.431,0.431,0.202,0.275,0.431,0.159,0.602,0.431,0.275,0.112,0.0	0.275,1.0,0.0,0.0,0.602,0.0,0.0,0.178	0.071
1933	ENSG00000170919	TPT1-AS1	chr13	+	45390713	45390902	45390757	45390902	45389734	45389820	1933	11,20,11,33,23,14,14,9,14,13,6,10,21,24,19,16,16,28,50,21,30	1,0,0,2,2,2,1,0,1,2,0,1,2,1,1,3,1,3,6,8,3	21,13,19,14,22,19,18,11	0,0,1,0,2,1,1,0	119	75	0.000204316745058	0.015398930498	0.874,1.0,1.0,0.912,0.879,0.815,0.898,1.0,0.898,0.804,1.0,0.863,0.869,0.938,0.923,0.771,0.91,0.855,0.84,0.623,0.863	1.0,1.0,0.923,1.0,0.874,0.923,0.919,1.0	-0.072
2041	ENSG00000078808	SDF4	chr1	-	1218768	1219005	1218768	1218927	1223243	1223357	2041	52,52,65,20,39,30,51,31,28,87,50,40,40,29,39,38,52,25,35,40,10	69,76,65,69,55,55,103,53,59,147,174,51,85,51,30,44,47,35,82,136,28	39,36,33,48,77,21,53,79	52,42,40,47,109,24,40,90	153	75	0.000106920715172	0.00911391753701	0.27,0.251,0.329,0.124,0.258,0.211,0.195,0.223,0.189,0.225,0.123,0.278,0.187,0.218,0.389,0.297,0.352,0.259,0.173,0.126,0.149	0.269,0.296,0.288,0.334,0.257,0.3,0.394,0.301	-0.075
2248	ENSG00000113761	ZNF346	chr5	+	177050702	177050936	177050750	177050936	177044388	177044533	2248	8,16,8,24,16,16,13,11,14,13,15,9,14,12,13,11,11,20,26,27,8	30,37,14,36,18,12,27,21,32,24,48,22,21,27,15,12,14,30,49,58,20	26,22,22,19,30,19,10,14	21,17,29,12,28,20,20,12	123	75	0.000106085055836	0.00911391753701	0.14,0.209,0.258,0.289,0.351,0.448,0.227,0.242,0.211,0.248,0.16,0.2,0.289,0.213,0.346,0.359,0.324,0.289,0.244,0.221,0.196	0.43,0.441,0.316,0.491,0.395,0.367,0.234,0.416	-0.126
2295	ENSG00000149187	CELF1	chr11	-	47478876	47478952	47478876	47478940	47482694	47482856	2295	59,53,58,75,46,39,63,38,44,65,77,57,47,44,34,55,54,61,132,104,41	8,7,5,14,4,4,4,6,6,10,30,5,8,2,4,6,3,9,14,15,3	92,40,90,55,84,58,83,25	5,3,6,1,6,2,6,3	87	75	1.49514574311e-05	0.00187543777487	0.864,0.867,0.909,0.822,0.908,0.894,0.931,0.845,0.863,0.849,0.689,0.908,0.835,0.95,0.88,0.888,0.939,0.854,0.89,0.857,0.922	0.941,0.92,0.928,0.979,0.923,0.962,0.923,0.878	-0.057
2303	ENSG00000134982	APC	chr5	+	112819106	112819344	112819268	112819344	112815494	112815593	2303	443,392,299,537,267,248,302,325,325,324,683,379,388,240,246,329,305,356,646,1627,336	20,16,14,21,5,7,9,10,14,20,18,25,22,13,9,14,17,20,46,108,20	346,316,357,230,344,326,314,329	21,26,14,21,26,28,15,25	237	75	0.000921071612656	0.0480477737751	0.875,0.886,0.871,0.89,0.944,0.918,0.914,0.911,0.88,0.837,0.923,0.828,0.848,0.854,0.896,0.881,0.85,0.849,0.816,0.827,0.842	0.839,0.794,0.89,0.776,0.807,0.787,0.869,0.806	0.052
2367	ENSG00000077454	LRCH4	chr7	-	100574010	100575304	100574010	100574356	100575704	100575782	2367	162,161,198,192,215,161,164,136,120,261,396,150,172,123,129,207,174,137,170,205,52	2,2,1,5,3,3,3,1,1,5,7,0,0,0,3,0,2,0,2,6,0	177,132,154,155,286,127,115,238	0,2,0,1,3,0,0,3	1023	75	0.000117831733958	0.00977884369898	0.856,0.855,0.936,0.738,0.84,0.797,0.8,0.909,0.898,0.793,0.806,1.0,1.0,1.0,0.759,1.0,0.864,1.0,0.862,0.715,1.0	1.0,0.829,1.0,0.919,0.875,1.0,1.0,0.853	-0.057
2405	ENSG00000291092	PMS2P3	chr7	-	75510930	75511289	75510930	75511114	75512588	75512675	2405	18,19,8,30,16,30,16,14,12,13,26,20,16,12,9,9,23,12,21,29,5	6,5,5,6,9,5,8,8,6,6,3,4,4,6,5,1,6,6,1,9,3	18,5,19,18,33,16,16,14	10,8,7,16,26,8,8,11	250	75	0.000654453920749	0.0374703373719	0.474,0.533,0.324,0.6,0.348,0.643,0.375,0.344,0.375,0.394,0.722,0.6,0.545,0.375,0.351,0.73,0.535,0.375,0.863,0.492,0.333	0.351,0.158,0.449,0.252,0.276,0.375,0.375,0.276	0.178
2785	ENSG00000109113	RAB34	chr17	-	28717212	28717620	28717212	28717425	28718121	28718167	2785	20,28,15,25,16,20,34,16,18,26,61,14,27,29,15,9,23,17,45,79,41	1,2,1,6,6,3,4,1,6,4,7,1,14,9,3,2,2,4,4,4,2	11,14,5,17,50,2,3,15	1,1,0,0,4,1,0,0	270	75	1.8922614391e-06	0.00032730147334	0.847,0.795,0.806,0.536,0.426,0.649,0.702,0.816,0.455,0.644,0.708,0.795,0.349,0.472,0.581,0.556,0.762,0.541,0.758,0.846,0.851	0.753,0.795,1.0,1.0,0.776,0.357,1.0,1.0	-0.173
2786	ENSG00000109113	RAB34	chr17	-	28717212	28717647	28717212	28717425	28718121	28718167	2786	22,29,19,28,20,24,37,19,24,29,69,14,29,30,15,10,27,18,49,86,43	1,2,1,6,6,3,4,1,6,4,7,1,14,9,3,2,2,4,4,4,2	13,18,6,19,52,3,3,16	1,1,0,0,4,1,0,0	297	75	1.81689201284e-06	0.000321023328548	0.847,0.785,0.828,0.541,0.457,0.669,0.7,0.828,0.503,0.647,0.713,0.78,0.343,0.457,0.558,0.558,0.773,0.532,0.756,0.844,0.844	0.767,0.82,1.0,1.0,0.767,0.431,1.0,1.0	-0.183
2798	ENSG00000110888	CAPRIN2	chr12	-	30709563	30710514	30709563	30710470	30711565	30711629	2798	26,22,33,50,20,38,29,25,26,30,66,16,48,35,24,28,17,26,34,46,24	47,37,42,38,24,20,18,22,34,65,38,33,29,28,21,33,42,30,53,61,16	32,16,32,14,10,20,22,19	42,44,34,42,55,30,37,30	119	75	0.000355098775249	0.0234900897287	0.259,0.273,0.331,0.453,0.344,0.545,0.504,0.417,0.325,0.225,0.523,0.234,0.511,0.441,0.419,0.348,0.203,0.353,0.288,0.322,0.486	0.324,0.186,0.372,0.174,0.103,0.296,0.273,0.285	0.12
2943	ENSG00000223855	PDGFA-DT	chr7	+	524364	525233	524853	525233	524079	524280	2943	19,2,6,21,22,8,26,4,26,26,11,4,4,5,21,19,7,17,8,22,17	0,4,2,0,1,0,1,1,1,3,0,2,1,2,0,2,0,0,0,1,0	9,13,11,11,15,5,3,6	1,1,3,0,4,3,0,1	564	75	0.000649624977712	0.0373239078104	1.0,0.062,0.285,1.0,0.745,1.0,0.776,0.347,0.776,0.535,1.0,0.21,0.347,0.25,1.0,0.558,1.0,1.0,1.0,0.745,1.0	0.545,0.634,0.328,1.0,0.333,0.181,1.0,0.444	0.139
2951	ENSG00000124151	NCOA3	chr20	+	47634017	47634195	47634047	47634195	47633495	47633636	2951	1,2,2,7,2,2,3,0,4,1,3,3,5,1,2,4,0,0,6,3,2	17,13,20,34,12,7,9,11,18,20,9,7,14,9,8,22,30,21,29,72,24	1,4,4,0,0,0,0,0	28,21,29,20,27,17,15,8	105	75	0.000339910296533	0.0227049703298	0.04,0.099,0.067,0.128,0.106,0.169,0.192,0.0,0.137,0.034,0.192,0.234,0.203,0.074,0.152,0.115,0.0,0.0,0.129,0.029,0.056	0.025,0.12,0.09,0.0,0.0,0.0,0.0,0.0	0.073
3180	ENSG00000154743	TSEN2	chr3	+	12531538	12531659	12531569	12531659	12529761	12529873	3180	3,1,1,8,3,4,3,2,7,1,2,1,0,5,2,3,3,1,4,2,2	19,20,19,22,14,18,15,9,13,16,16,14,8,15,21,18,22,26,42,66,13	4,4,2,8,8,6,6,7	16,21,20,17,21,14,16,9	106	75	3.27110273987e-05	0.00358338401477	0.1,0.034,0.036,0.205,0.132,0.136,0.124,0.136,0.276,0.042,0.081,0.048,0.0,0.191,0.063,0.105,0.088,0.026,0.063,0.021,0.098	0.15,0.119,0.066,0.25,0.212,0.233,0.21,0.355	-0.104
3248	ENSG00000133706	LARS1	chr5	-	146130017	146131109	146130017	146130158	146132897	146133081	3248	133,119,77,170,120,141,99,72,164,121,90,110,129,152,134,142,119,146,162,312,110	3,4,4,0,2,0,6,4,0,1,0,0,0,1,4,0,2,1,2,6,0	177,135,175,100,100,104,134,57	1,2,1,0,0,0,0,1	1026	75	9.4361633729e-08	2.50088768619e-05	0.764,0.685,0.585,1.0,0.814,1.0,0.547,0.568,1.0,0.898,1.0,1.0,1.0,0.917,0.71,1.0,0.813,0.914,0.856,0.792,1.0	0.928,0.831,0.927,1.0,1.0,1.0,1.0,0.806	-0.086
3684	ENSG00000121716	PILRB	chr7	+	100353372	100354012	100353894	100354012	100353209	100353270	3684	117,123,193,281,204,164,138,73,147,239,350,117,130,89,90,128,179,142,185,199,62	1,2,2,6,3,5,3,0,2,1,7,3,0,3,4,1,2,1,3,3,2	132,152,107,169,243,110,143,196	5,4,5,6,9,7,7,8	597	75	3.34491122911e-07	7.3284775089e-05	0.936,0.885,0.924,0.855,0.895,0.805,0.852,1.0,0.902,0.968,0.863,0.83,1.0,0.788,0.739,0.941,0.918,0.947,0.886,0.893,0.796	0.768,0.827,0.729,0.78,0.772,0.664,0.72,0.755	0.135
3723	ENSG00000106976	DNM1	chr9	+	128254005	128255244	128254653	128255244	128250724	128250940	3723	1299,1039,1088,1113,785,906,1096,934,983,1387,946,1037,943,614,739,916,1006,1188,2068,1403,402	128,45,73,30,62,55,66,65,54,88,45,47,56,33,32,31,44,25,46,89,18	913,678,692,1031,1637,584,776,620	125,53,76,92,206,82,67,54	723	75	7.21644966006e-15	1.48225876018e-11	0.513,0.705,0.607,0.794,0.568,0.631,0.633,0.598,0.654,0.62,0.686,0.696,0.636,0.659,0.706,0.754,0.703,0.831,0.823,0.621,0.698	0.431,0.57,0.486,0.538,0.452,0.425,0.546,0.544	0.174
3853	ENSG00000123200	ZC3H13	chr13	-	46045390	46045516	46045390	46045513	46052697	46052759	3853	8,9,8,20,6,10,9,8,11,9,10,4,7,11,3,8,9,3,7,29,7	4,0,2,5,1,3,0,3,1,1,0,4,0,2,1,2,2,1,2,6,2	4,2,10,8,7,7,5,3	0,0,0,1,1,0,1,1	78	75	9.01413555365e-06	0.00123436627434	0.658,1.0,0.794,0.794,0.852,0.762,1.0,0.719,0.914,0.896,1.0,0.49,1.0,0.841,0.743,0.794,0.812,0.743,0.771,0.823,0.771	1.0,1.0,1.0,0.885,0.871,1.0,0.828,0.743	-0.098
4017	ENSG00000129353	SLC44A2	chr19	+	10642896	10644557	10643278	10644557	10642366	10642451	4017	164,229,167,233,146,170,195,139,149,212,263,182,141,181,95,146,215,150,280,732,111	42,45,19,60,48,44,33,15,15,52,48,26,26,75,15,28,33,27,86,352,64	98,94,69,120,175,65,69,130	24,58,29,64,55,31,11,71	457	75	0.000101941631364	0.00891013237539	0.391,0.455,0.591,0.389,0.333,0.388,0.492,0.603,0.62,0.401,0.473,0.535,0.471,0.284,0.51,0.461,0.517,0.477,0.348,0.254,0.222	0.401,0.21,0.281,0.235,0.343,0.256,0.507,0.231	0.131
4063	ENSG00000142046	TMEM91	chr19	+	41383560	41384083	41383885	41384083	41382771	41382921	4063	26,23,67,27,27,29,30,17,17,41,23,28,14,27,14,18,47,36,30,32,12	1,1,4,5,0,4,3,4,2,3,1,0,1,0,1,0,2,5,2,5,4	31,9,16,15,39,8,5,25	4,5,3,6,5,1,7,4	400	75	4.35404595521e-05	0.00458626173949	0.83,0.812,0.758,0.503,1.0,0.576,0.652,0.443,0.614,0.719,0.812,1.0,0.724,1.0,0.724,1.0,0.815,0.574,0.738,0.545,0.36	0.592,0.252,0.5,0.319,0.594,0.6,0.118,0.54	0.284
4066	ENSG00000142046	TMEM91	chr19	+	41383714	41384083	41383885	41384083	41382771	41382921	4066	28,26,53,26,25,27,34,13,14,32,23,23,15,24,12,19,47,35,33,29,17	1,1,4,5,0,4,3,4,2,3,1,0,1,0,1,0,2,5,2,5,4	25,7,12,17,30,8,4,24	4,5,3,6,5,1,7,4	246	75	1.68650267325e-05	0.00206810536767	0.895,0.888,0.802,0.613,1.0,0.673,0.776,0.498,0.681,0.765,0.875,1.0,0.821,1.0,0.785,1.0,0.878,0.681,0.834,0.639,0.564	0.656,0.299,0.549,0.463,0.647,0.709,0.148,0.647	0.279
4342	ENSG00000130731	METTL26	chr16	-	634888	635063	634888	634956	635611	635774	4342	25,24,10,30,18,28,16,17,17,21,47,10,22,21,20,17,28,19,44,63,16	1,0,1,1,1,0,0,0,2,2,3,0,0,1,0,0,0,0,3,3,1	23,5,20,19,20,15,18,33	1,0,5,0,1,1,0,6	182	75	0.000380110380722	0.0246876433835	0.912,1.0,0.805,0.925,0.881,1.0,1.0,1.0,0.778,0.812,0.866,1.0,1.0,0.896,1.0,1.0,1.0,1.0,0.858,0.896,0.868	0.905,1.0,0.622,1.0,0.892,0.861,1.0,0.694	0.057
4412	ENSG00000290831	NSUN5P2	chr7	-	72948891	72949491	72948891	72949487	72949845	72949961	4412	25,11,22,29,28,23,31,21,15,24,32,10,18,9,15,22,18,16,23,34,12	0,3,4,1,2,2,2,2,1,5,5,3,2,0,1,0,2,1,1,7,2	23,15,22,20,30,16,27,48	6,3,4,1,8,5,5,7	79	75	0.000754447226463	0.0418633243188	1.0,0.777,0.839,0.965,0.93,0.916,0.936,0.909,0.934,0.82,0.859,0.76,0.895,1.0,0.934,1.0,0.895,0.938,0.956,0.822,0.851	0.784,0.826,0.839,0.95,0.781,0.752,0.837,0.867	0.072
4442	ENSG00000250067	YJEFN3	chr19	+	19533103	19535144	19535033	19535144	19532631	19532740	4442	519,333,556,159,404,221,331,201,196,600,336,258,135,147,253,222,331,213,232,182,62	154,61,68,58,41,49,98,41,74,125,215,74,69,26,35,42,73,75,128,407,75	497,378,334,700,1061,250,351,460	90,47,97,102,80,64,82,92	2005	75	3.59363394598e-09	1.64029425001e-06	0.112,0.17,0.234,0.093,0.269,0.144,0.112,0.155,0.09,0.152,0.055,0.115,0.068,0.175,0.213,0.165,0.145,0.096,0.063,0.016,0.03	0.171,0.231,0.114,0.204,0.332,0.127,0.138,0.158	-0.057
4519	ENSG00000077380	DYNC1I2	chr2	+	171707232	171707377	171707286	171707377	171692776	171692894	4519	17,11,16,64,37,12,15,16,17,17,8,21,20,29,27,64,19,28,42,263,12	56,70,26,159,39,40,59,35,53,34,88,33,68,86,41,52,50,63,150,568,140	25,29,21,25,42,32,22,49	49,34,65,49,61,39,44,78	129	75	0.000571413198678	0.0338969735765	0.15,0.084,0.264,0.19,0.355,0.149,0.129,0.21,0.157,0.225,0.05,0.27,0.146,0.164,0.277,0.417,0.181,0.205,0.14,0.212,0.047	0.229,0.332,0.158,0.229,0.286,0.323,0.225,0.268	-0.065
4849	ENSG00000226711	FAM66C	chr12	+	8194657	8194796	8194712	8194796	8194419	8194481	4849	12,9,16,27,13,14,12,5,17,5,12,12,13,8,10,9,22,19,39,11,10	2,2,2,3,3,0,3,1,1,3,11,2,0,0,2,0,1,3,4,7,2	12,8,24,10,17,12,16,8	3,0,0,1,1,3,0,1	130	75	0.000835513520593	0.0447203849198	0.776,0.722,0.822,0.839,0.714,1.0,0.698,0.743,0.907,0.49,0.386,0.776,1.0,1.0,0.743,1.0,0.927,0.785,0.849,0.476,0.743	0.698,1.0,1.0,0.852,0.907,0.698,1.0,0.822	-0.091
4872	ENSG00000094631	HDAC6	chrX	+	48818219	48820255	48820105	48820255	48818040	48818109	4872	122,144,149,220,95,124,127,89,124,182,267,124,110,99,89,119,139,155,207,234,94	3,8,2,2,4,1,5,4,4,5,4,3,4,3,3,6,6,5,5,1,2	104,103,83,127,127,59,70,160	7,14,9,6,11,8,12,9	1961	75	1.43839617994e-09	7.87857534292e-07	0.609,0.408,0.74,0.808,0.476,0.826,0.493,0.46,0.542,0.582,0.719,0.613,0.513,0.558,0.532,0.431,0.47,0.542,0.613,0.899,0.643	0.362,0.22,0.261,0.447,0.306,0.22,0.182,0.405	0.294
4972	ENSG00000253764	KBTBD11-AS1	chr8	-	1972539	1973036	1972539	1972663	1973147	1973345	4972	43,72,70,65,148,83,53,68,26,58,49,43,90,38,61,59,91,72,85,68,19	2,7,3,8,0,1,0,2,1,3,8,2,9,4,1,2,2,0,5,10,4	130,86,72,65,91,44,47,23	1,3,0,0,1,1,0,1	448	75	5.49133805094e-09	2.37457018034e-06	0.783,0.633,0.796,0.576,1.0,0.933,1.0,0.851,0.813,0.764,0.506,0.783,0.626,0.614,0.911,0.832,0.884,1.0,0.74,0.532,0.443	0.956,0.828,1.0,1.0,0.938,0.88,1.0,0.794	-0.162
5072	ENSG00000104365	IKBKB	chr8	+	42320674	42320844	42320734	42320844	42319269	42319421	5072	6,10,9,12,13,5,6,5,8,5,13,11,9,11,2,7,13,8,15,11,3	4,1,1,2,0,1,2,1,1,1,2,1,1,2,1,2,3,1,2,11,0	9,11,10,12,12,10,6,7	5,6,2,5,8,7,2,17	135	75	7.81751308232e-06	0.00109792628178	0.455,0.847,0.833,0.769,1.0,0.735,0.625,0.735,0.816,0.735,0.783,0.859,0.833,0.753,0.526,0.66,0.707,0.816,0.806,0.357,1.0	0.5,0.505,0.735,0.571,0.455,0.442,0.625,0.186	0.243
5230	ENSG00000110080	ST3GAL4	chr11	+	126413329	126413648	126413504	126413648	126409267	126409411	5230	3,5,3,5,6,2,7,8,2,8,10,1,3,0,9,9,7,2,8,18,0	29,22,16,33,15,24,19,9,15,21,21,14,15,20,15,23,24,36,47,192,7	3,3,12,11,10,3,1,20	11,11,21,10,11,8,19,30	250	75	7.56845456951e-06	0.00108929816331	0.03,0.064,0.053,0.043,0.107,0.024,0.1,0.211,0.038,0.103,0.125,0.021,0.057,0.0,0.153,0.105,0.08,0.016,0.049,0.027,0.0	0.076,0.076,0.146,0.248,0.214,0.101,0.016,0.167	-0.064
5256	ENSG00000166501	PRKCB	chr16	+	24214657	24220611	24219960	24220611	24191089	24191230	5256	14117,9030,8376,14463,6544,11164,9939,9082,13501,11352,12048,11851,12574,6678,8037,10271,11201,12875,21772,23394,9839	42,26,33,112,12,26,36,51,40,43,26,30,50,31,14,37,21,35,77,115,26	20945,7497,18735,11578,11950,14930,17443,5523	41,17,58,10,26,29,38,7	5378	75	7.56986726635e-08	2.14462170553e-05	0.824,0.829,0.78,0.643,0.884,0.857,0.794,0.713,0.825,0.786,0.866,0.846,0.778,0.75,0.889,0.795,0.881,0.837,0.798,0.739,0.841	0.877,0.86,0.818,0.942,0.865,0.878,0.865,0.917	-0.07
5269	ENSG00000160145	KALRN	chr3	+	124434306	124434525	124434333	124434525	124430655	124430775	5269	287,263,255,280,155,211,231,226,245,259,385,166,246,145,165,206,253,304,447,420,175	22,11,6,12,16,17,25,15,16,21,20,17,18,4,10,13,15,23,27,26,9	261,222,314,223,346,255,282,297	45,19,36,27,62,29,34,41	102	75	4.77395900589e-15	1.12065277693e-11	0.906,0.946,0.969,0.945,0.877,0.901,0.872,0.917,0.918,0.901,0.934,0.878,0.909,0.964,0.924,0.921,0.925,0.907,0.924,0.922,0.935	0.81,0.896,0.865,0.859,0.804,0.866,0.859,0.842	0.069
5338	ENSG00000145362	ANK2	chr4	+	113317706	113317809	113317721	113317809	113313683	113313695	5338	116,49,45,83,43,45,63,60,64,57,56,65,71,38,36,49,50,73,104,193,43	83,69,27,92,86,30,71,80,94,67,44,84,85,34,31,48,42,46,59,128,17	63,47,60,69,94,60,42,78	194,101,192,228,302,162,177,97	90	75	0	0.0	0.538,0.372,0.581,0.429,0.294,0.556,0.425,0.385,0.362,0.415,0.515,0.392,0.41,0.482,0.492,0.46,0.498,0.569,0.595,0.557,0.678	0.213,0.279,0.207,0.201,0.206,0.236,0.165,0.401	0.238
5842	ENSG00000197555	SIPA1L1	chr14	+	71704720	71705340	71705221	71705340	71702380	71702505	5842	275,196,155,321,176,228,165,197,253,272,233,231,264,158,242,198,236,296,466,293,130	39,37,43,27,32,41,54,22,37,63,61,29,33,17,32,37,51,23,73,70,32	365,234,373,198,182,261,290,118	28,19,19,16,14,13,13,17	576	75	8.28118795759e-10	5.03986964886e-07	0.479,0.408,0.319,0.608,0.417,0.42,0.285,0.538,0.471,0.36,0.332,0.509,0.51,0.548,0.496,0.411,0.376,0.626,0.454,0.353,0.346	0.629,0.616,0.719,0.617,0.629,0.723,0.744,0.475	-0.203
5868	ENSG00000242588	NA	chr7	+	128533644	128533730	128533647	128533730	128531706	128531800	5868	5,6,13,5,7,10,10,3,7,5,6,3,8,8,6,4,3,1,4,7,1	2,2,3,5,3,0,1,2,1,2,0,2,1,3,0,2,2,0,2,6,1	2,4,12,1,13,2,6,3	1,0,0,0,5,0,1,1	78	75	9.11045802802e-05	0.00813603512589	0.706,0.743,0.806,0.49,0.692,1.0,0.906,0.591,0.871,0.706,1.0,0.591,0.885,0.719,1.0,0.658,0.591,1.0,0.658,0.529,0.49	0.658,1.0,1.0,1.0,0.714,1.0,0.852,0.743	-0.126
6031	ENSG00000135926	TMBIM1	chr2	-	218277934	218278165	218277934	218277974	218278514	218278565	6031	9,27,23,29,16,7,17,9,10,31,25,19,19,24,14,12,21,16,35,31,10	25,109,91,152,40,28,35,21,18,55,66,20,83,187,29,40,80,37,264,324,124	21,25,7,24,29,11,18,32	15,117,12,32,58,17,8,29	266	75	7.02455538182e-10	4.61709976136e-07	0.092,0.065,0.067,0.051,0.101,0.066,0.12,0.108,0.135,0.137,0.096,0.211,0.061,0.035,0.12,0.078,0.069,0.109,0.036,0.026,0.022	0.283,0.057,0.141,0.175,0.124,0.154,0.388,0.237	-0.109
6170	ENSG00000147050	KDM6A	chrX	+	45062646	45063817	45063421	45063817	45061323	45061419	6170	53,28,21,85,67,41,26,66,38,48,16,24,39,54,46,60,46,56,73,74,26	0,1,0,0,2,1,1,2,2,1,2,3,2,0,1,0,2,0,2,11,0	36,44,45,25,34,30,43,16	0,3,3,0,1,0,0,0	850	75	2.18904817878e-05	0.00258780141538	1.0,0.712,1.0,1.0,0.747,0.783,0.696,0.744,0.626,0.809,0.414,0.414,0.632,1.0,0.802,1.0,0.67,1.0,0.763,0.372,1.0	1.0,0.564,0.57,1.0,0.75,1.0,1.0,1.0	-0.09
6222	ENSG00000255910	NA	chr12	+	19974624	19974727	19974627	19974727	19974440	19974504	6222	3,5,1,1,7,4,4,1,1,4,4,1,4,3,1,6,6,6,26,14,5	0,1,1,1,0,1,1,0,0,0,2,0,0,1,0,2,1,5,6,4,2	2,1,1,4,1,4,1,1	1,0,0,0,0,0,0,0	78	75	0.000648541907304	0.0373239078104	1.0,0.828,0.49,0.49,1.0,0.794,0.794,1.0,1.0,1.0,0.658,1.0,1.0,0.743,1.0,0.743,0.852,0.536,0.806,0.771,0.706	0.658,1.0,1.0,1.0,1.0,1.0,1.0,1.0	-0.138
6356	ENSG00000255717	SNHG1	chr11	-	62854518	62854938	62854518	62854551	62855132	62855216	6356	34,21,30,82,32,52,37,37,41,30,38,45,55,50,57,38,38,73,119,198,98	1,1,2,1,2,0,0,0,0,1,0,0,0,1,0,0,3,1,0,31,5	49,43,32,20,23,13,22,27	0,2,0,0,0,0,0,0	462	75	2.74086337071e-07	6.08619823074e-05	0.847,0.773,0.709,0.93,0.722,1.0,1.0,1.0,1.0,0.83,1.0,1.0,1.0,0.89,1.0,1.0,0.673,0.922,1.0,0.509,0.761	1.0,0.777,1.0,1.0,1.0,1.0,1.0,1.0	-0.088
6665	ENSG00000213930	GALT	chr9	+	34647540	34648171	34648114	34648171	34647088	34647258	6665	130,129,114,115,105,113,125,90,84,226,71,99,96,70,103,111,146,84,147,132,46	2,3,2,8,1,6,2,2,2,5,7,0,4,1,0,1,1,4,5,5,1	105,148,139,168,180,113,102,177	2,0,1,1,0,2,1,3	649	75	6.8698308372e-06	0.000998982834663	0.883,0.832,0.868,0.624,0.924,0.685,0.878,0.839,0.829,0.839,0.54,1.0,0.735,0.89,1.0,0.928,0.944,0.708,0.773,0.753,0.842	0.858,1.0,0.941,0.951,1.0,0.867,0.922,0.872	-0.102
6667	ENSG00000213930	GALT	chr9	+	34648047	34648171	34648114	34648171	34647088	34647258	6667	9,17,16,6,6,5,8,8,9,21,8,9,8,6,15,4,19,4,6,10,2	2,3,2,8,1,6,2,2,2,5,7,0,4,1,0,1,1,4,5,5,1	10,14,16,10,16,10,6,17	2,0,1,1,0,2,1,3	142	75	7.01612129539e-05	0.00666409856219	0.704,0.75,0.809,0.284,0.76,0.306,0.679,0.679,0.704,0.689,0.376,1.0,0.514,0.76,1.0,0.679,0.909,0.346,0.388,0.514,0.514	0.725,1.0,0.894,0.841,1.0,0.725,0.76,0.75	-0.2
6845	ENSG00000290912	NA	chr15	+	23310151	23310297	23310187	23310297	23309606	23309735	6845	19,6,12,29,12,18,3,1,9,15,1,9,11,8,3,10,3,24,20,21,10	0,6,4,1,4,1,2,1,1,11,0,0,0,0,2,8,11,1,14,2,0	2,3,15,10,1,9,19,9	10,17,9,3,10,4,0,8	111	75	0.000195023796829	0.0147678849285	1.0,0.403,0.67,0.951,0.67,0.924,0.503,0.403,0.859,0.48,1.0,1.0,1.0,1.0,0.503,0.458,0.156,0.942,0.491,0.876,1.0	0.119,0.107,0.53,0.693,0.063,0.603,1.0,0.432	0.285
6940	ENSG00000160932	LY6E	chr8	+	143020882	143020991	143020887	143020991	143020261	143020377	6940	17,9,9,15,16,10,12,14,11,32,30,7,11,2,9,12,9,14,44,61,10	4,5,1,4,2,2,4,2,4,3,2,4,6,0,1,0,2,2,10,12,3	16,9,21,17,23,5,11,21	1,3,1,0,1,1,1,4	80	75	0.000615962565359	0.0358918328865	0.799,0.628,0.894,0.779,0.882,0.824,0.738,0.868,0.721,0.909,0.934,0.621,0.632,1.0,0.894,1.0,0.808,0.868,0.805,0.827,0.758	0.938,0.738,0.952,1.0,0.956,0.824,0.912,0.831	-0.075
7113	ENSG00000143842	SOX13	chr1	+	204121870	204121985	204121899	204121985	204117592	204117707	7113	2,2,5,2,2,1,4,3,0,6,1,2,2,0,3,1,3,2,2,3,1	2,7,1,9,13,1,3,2,2,8,12,1,6,1,1,3,6,5,7,23,2	2,1,1,1,2,0,0,0	2,7,2,5,3,4,6,7	104	75	4.8250271886e-05	0.00492452464367	0.419,0.171,0.783,0.138,0.1,0.419,0.49,0.52,0.0,0.351,0.057,0.591,0.194,0.0,0.684,0.194,0.265,0.224,0.171,0.086,0.265	0.419,0.093,0.265,0.126,0.325,0.0,0.0,0.0	0.138
7122	ENSG00000203279	NA	chr9	-	97185441	97185515	97185441	97185512	97186174	97186272	7122	4,2,1,1,1,0,0,0,2,2,1,3,2,0,1,0,1,1,2,0,0	5,8,6,7,4,3,4,3,1,2,3,3,5,4,5,1,4,7,8,6,5	2,1,0,1,4,1,1,5	5,6,5,2,10,5,4,2	78	75	4.77120972068e-05	0.00490003238314	0.435,0.194,0.138,0.121,0.194,0.0,0.0,0.0,0.658,0.49,0.243,0.49,0.278,0.0,0.161,0.0,0.194,0.121,0.194,0.0,0.0	0.278,0.138,0.0,0.325,0.278,0.161,0.194,0.706	-0.074
7339	ENSG00000143469	SYT14	chr1	+	210015180	210017099	210015683	210017099	210013632	210013797	7339	25,40,12,64,21,37,10,21,26,18,3,41,24,30,17,33,23,50,54,63,16	0,2,0,2,2,0,2,0,2,2,0,2,4,1,0,1,2,0,1,9,4	30,18,28,27,29,21,20,10	1,0,0,0,0,0,0,0	578	75	5.78370684678e-12	7.31060545433e-09	1.0,0.722,1.0,0.806,0.577,1.0,0.393,1.0,0.628,0.539,1.0,0.727,0.438,0.796,1.0,0.811,0.599,1.0,0.875,0.476,0.342	0.796,1.0,1.0,1.0,1.0,1.0,1.0,1.0	-0.226
7414	ENSG00000196150	ZNF250	chr8	-	144889932	144890074	144889932	144890059	144890307	144890403	7414	3,7,8,6,1,4,3,4,4,5,15,0,5,0,5,1,4,9,6,7,0	14,11,15,19,12,13,16,14,16,14,22,5,20,13,12,11,25,14,18,19,12	1,1,2,2,2,4,2,2	9,8,12,20,23,17,7,31	90	75	0.000244712294535	0.0178716107724	0.152,0.347,0.308,0.208,0.065,0.204,0.135,0.192,0.172,0.229,0.362,0.0,0.172,0.0,0.258,0.07,0.118,0.349,0.217,0.235,0.0	0.085,0.094,0.122,0.077,0.068,0.164,0.192,0.051	0.074
7441	ENSG00000198300	PEG3	chr19	-	56824261	56824514	56824261	56824427	56836017	56836104	7441	56,41,43,56,25,29,44,40,26,53,65,47,40,18,30,40,46,59,47,98,34	132,117,138,125,73,103,109,87,81,133,262,81,119,80,61,100,88,100,174,157,94	78,42,77,68,70,51,52,72	104,46,141,113,139,105,101,108	162	75	2.24450174002e-07	5.33732454188e-05	0.164,0.14,0.126,0.172,0.137,0.115,0.157,0.176,0.129,0.156,0.103,0.212,0.135,0.094,0.185,0.156,0.195,0.215,0.111,0.224,0.143	0.258,0.297,0.202,0.218,0.189,0.184,0.192,0.236	-0.067
7576	ENSG00000290574	NA	chr6	+	30009037	30009177	30009144	30009177	30008584	30008701	7576	5,2,8,1,3,4,8,2,3,7,6,5,4,5,5,5,1,1,4,5,2	0,1,1,3,0,1,0,0,2,1,2,0,0,3,0,0,0,0,10,6,4	4,5,3,6,7,5,6,5	1,0,0,0,0,0,1,2	182	75	1.6077123418e-05	0.0019863104662	1.0,0.452,0.767,0.121,1.0,0.622,1.0,1.0,0.382,0.743,0.553,1.0,1.0,0.407,1.0,1.0,1.0,1.0,0.142,0.256,0.171	0.622,1.0,1.0,1.0,1.0,1.0,0.712,0.507	-0.159
7603	ENSG00000291230	NAPSB	chr19	-	50334306	50334557	50334306	50334405	50334828	50334973	7603	6,6,15,11,2,3,14,2,1,13,13,5,7,8,8,10,10,1,10,10,10	3,1,34,5,1,0,2,0,2,1,17,1,5,1,2,3,1,0,11,12,4	7,4,3,8,7,2,8,2	1,3,0,0,0,3,0,0	227	75	7.18073682039e-05	0.00674250671044	0.398,0.665,0.127,0.421,0.398,1.0,0.698,1.0,0.142,0.811,0.202,0.623,0.316,0.726,0.569,0.524,0.768,1.0,0.231,0.216,0.452	0.698,0.306,1.0,1.0,1.0,0.181,1.0,1.0	-0.236
7740	ENSG00000163904	SENP2	chr3	+	185598957	185599024	185598991	185599024	185598411	185598545	7740	99,91,61,158,42,70,72,53,92,92,84,67,102,54,49,81,66,104,212,299,81	7,4,13,15,7,4,8,11,14,3,8,5,8,7,8,8,4,9,21,22,10	106,79,115,50,61,90,89,92	6,5,4,2,6,8,2,5	109	75	0.000526874327594	0.0320651813001	0.907,0.94,0.764,0.879,0.805,0.923,0.861,0.768,0.819,0.955,0.878,0.902,0.898,0.841,0.808,0.874,0.919,0.888,0.874,0.903,0.848	0.924,0.916,0.952,0.945,0.875,0.886,0.968,0.927	-0.055
7751	ENSG00000113327	GABRG2	chr5	+	162150994	162151753	162151729	162151753	162149107	162149313	7751	90,88,58,241,89,118,66,40,116,92,237,81,115,72,102,78,71,113,160,114,260	78,62,41,149,61,38,34,50,65,63,44,51,51,47,31,38,48,89,119,353,134	146,118,141,98,118,120,130,30	117,99,153,70,154,119,145,44	810	75	4.48343070447e-08	1.39003270445e-05	0.097,0.116,0.116,0.13,0.119,0.223,0.152,0.069,0.142,0.119,0.333,0.128,0.173,0.124,0.234,0.16,0.12,0.105,0.111,0.029,0.152	0.104,0.099,0.079,0.115,0.066,0.085,0.077,0.059	0.055
7781	ENSG00000099814	CEP170B	chr14	+	104889514	104889758	104889619	104889758	104886274	104887978	7781	176,160,202,200,122,172,183,148,155,246,379,156,119,121,100,129,127,216,328,339,61	9,5,11,11,12,2,5,10,4,13,6,6,3,5,3,2,3,5,8,23,0	155,113,192,125,272,157,171,67	17,22,17,13,49,13,21,8	180	75	0	0.0	0.891,0.93,0.884,0.883,0.809,0.973,0.938,0.86,0.942,0.887,0.963,0.915,0.943,0.91,0.933,0.964,0.946,0.947,0.945,0.86,1.0	0.792,0.682,0.825,0.8,0.698,0.834,0.772,0.777	0.148
7807	ENSG00000128694	OSGEPL1	chr2	-	189746659	189747331	189746659	189747168	189750549	189750656	7807	16,32,12,51,22,12,9,13,19,30,37,20,24,28,22,26,24,34,58,76,9	1,0,0,17,2,2,2,3,1,1,1,1,2,2,0,3,1,3,5,4,5	30,29,30,33,35,14,15,40	2,0,0,1,1,1,0,1	238	75	1.21135854569e-07	3.15953073377e-05	0.834,1.0,1.0,0.486,0.776,0.654,0.586,0.577,0.857,0.904,0.921,0.863,0.791,0.815,1.0,0.732,0.883,0.781,0.785,0.857,0.362	0.825,1.0,1.0,0.912,0.917,0.815,1.0,0.926	-0.14
7923	ENSG00000102977	ACD	chr16	-	67658927	67659419	67658927	67659079	67659536	67659613	7923	46,75,85,60,48,86,61,59,78,114,104,62,49,42,46,54,99,84,108,112,20	9,2,7,6,2,3,1,0,1,4,0,5,2,2,3,1,3,2,5,27,4	98,49,55,66,94,50,57,54	0,2,1,0,1,2,2,4	415	75	0.000598478432469	0.035122134294	0.48,0.871,0.687,0.644,0.813,0.838,0.917,1.0,0.934,0.837,1.0,0.691,0.816,0.791,0.735,0.907,0.856,0.884,0.796,0.428,0.475	1.0,0.816,0.909,1.0,0.944,0.819,0.837,0.709	-0.098
8445	ENSG00000152778	IFIT5	chr10	+	89417187	89420997	89417204	89420997	89414567	89414803	8445	1,3,0,7,2,3,0,2,4,1,3,0,2,4,4,4,4,4,4,6,2	29,13,16,21,20,20,18,8,28,16,22,21,10,14,15,20,22,21,28,74,24	1,1,3,1,1,2,0,0	23,22,30,18,14,9,22,10	92	75	0.000413887841335	0.0263604845303	0.027,0.158,0.0,0.214,0.075,0.109,0.0,0.169,0.104,0.048,0.1,0.0,0.14,0.189,0.179,0.14,0.129,0.134,0.104,0.062,0.064	0.034,0.036,0.075,0.043,0.055,0.153,0.0,0.0	0.053
8568	ENSG00000186594	MIR22HG	chr17	-	1711503	1712646	1711503	1712399	1713702	1714014	8568	43,32,21,46,15,18,24,32,20,25,133,32,29,16,24,25,12,43,51,175,64	3,2,0,3,1,1,2,1,0,1,0,1,0,0,1,1,2,0,4,9,7	41,22,40,13,45,22,23,22	1,0,0,0,1,1,3,0	322	75	2.41990137051e-06	0.000399068409282	0.77,0.788,1.0,0.781,0.777,0.807,0.736,0.882,1.0,0.853,1.0,0.882,1.0,1.0,0.848,0.853,0.583,1.0,0.748,0.819,0.68	0.905,1.0,1.0,1.0,0.913,0.837,0.641,1.0	-0.064
8717	ENSG00000163374	YY1AP1	chr1	-	155659500	155660933	155659500	155660913	155661306	155661423	8717	8,11,4,9,7,2,7,11,6,7,6,8,11,4,5,7,9,7,12,24,9	33,22,23,58,22,33,22,19,23,40,49,32,34,36,27,23,26,31,86,51,26	13,11,16,14,10,7,16,8	41,18,33,35,32,20,34,18	95	75	0.000911062943334	0.0478167905037	0.161,0.283,0.121,0.109,0.201,0.046,0.201,0.314,0.171,0.121,0.088,0.165,0.203,0.081,0.128,0.194,0.215,0.151,0.099,0.271,0.215	0.2,0.325,0.277,0.24,0.198,0.216,0.271,0.26	-0.08
8880	ENSG00000213928	IRF9	chr14	+	24164613	24165962	24165846	24165962	24164062	24164134	8880	170,263,231,395,204,153,195,136,150,502,821,159,253,201,168,231,288,201,379,405,102	3,6,3,2,1,2,0,0,1,11,3,0,4,5,1,2,1,1,8,30,6	170,207,90,111,208,73,133,285	0,1,2,3,0,0,0,1	1308	75	3.98659780132e-06	0.000623883572108	0.765,0.715,0.815,0.919,0.921,0.814,1.0,1.0,0.896,0.724,0.94,1.0,0.784,0.697,0.906,0.869,0.943,0.92,0.731,0.436,0.494	1.0,0.922,0.721,0.68,1.0,1.0,1.0,0.942	-0.085
8882	ENSG00000213928	IRF9	chr14	+	24165053	24165962	24165846	24165962	24164062	24164955	8882	74,97,92,162,85,83,89,56,58,210,302,73,108,87,89,105,127,93,142,87,29	12,21,17,30,16,12,20,11,14,41,110,3,22,15,14,8,19,19,74,71,16	76,83,42,39,79,29,62,111	20,33,16,11,23,14,20,47	868	75	0.000450437628289	0.0283585866209	0.348,0.285,0.319,0.318,0.315,0.374,0.278,0.305,0.264,0.307,0.192,0.678,0.298,0.334,0.355,0.531,0.366,0.297,0.142,0.096,0.135	0.247,0.179,0.185,0.235,0.229,0.152,0.211,0.169	0.11
8883	ENSG00000213928	IRF9	chr14	+	24165056	24165962	24165846	24165962	24164062	24164955	8883	75,100,95,164,90,83,93,58,59,214,305,76,111,92,90,105,130,93,143,95,30	12,21,17,30,16,12,20,11,14,41,110,3,22,15,14,8,19,19,74,71,16	74,83,43,42,84,29,62,112	20,33,16,11,23,14,20,47	865	75	0.000359138772082	0.0235114275014	0.351,0.292,0.326,0.322,0.328,0.375,0.287,0.314,0.268,0.312,0.194,0.687,0.304,0.347,0.358,0.532,0.372,0.298,0.144,0.104,0.14	0.243,0.179,0.189,0.249,0.241,0.152,0.212,0.171	0.112
9374	ENSG00000170579	DLGAP1	chr18	-	3581874	3582248	3581874	3582164	3729134	3729375	9374	235,225,220,317,74,230,193,196,200,185,162,150,217,109,156,200,171,290,435,562,204	22,16,20,30,3,19,25,23,17,27,53,13,25,14,13,16,22,33,40,37,24	303,98,336,107,259,232,231,83	13,6,17,5,22,11,14,4	159	75	1.89217726265e-07	4.57239070292e-05	0.834,0.869,0.838,0.833,0.921,0.851,0.785,0.801,0.847,0.764,0.59,0.845,0.804,0.786,0.85,0.855,0.786,0.806,0.837,0.878,0.8	0.917,0.885,0.903,0.91,0.847,0.909,0.886,0.907	-0.077
9446	ENSG00000151067	CACNA1C	chr12	+	2674483	2674642	2674540	2674642	2668932	2669035	9446	9,15,13,23,10,20,13,10,18,22,52,16,13,14,7,8,11,12,14,5,6	51,30,45,34,31,47,37,25,34,61,70,37,41,17,25,32,29,36,56,28,24	12,7,14,13,21,12,9,8	51,42,46,43,85,35,44,57	132	75	0.00070986669754	0.0398106811399	0.091,0.221,0.141,0.278,0.155,0.195,0.166,0.185,0.231,0.17,0.297,0.197,0.153,0.319,0.137,0.124,0.177,0.159,0.124,0.092,0.124	0.118,0.087,0.147,0.147,0.123,0.163,0.104,0.074	0.058
9658	ENSG00000067365	METTL22	chr16	+	8644528	8644725	8644556	8644725	8642462	8642565	9658	2,4,1,2,4,3,5,2,0,4,7,4,2,1,3,2,0,1,6,3,8	7,13,16,16,13,28,16,9,10,23,22,10,10,11,9,7,9,8,26,43,7	1,0,1,3,5,1,1,1	17,13,19,23,21,10,16,27	103	75	0.000340964085908	0.0227049703298	0.172,0.183,0.044,0.083,0.183,0.072,0.185,0.139,0.0,0.112,0.188,0.226,0.127,0.062,0.195,0.172,0.0,0.083,0.144,0.048,0.454	0.041,0.0,0.037,0.087,0.148,0.068,0.044,0.026	0.08
9969	ENSG00000114867	EIF4G1	chr3	+	184317746	184317816	184317749	184317816	184317320	184317497	9969	7,4,5,4,5,4,4,3,4,5,4,8,0,4,3,2,5,7,15,26,4	2,2,2,2,3,0,3,2,2,1,1,2,4,1,1,5,1,0,6,7,2	2,4,3,0,7,3,8,7	2,0,0,1,3,0,0,2	78	75	0.000966264957939	0.049773246987	0.771,0.658,0.706,0.658,0.616,1.0,0.562,0.591,0.658,0.828,0.794,0.794,0.0,0.794,0.743,0.278,0.828,1.0,0.706,0.781,0.658	0.49,1.0,1.0,0.0,0.692,1.0,1.0,0.771	-0.057
10018	ENSG00000310526	WASH7P	chr1	-	15795	16310	15795	15947	16606	16765	10018	26,20,18,37,26,9,17,22,17,22,55,36,20,17,9,35,15,6,25,24,4	0,1,0,0,0,0,1,0,1,1,14,0,0,0,0,0,0,0,1,1,0	27,63,26,16,52,62,14,49	5,2,0,0,6,0,1,3	438	75	2.4176072666e-07	5.51751702844e-05	1.0,0.774,1.0,1.0,1.0,1.0,0.744,1.0,0.744,0.79,0.402,1.0,1.0,1.0,1.0,1.0,1.0,1.0,0.811,0.804,1.0	0.48,0.844,1.0,1.0,0.597,1.0,0.706,0.737	0.113
10035	ENSG00000310526	WASH7P	chr1	-	16857	17742	16857	17048	17914	18061	10035	38,63,52,38,58,25,64,26,19,75,73,41,33,17,39,20,60,30,30,11,3	0,0,0,1,0,2,1,0,1,2,3,0,0,0,0,0,1,0,2,5,0	55,36,23,53,65,40,27,34	1,4,5,1,3,1,2,0	769	75	1.32888389182e-09	7.52973107255e-07	1.0,1.0,1.0,0.788,1.0,0.549,0.862,1.0,0.649,0.785,0.704,1.0,1.0,1.0,1.0,1.0,0.854,1.0,0.594,0.177,1.0	0.843,0.467,0.31,0.838,0.679,0.796,0.568,1.0	0.168
10101	ENSG00000157450	RNF111	chr15	+	59084101	59084254	59084128	59084254	59080935	59081284	10101	2,2,1,3,3,5,3,2,2,0,0,1,8,0,1,2,0,1,4,5,3	12,13,9,20,12,8,15,11,10,12,11,5,14,12,2,4,9,18,11,18,2	0,2,0,0,2,1,3,0	15,3,9,6,13,5,10,3	102	75	0.000408739229426	0.026133863883	0.109,0.102,0.076,0.099,0.155,0.315,0.128,0.118,0.128,0.0,0.0,0.128,0.296,0.0,0.269,0.269,0.0,0.039,0.211,0.17,0.524	0.0,0.329,0.0,0.0,0.102,0.128,0.181,0.0	0.057
10169	ENSG00000130294	KIF1A	chr2	-	240770970	240771179	240770970	240771104	240772569	240772596	10169	287,210,211,278,175,120,169,191,182,243,196,190,191,165,109,156,154,194,277,561,111	367,329,325,456,177,297,299,246,289,362,396,250,307,185,174,213,205,441,599,604,162	322,254,357,192,459,317,317,289	338,202,406,243,546,318,355,334	150	75	1.91224514001e-09	9.40940114533e-07	0.281,0.242,0.245,0.234,0.331,0.168,0.22,0.28,0.239,0.251,0.198,0.275,0.237,0.308,0.239,0.268,0.273,0.18,0.188,0.317,0.255	0.323,0.386,0.305,0.283,0.296,0.333,0.309,0.302	-0.068
10170	ENSG00000130294	KIF1A	chr2	-	240770970	240771179	240770970	240771104	240773113	240773256	10170	173,129,125,145,103,77,119,106,106,146,120,110,116,98,72,97,106,103,133,305,45	214,217,174,317,148,212,224,144,177,225,396,163,172,187,146,227,177,186,448,797,143	159,152,177,130,336,162,169,200	202,129,206,202,298,150,146,381	150	75	3.41216943589e-10	2.54858037139e-07	0.288,0.229,0.264,0.186,0.258,0.154,0.21,0.269,0.23,0.245,0.132,0.252,0.252,0.208,0.198,0.176,0.23,0.217,0.129,0.161,0.136	0.282,0.371,0.301,0.243,0.361,0.351,0.367,0.208	-0.1
10175	ENSG00000117640	MTFR1L	chr1	+	25822995	25823128	25823018	25823128	25820442	25820659	10175	2,4,4,4,4,8,3,4,2,3,4,3,2,3,0,3,4,7,8,10,4	3,3,3,3,2,3,7,2,2,2,5,2,0,0,3,1,2,3,12,3,3	4,4,4,3,11,3,4,9	1,1,2,0,3,0,0,3	98	75	0.000154292155975	0.012189080322	0.338,0.505,0.505,0.505,0.605,0.671,0.247,0.605,0.434,0.534,0.38,0.534,1.0,1.0,0.0,0.697,0.605,0.641,0.338,0.718,0.505	0.754,0.754,0.605,1.0,0.737,1.0,1.0,0.697	-0.277
10202	ENSG00000156642	NPTN	chr15	-	73563235	73563257	73563235	73563245	73570149	73570423	10202	76,94,115,96,49,71,73,54,91,80,85,64,90,64,63,50,76,109,202,273,136	420,241,188,422,183,251,270,261,352,345,357,273,244,112,179,219,265,390,553,935,160	45,51,54,27,39,30,28,38	405,230,492,266,259,305,391,210	87	75	0	0.0	0.135,0.252,0.345,0.164,0.188,0.196,0.189,0.151,0.182,0.167,0.17,0.168,0.241,0.33,0.233,0.164,0.198,0.194,0.239,0.201,0.423	0.087,0.16,0.086,0.08,0.115,0.078,0.058,0.135	0.116
10230	ENSG00000001497	LAS1L	chrX	-	65517986	65522285	65517986	65518465	65523559	65523707	10230	533,722,641,742,605,545,508,460,636,865,528,528,608,630,509,574,693,665,701,1142,280	10,11,21,16,7,15,8,13,5,19,49,7,12,20,8,12,7,13,17,31,8	888,740,762,820,1187,633,629,729	7,6,8,4,8,5,2,23	3895	75	2.42209406925e-05	0.00280280632013	0.506,0.558,0.37,0.472,0.625,0.412,0.55,0.405,0.71,0.467,0.172,0.592,0.494,0.378,0.551,0.479,0.656,0.496,0.443,0.415,0.403	0.71,0.704,0.647,0.798,0.741,0.709,0.858,0.379	-0.21
10236	ENSG00000001497	LAS1L	chrX	-	65524055	65524614	65524055	65524262	65524964	65525050	10236	169,147,122,143,111,167,137,113,144,141,153,131,144,101,123,148,192,101,113,154,42	8,9,6,16,9,7,4,3,3,5,9,5,10,6,7,7,6,11,16,47,6	158,142,142,157,260,139,142,161	3,3,2,7,8,7,2,5	427	75	1.34521771928e-05	0.00171353624521	0.788,0.742,0.781,0.611,0.684,0.807,0.857,0.869,0.894,0.832,0.749,0.821,0.717,0.747,0.755,0.788,0.849,0.617,0.554,0.365,0.551	0.902,0.893,0.926,0.798,0.851,0.777,0.926,0.85	-0.133
10364	ENSG00000000460	FIRRM	chr1	+	169804074	169804240	169804111	169804240	169803168	169803309	10364	5,11,2,14,8,6,1,4,4,3,3,4,6,9,4,13,3,12,12,30,8	1,1,1,1,2,0,1,0,2,1,0,0,0,3,2,1,2,4,2,1,1	9,1,6,3,3,7,1,1	3,2,0,1,1,2,2,0	112	75	8.77851414416e-05	0.00796953284071	0.77,0.88,0.573,0.904,0.728,1.0,0.401,1.0,0.573,0.668,1.0,1.0,1.0,0.668,0.573,0.897,0.501,0.668,0.801,0.953,0.843	0.668,0.251,1.0,0.668,0.668,0.701,0.251,1.0	0.13
10372	ENSG00000109339	MAPK10	chr4	-	86151990	86152196	86151990	86152144	86152462	86152629	10372	10,8,11,16,13,21,6,10,18,10,6,8,19,12,12,11,17,8,11,11,11	1,0,0,3,4,2,3,2,0,2,4,0,1,0,1,2,0,2,5,8,2	12,7,16,14,12,11,9,5	0,2,0,0,0,0,0,0	127	75	7.71994690396e-11	7.46200985446e-08	0.855,1.0,1.0,0.759,0.657,0.861,0.542,0.747,1.0,0.747,0.47,1.0,0.918,1.0,0.876,0.765,1.0,0.703,0.565,0.448,0.765	1.0,0.674,1.0,1.0,1.0,1.0,1.0,1.0	-0.165
10420	ENSG00000160410	SHKBP1	chr19	+	40578447	40578542	40578461	40578542	40578153	40578212	10420	1,2,0,3,2,0,0,0,1,3,3,0,0,0,2,1,1,0,0,0,0	10,4,11,13,3,3,9,2,8,11,8,5,6,5,3,7,9,7,14,45,6	2,2,2,0,2,1,4,7	8,8,8,3,2,8,7,20	89	75	3.73410700361e-07	8.0735324057e-05	0.078,0.296,0.0,0.163,0.36,0.0,0.0,0.0,0.095,0.187,0.24,0.0,0.0,0.0,0.36,0.107,0.086,0.0,0.0,0.0,0.0	0.174,0.174,0.174,0.0,0.457,0.095,0.325,0.228	-0.109
10437	ENSG00000131095	GFAP	chr17	-	44904441	44905499	44904441	44905149	44908063	44908149	10437	15,60,53,143,22,41,10,8,13,18,43,14,44,42,17,12,68,31,59,19,11	0,2,8,1,0,2,3,0,0,1,4,1,1,6,1,0,2,0,1,2,3	14,58,14,16,15,11,4,20	0,1,0,0,0,0,0,0	425	75	3.31529892428e-09	1.55648548354e-06	1.0,0.841,0.539,0.962,1.0,0.783,0.37,1.0,1.0,0.761,0.655,0.712,0.886,0.553,0.75,1.0,0.857,1.0,0.912,0.626,0.393	1.0,0.911,1.0,1.0,1.0,1.0,1.0,1.0	-0.198
10460	ENSG00000117477	CCDC181	chr1	-	169397236	169397391	169397236	169397388	169419012	169419159	10460	6,7,10,13,9,13,5,6,16,11,15,12,9,7,6,7,4,10,14,23,9	4,1,2,6,3,2,4,2,3,5,7,3,8,2,2,2,7,0,7,4,0	20,17,11,6,10,14,9,6	4,1,0,2,2,3,0,0	78	75	0.000123284442942	0.01017994958	0.591,0.871,0.828,0.676,0.743,0.862,0.546,0.743,0.837,0.679,0.673,0.794,0.52,0.771,0.743,0.771,0.355,1.0,0.658,0.847,1.0	0.828,0.942,1.0,0.743,0.828,0.818,1.0,1.0	-0.156
10822	ENSG00000093010	COMT	chr22	+	19961696	19962815	19962232	19962815	19961198	19961289	10822	15,25,18,18,27,14,23,13,8,54,35,20,15,12,12,14,23,25,25,25,7	0,6,2,1,2,1,1,1,0,3,2,2,0,1,2,1,3,0,3,6,0	15,20,12,27,29,28,19,24	0,1,5,0,1,0,0,0	611	75	0.000111476234097	0.00938983762627	1.0,0.338,0.525,0.688,0.624,0.632,0.738,0.615,1.0,0.688,0.682,0.551,1.0,0.596,0.424,0.632,0.485,1.0,0.506,0.338,1.0	1.0,0.711,0.228,1.0,0.781,1.0,1.0,1.0	-0.17
11084	ENSG00000166801	FAM111A	chr11	+	59148703	59148953	59148835	59148953	59145826	59145856	11084	3,5,2,13,10,7,5,4,7,1,9,5,3,4,3,2,2,3,11,7,6	0,1,0,3,1,1,0,2,1,0,2,1,1,4,2,0,2,0,5,3,3	6,6,1,4,10,7,1,2	0,1,0,0,0,0,1,0	207	75	2.41620057295e-11	2.64686718765e-08	1.0,0.644,1.0,0.611,0.784,0.717,1.0,0.42,0.717,1.0,0.62,0.644,0.521,0.266,0.352,1.0,0.266,1.0,0.444,0.458,0.42	1.0,0.685,1.0,1.0,1.0,1.0,0.266,1.0	-0.208
11085	ENSG00000166801	FAM111A	chr11	+	59148796	59148953	59148835	59148953	59145826	59145856	11085	5,6,2,11,8,9,2,3,7,2,0,3,0,4,3,5,5,3,5,7,6	0,1,0,3,1,1,0,2,1,0,2,1,1,4,2,0,2,0,5,3,3	3,5,3,4,6,8,0,5	0,1,0,0,0,0,1,0	114	75	6.39240471434e-06	0.000946306254649	1.0,0.798,1.0,0.707,0.84,0.856,1.0,0.497,0.822,1.0,0.0,0.664,0.0,0.397,0.497,1.0,0.622,1.0,0.397,0.606,0.568	1.0,0.767,1.0,1.0,1.0,1.0,0.0,1.0	-0.166
11137	ENSG00000112365	ZBTB24	chr6	-	109476174	109476258	109476174	109476253	109476762	109476930	11137	14,8,13,19,8,9,4,6,17,14,19,13,8,6,4,11,8,25,18,32,13	3,0,0,2,0,1,4,4,1,1,1,1,1,6,1,0,0,1,6,3,1	12,8,13,13,12,12,16,8	0,1,3,1,1,0,0,2	80	75	0.000158391192077	0.0124530338192	0.814,1.0,1.0,0.899,1.0,0.894,0.484,0.584,0.941,0.929,0.947,0.924,0.882,0.484,0.789,1.0,1.0,0.959,0.738,0.909,0.924	1.0,0.882,0.802,0.924,0.918,1.0,1.0,0.789	-0.052
11232	ENSG00000162576	MXRA8	chr1	-	1353847	1353946	1353847	1353928	1354029	1354106	11232	5,7,4,2,3,5,3,2,0,6,7,5,1,2,2,9,4,4,5,7,0	6,5,3,7,24,11,29,3,4,40,40,8,5,10,2,5,15,3,16,35,4	3,8,5,6,3,2,1,7	2,7,1,4,7,3,0,3	93	75	0.000302197856071	0.0209523846876	0.402,0.53,0.518,0.187,0.092,0.268,0.077,0.35,0.0,0.108,0.124,0.335,0.139,0.139,0.446,0.592,0.177,0.518,0.201,0.139,0.0	0.547,0.48,0.801,0.547,0.257,0.35,1.0,0.653	-0.325
11264	ENSG00000196290	NIF3L1	chr2	+	200891735	200892379	200891917	200892379	200889368	200889391	11264	20,16,24,42,20,27,25,27,29,38,24,14,28,13,14,29,30,27,52,73,16	4,2,2,0,0,2,5,2,3,2,2,1,2,4,2,2,0,0,3,11,1	18,11,32,22,33,15,37,24	0,2,0,0,1,2,2,1	257	75	0.00014480183162	0.0116067497423	0.593,0.7,0.778,1.0,1.0,0.798,0.593,0.798,0.738,0.847,0.778,0.803,0.803,0.487,0.671,0.809,1.0,1.0,0.835,0.659,0.824	1.0,0.616,1.0,1.0,0.906,0.686,0.844,0.875	-0.079
11374	ENSG00000169738	DCXR	chr17	-	82036190	82036448	82036190	82036308	82036543	82036643	11374	88,69,86,109,64,55,70,71,68,111,123,47,61,77,29,69,59,110,261,433,124	3,3,4,12,2,1,1,0,1,9,3,0,2,13,1,2,1,2,5,20,71	70,86,90,37,47,59,75,72	1,0,4,2,0,0,0,0	215	75	6.42086939173e-09	2.63769314612e-06	0.911,0.889,0.882,0.76,0.918,0.95,0.961,1.0,0.96,0.811,0.935,1.0,0.914,0.674,0.91,0.923,0.954,0.95,0.948,0.883,0.379	0.961,1.0,0.887,0.866,1.0,1.0,1.0,1.0	-0.083
11419	ENSG00000221986	MYBPHL	chr1	-	109292364	109292588	109292364	109292464	109294205	109294249	11419	1,4,5,9,5,7,1,5,7,9,6,6,1,3,3,3,3,0,6,4,4	2,0,2,6,2,3,1,0,1,2,4,4,5,4,4,1,0,2,12,7,4	3,5,8,6,4,1,1,2	1,0,0,1,1,0,2,0	199	75	1.33009151804e-07	3.41500997257e-05	0.159,1.0,0.485,0.361,0.485,0.468,0.274,1.0,0.725,0.629,0.361,0.361,0.07,0.22,0.22,0.531,1.0,0.0,0.159,0.177,0.274	0.531,1.0,1.0,0.693,0.601,1.0,0.159,1.0	-0.321
11765	ENSG00000142611	PRDM16	chr1	+	3385148	3385286	3385151	3385286	3244086	3244137	11765	5,4,2,2,3,8,4,0,1,4,5,3,3,2,2,1,2,1,5,2,1	15,14,17,14,15,10,12,11,7,27,34,15,17,12,2,7,14,10,18,28,5	1,2,1,0,3,1,0,1	10,23,4,13,23,10,1,17	78	75	7.6552850352e-05	0.00706694627519	0.243,0.216,0.102,0.121,0.161,0.435,0.243,0.0,0.121,0.125,0.124,0.161,0.145,0.138,0.49,0.121,0.121,0.088,0.211,0.064,0.161	0.088,0.077,0.194,0.0,0.111,0.088,0.0,0.054	0.095
11971	ENSG00000132600	PRMT7	chr16	+	68351389	68352315	68352247	68352315	68348341	68348431	11971	52,82,61,83,95,59,79,53,57,142,103,84,42,30,37,41,111,57,82,83,12	45,17,13,39,14,13,15,10,19,23,34,21,25,24,11,19,18,24,48,43,10	125,133,111,205,256,93,113,118	21,9,20,21,31,19,17,15	933	75	1.52487911187e-10	1.39204519812e-07	0.085,0.279,0.274,0.146,0.353,0.267,0.297,0.299,0.194,0.332,0.196,0.243,0.119,0.091,0.213,0.148,0.331,0.16,0.121,0.134,0.088	0.324,0.543,0.309,0.44,0.399,0.282,0.348,0.387	-0.171
12001	ENSG00000076864	RAP1GAP	chr1	-	21602803	21603912	21602803	21602913	21606065	21606197	12001	930,882,1145,1143,676,1136,908,762,808,1046,3065,566,1110,610,694,988,882,899,1402,507,416	41,24,37,22,15,22,29,17,32,55,32,32,19,24,18,28,21,25,22,66,18	746,319,502,572,1139,512,617,1002	38,27,42,25,62,28,34,17	1074	75	0.000626572877198	0.0363810795693	0.613,0.72,0.684,0.784,0.759,0.783,0.686,0.758,0.638,0.57,0.87,0.553,0.803,0.64,0.729,0.711,0.746,0.715,0.817,0.349,0.617	0.578,0.452,0.455,0.615,0.562,0.561,0.559,0.805	0.119
12012	ENSG00000203709	MIR29B2CHG	chr1	-	207815928	207816569	207815928	207816080	207817238	207817414	12012	238,160,213,319,159,156,177,125,136,243,486,136,182,184,143,126,220,203,288,235,88	20,15,32,26,18,13,20,5,20,53,31,14,13,14,13,12,13,22,25,49,17	187,135,154,235,291,133,145,216	33,45,29,42,45,22,16,21	564	75	0.000590792830629	0.0347953684333	0.613,0.587,0.47,0.62,0.54,0.615,0.541,0.769,0.475,0.379,0.676,0.564,0.651,0.636,0.594,0.583,0.692,0.551,0.605,0.389,0.408	0.43,0.285,0.414,0.427,0.462,0.446,0.547,0.578	0.121
12186	ENSG00000073008	PVR	chr19	+	44657761	44661323	44661291	44661323	44653899	44654017	12186	353,406,321,551,363,372,463,377,323,431,642,284,412,490,388,319,441,418,796,596,343	1,2,0,1,0,0,2,0,0,1,5,0,1,0,1,0,1,1,0,1,2	452,323,346,317,506,271,396,240	4,0,6,0,1,3,3,0	3605	75	1.10215283811e-06	0.000213065593363	0.88,0.809,1.0,0.92,1.0,1.0,0.828,1.0,1.0,0.9,0.728,1.0,0.896,1.0,0.89,1.0,0.902,0.897,1.0,0.925,0.781	0.702,1.0,0.545,1.0,0.913,0.653,0.733,1.0	0.103
12187	ENSG00000073008	PVR	chr19	+	44659509	44661323	44661291	44661323	44653899	44654017	12187	152,170,111,230,158,178,191,160,142,185,266,111,193,237,148,145,213,167,357,230,133	1,2,0,1,0,0,2,0,0,1,5,0,1,0,1,0,1,1,0,1,2	195,128,143,146,252,128,177,103	4,0,6,0,1,3,3,0	1857	75	1.34752980219e-06	0.000251328533048	0.86,0.774,1.0,0.903,1.0,1.0,0.794,1.0,1.0,0.882,0.682,1.0,0.886,1.0,0.857,1.0,0.896,0.871,1.0,0.903,0.729	0.663,1.0,0.49,1.0,0.911,0.633,0.704,1.0	0.106
12230	ENSG00000272752	STAG3L5P-PVRIG2P-PILRB	chr7	+	100349730	100349887	100349798	100349887	100345864	100345968	12230	58,43,48,103,48,115,71,48,86,108,109,59,38,52,39,63,81,42,52,62,15	15,12,7,7,30,11,9,6,21,23,21,16,7,7,6,6,16,8,8,11,1	47,117,75,76,129,26,42,73	54,13,27,51,48,17,27,13	143	75	5.90750302891e-05	0.00586673180662	0.67,0.653,0.782,0.885,0.456,0.846,0.805,0.808,0.682,0.711,0.731,0.659,0.74,0.796,0.773,0.846,0.726,0.734,0.773,0.747,0.887	0.313,0.825,0.593,0.439,0.585,0.445,0.449,0.747	0.199
12421	ENSG00000101298	SNPH	chr20	+	1297045	1297252	1297144	1297252	1296324	1296421	12421	161,167,168,159,97,136,173,120,123,207,293,146,163,103,108,114,156,185,334,316,65	52,52,58,61,31,38,54,43,46,73,62,51,35,21,23,29,40,62,89,154,15	110,94,170,118,175,107,141,129	66,63,59,56,73,64,71,43	174	75	6.72928886225e-06	0.00098728280879	0.572,0.581,0.555,0.529,0.574,0.607,0.58,0.546,0.535,0.55,0.671,0.552,0.667,0.679,0.669,0.629,0.627,0.563,0.618,0.469,0.651	0.418,0.391,0.554,0.476,0.508,0.419,0.461,0.564	0.118
12529	ENSG00000095637	SORBS1	chr10	-	95321962	95322153	95321962	95322021	95339132	95339327	12529	81,90,78,138,91,87,70,75,69,76,74,50,105,95,54,73,116,90,177,157,88	113,192,128,204,131,103,114,79,116,184,163,120,138,161,50,66,200,104,277,279,144	139,91,94,115,125,101,100,40	101,167,89,124,158,80,86,83	207	75	0.000355953769623	0.0234900897287	0.206,0.145,0.181,0.197,0.201,0.234,0.182,0.256,0.177,0.13,0.141,0.131,0.216,0.176,0.281,0.286,0.174,0.239,0.188,0.169,0.181	0.333,0.165,0.277,0.252,0.223,0.314,0.296,0.149	-0.056
12633	ENSG00000100416	TRMU	chr22	+	46350290	46350463	46350345	46350463	46346421	46346544	12633	26,17,35,53,20,30,25,17,16,24,44,21,27,18,24,28,25,45,52,97,30	7,6,8,13,16,11,5,6,9,11,14,7,20,12,5,6,8,17,19,19,5	18,26,26,29,36,22,26,27	16,11,16,24,29,16,14,11	130	75	0.00010489235443	0.00907153246313	0.682,0.62,0.716,0.702,0.419,0.611,0.743,0.62,0.506,0.557,0.645,0.634,0.438,0.464,0.735,0.729,0.643,0.604,0.612,0.747,0.776	0.394,0.577,0.484,0.411,0.417,0.442,0.517,0.586	0.15
12638	ENSG00000176472	ZNF575	chr19	+	43534336	43534501	43534405	43534501	43533794	43533902	12638	9,4,7,8,4,6,9,6,10,7,14,3,7,7,5,1,9,10,12,9,1	2,0,1,3,1,2,3,1,1,1,2,3,1,2,0,1,2,6,2,6,0	9,3,5,2,13,10,6,8	2,0,1,1,0,3,0,1	144	75	0.000770302811697	0.0421231070307	0.701,1.0,0.785,0.581,0.676,0.61,0.61,0.758,0.839,0.785,0.785,0.342,0.785,0.646,1.0,0.342,0.701,0.465,0.758,0.439,1.0	0.701,1.0,0.723,0.51,1.0,0.635,1.0,0.806	-0.101
12697	ENSG00000110436	SLC1A2	chr11	-	35261669	35261862	35261669	35261740	35265526	35265758	12697	35,39,15,114,54,56,54,44,64,39,54,42,55,71,32,39,47,26,115,226,76	1,4,2,12,3,7,2,3,5,0,4,3,13,7,1,0,5,2,6,27,13	69,68,40,55,86,34,10,21	2,2,1,0,6,2,2,0	197	75	0.000193842029285	0.0147463528945	0.93,0.788,0.741,0.783,0.873,0.753,0.911,0.848,0.83,1.0,0.837,0.842,0.617,0.794,0.924,1.0,0.782,0.832,0.879,0.761,0.69	0.929,0.928,0.938,1.0,0.845,0.866,0.656,1.0	-0.066
12949	ENSG00000214719	NA	chr17	+	30631754	30633390	30633097	30633390	30610888	30610942	12949	117,188,113,280,177,135,123,127,162,198,153,130,147,213,104,136,163,165,322,415,136	1,1,0,7,1,4,1,1,4,0,5,0,1,4,1,4,0,2,7,3,1	157,140,163,182,200,134,111,76	0,0,0,0,2,1,0,0	1418	75	2.49076759218e-10	1.94896633689e-07	0.861,0.909,1.0,0.679,0.903,0.641,0.867,0.87,0.682,1.0,0.618,1.0,0.886,0.738,0.846,0.643,1.0,0.814,0.709,0.88,0.878	1.0,1.0,1.0,1.0,0.841,0.876,1.0,1.0	-0.135
13062	ENSG00000145715	RASA1	chr5	+	87389302	87389527	87389392	87389527	87386825	87386903	13062	37,25,25,37,16,25,20,20,17,25,23,15,29,42,29,29,26,21,37,61,26	84,43,29,106,41,47,44,45,57,49,31,42,62,37,60,59,52,74,131,158,45	29,14,25,16,17,17,12,10	71,55,94,48,53,68,74,52	165	75	3.50558210904e-06	0.000553881973228	0.167,0.209,0.282,0.137,0.151,0.195,0.171,0.168,0.119,0.188,0.252,0.14,0.175,0.34,0.18,0.183,0.185,0.114,0.114,0.149,0.208	0.157,0.104,0.108,0.132,0.127,0.102,0.069,0.08	0.072
13147	ENSG00000148180	GSN	chr9	+	121301923	121302167	121301962	121302167	121281469	121281562	13147	9,6,11,21,14,10,9,3,8,26,14,10,10,11,15,9,4,9,6,55,2	51,56,49,138,84,51,72,31,28,73,127,26,35,67,32,47,37,58,136,332,105	6,19,8,4,7,3,6,51	24,43,22,37,52,6,13,84	114	75	5.95937953806e-05	0.00586673180662	0.104,0.066,0.129,0.091,0.099,0.114,0.076,0.06,0.158,0.19,0.068,0.202,0.158,0.097,0.236,0.112,0.066,0.093,0.028,0.098,0.012	0.141,0.225,0.193,0.066,0.081,0.248,0.233,0.285	-0.077
13150	ENSG00000148180	GSN	chr9	+	121301923	121302167	121301962	121302167	121299792	121300005	13150	9,7,10,22,17,9,13,2,7,30,15,10,10,11,15,8,6,9,6,52,2	16,21,15,104,83,45,175,25,20,183,220,28,33,39,21,14,50,37,67,307,33	6,18,9,6,5,4,5,51	20,29,19,28,19,9,5,46	114	75	1.08324298028e-05	0.00141268640095	0.27,0.18,0.305,0.122,0.119,0.116,0.047,0.05,0.187,0.097,0.043,0.19,0.166,0.157,0.32,0.273,0.073,0.138,0.056,0.1,0.038	0.165,0.29,0.238,0.124,0.148,0.226,0.397,0.422	-0.106
13181	ENSG00000164116	GUCY1A1	chr4	+	155696755	155697122	155696805	155697122	155667345	155667419	13181	61,53,30,49,45,29,47,52,57,63,42,53,31,18,26,28,43,62,98,123,33	8,3,5,5,3,3,6,7,2,6,6,5,2,0,4,4,1,5,9,14,4	24,32,44,30,17,17,35,20	0,1,1,1,0,3,1,2	125	75	5.07164855723e-06	0.000786201217853	0.821,0.914,0.783,0.855,0.9,0.853,0.825,0.817,0.945,0.863,0.808,0.864,0.903,1.0,0.796,0.808,0.963,0.882,0.867,0.841,0.832	1.0,0.95,0.964,0.947,1.0,0.773,0.955,0.857	-0.067
13194	ENSG00000113108	APBB3	chr5	-	140561586	140561722	140561586	140561701	140562099	140562227	13194	15,6,1,8,6,4,5,3,11,10,23,9,9,4,1,5,5,12,7,15,6	1,1,0,5,1,0,0,1,0,2,0,0,1,4,0,0,0,3,4,22,4	7,8,8,8,8,7,8,14	0,0,1,0,1,0,0,0	96	75	1.89995552624e-09	9.40940114533e-07	0.921,0.824,1.0,0.556,0.824,1.0,1.0,0.701,1.0,0.796,1.0,1.0,0.875,0.439,1.0,1.0,1.0,0.758,0.578,0.348,0.54	1.0,1.0,0.862,1.0,0.862,1.0,1.0,1.0	-0.148
13348	ENSG00000143110	C1orf162	chr1	+	111477650	111477775	111477725	111477775	111477333	111477428	13348	2,4,6,16,2,6,2,1,1,4,0,3,4,4,4,0,2,2,2,11,1	2,0,1,13,2,2,1,0,1,1,1,0,7,7,3,3,1,1,13,12,7	5,6,2,5,5,4,1,6	1,0,0,0,0,2,0,3	150	75	6.24753948575e-09	2.63229663666e-06	0.333,1.0,0.75,0.381,0.333,0.6,0.5,1.0,0.333,0.667,0.0,1.0,0.222,0.222,0.4,0.0,0.5,0.5,0.071,0.314,0.067	0.714,1.0,1.0,1.0,1.0,0.5,1.0,0.5	-0.401
13831	ENSG00000224078	SNHG14	chr15	+	25241399	25241690	25241558	25241690	25240167	25240212	13831	74,82,120,75,71,81,76,48,74,109,107,53,76,43,61,68,91,68,100,55,31	85,90,77,90,59,65,48,40,72,132,176,70,71,68,44,50,65,110,100,119,43	67,71,81,65,107,73,61,78	84,150,123,158,147,77,112,89	234	75	1.16357466684e-05	0.00149373897856	0.218,0.226,0.333,0.211,0.278,0.285,0.337,0.278,0.248,0.209,0.163,0.195,0.255,0.169,0.308,0.304,0.31,0.165,0.243,0.129,0.188	0.204,0.132,0.174,0.116,0.189,0.233,0.149,0.219	0.064
14063	ENSG00000197070	ARRDC1	chr9	+	137613422	137613510	137613459	137613510	137612895	137613006	14063	9,10,11,13,8,7,8,8,8,15,18,7,7,7,6,5,12,9,7,9,7	22,15,20,16,5,5,16,7,10,26,32,12,8,6,7,7,14,11,27,36,5	9,15,10,14,28,7,18,10	9,8,11,7,13,10,13,12	112	75	0.000926947996272	0.0482012958061	0.215,0.309,0.269,0.352,0.517,0.484,0.251,0.434,0.349,0.279,0.274,0.281,0.369,0.439,0.365,0.324,0.365,0.354,0.148,0.143,0.484	0.401,0.557,0.378,0.573,0.591,0.319,0.481,0.358	-0.124
14140	ENSG00000144591	GMPPA	chr2	+	219501850	219502037	219501911	219502037	219501475	219501579	14140	26,17,20,19,16,14,33,11,13,29,35,13,11,10,10,24,13,23,34,42,9	4,1,3,1,2,0,1,0,0,2,0,4,2,0,0,2,1,0,1,1,0	15,13,18,11,19,13,25,16	2,3,1,2,6,1,1,1	136	75	0.000810101502738	0.0435019212189	0.782,0.904,0.786,0.913,0.815,1.0,0.948,1.0,1.0,0.889,1.0,0.642,0.752,1.0,1.0,0.869,0.878,1.0,0.949,0.959,1.0	0.805,0.705,0.908,0.752,0.636,0.878,0.932,0.898	0.095
14291	ENSG00000149781	FERMT3	chr11	+	64220741	64221140	64221015	64221140	64220219	64220669	14291	7,6,12,13,5,7,11,3,7,8,9,5,0,6,4,7,9,5,8,9,3	2,2,5,15,1,5,4,0,2,4,14,1,9,5,2,5,3,1,4,10,6	7,6,3,6,5,1,2,18	0,5,0,0,0,0,2,2	349	75	0.000162651363853	0.0127168043482	0.429,0.392,0.34,0.157,0.518,0.231,0.371,1.0,0.429,0.301,0.121,0.518,0.0,0.205,0.301,0.231,0.392,0.518,0.301,0.162,0.097	1.0,0.205,1.0,1.0,1.0,1.0,0.177,0.659	-0.421
14385	ENSG00000125744	RTN2	chr19	-	45495094	45495214	45495094	45495139	45496791	45497055	14385	18,12,10,12,6,6,9,11,8,17,3,11,11,6,8,11,12,11,14,19,7	51,27,37,30,22,17,32,41,29,62,52,50,26,14,19,51,30,41,64,123,10	16,11,13,19,23,19,7,15	40,12,20,25,48,22,34,25	150	75	9.01435935496e-06	0.00123436627434	0.15,0.182,0.119,0.167,0.12,0.15,0.123,0.118,0.121,0.121,0.028,0.099,0.175,0.176,0.174,0.097,0.167,0.118,0.099,0.072,0.259	0.167,0.314,0.245,0.275,0.193,0.302,0.093,0.231	-0.092
14469	ENSG00000089159	PXN	chr12	-	120216272	120217116	120216272	120216581	120221622	120221758	14469	31,38,38,52,37,30,38,23,20,50,99,28,30,16,38,22,61,8,25,50,6	2,2,0,4,0,1,0,1,1,5,8,0,3,0,3,2,0,2,1,16,1	22,24,18,56,50,29,9,62	0,1,0,2,2,0,0,0	610	75	7.06552630847e-08	2.07322729109e-05	0.656,0.7,1.0,0.615,1.0,0.787,1.0,0.739,0.711,0.551,0.603,1.0,0.551,1.0,0.609,0.575,1.0,0.33,0.755,0.278,0.425	1.0,0.747,1.0,0.775,0.755,1.0,1.0,1.0	-0.201
14629	ENSG00000117682	DHDDS	chr1	+	26441598	26442873	26442707	26442873	26438167	26438284	14629	100,71,92,242,80,120,56,58,100,99,90,82,141,125,79,87,87,161,217,87,53	3,2,1,2,1,0,0,0,3,3,2,0,0,0,2,1,2,0,6,18,3	132,75,193,104,192,107,126,70	2,1,0,2,2,0,0,1	1184	75	0.000112572907277	0.00938983762627	0.679,0.692,0.854,0.885,0.835,1.0,1.0,1.0,0.679,0.676,0.74,1.0,1.0,1.0,0.714,0.846,0.734,1.0,0.696,0.234,0.528	0.807,0.826,1.0,0.767,0.859,1.0,1.0,0.816	-0.085
14662	ENSG00000213593	TMX2	chr11	+	57737835	57738026	57737912	57738026	57737607	57737668	14662	59,65,51,89,43,52,45,49,35,53,140,39,54,71,38,54,27,43,89,109,74	65,39,40,102,50,33,50,34,45,57,35,34,41,51,30,52,33,66,104,324,71	35,31,42,24,56,33,23,35	57,53,65,38,59,39,35,42	152	75	0.000955489667315	0.049528726225	0.309,0.451,0.386,0.301,0.298,0.437,0.308,0.416,0.277,0.315,0.664,0.361,0.394,0.407,0.385,0.339,0.288,0.243,0.297,0.142,0.34	0.233,0.224,0.242,0.238,0.319,0.295,0.245,0.291	0.09
15110	ENSG00000122566	HNRNPA2B1	chr7	-	26190992	26191650	26190992	26191128	26192494	26192577	15110	698,505,402,913,714,483,376,389,580,557,545,399,628,495,654,745,503,575,639,919,387	30,17,30,48,10,20,27,13,21,22,63,28,27,15,24,18,15,28,59,75,18	720,601,540,302,379,450,357,310	25,5,19,16,8,9,7,7	597	75	1.75225398126e-05	0.00213281758667	0.745,0.789,0.627,0.705,0.9,0.752,0.636,0.79,0.776,0.761,0.521,0.642,0.745,0.806,0.774,0.839,0.808,0.721,0.576,0.606,0.73	0.783,0.938,0.781,0.703,0.856,0.863,0.865,0.848	-0.103
15111	ENSG00000122566	HNRNPA2B1	chr7	-	26190992	26192338	26190992	26191128	26192494	26192577	15111	3772,2475,2275,4562,3070,2703,2208,2163,3183,2642,3241,2372,3326,2659,3186,3423,2624,2825,3851,6710,2275	30,17,30,48,10,20,27,13,21,22,63,28,27,15,24,18,15,28,59,75,18	3755,2884,3043,1941,2345,2322,2004,1444	25,5,19,16,8,9,7,7	1285	75	1.21875852743e-08	4.76824764827e-06	0.88,0.895,0.816,0.847,0.947,0.887,0.827,0.907,0.898,0.875,0.75,0.832,0.878,0.912,0.886,0.917,0.911,0.855,0.792,0.839,0.881	0.898,0.971,0.903,0.876,0.945,0.938,0.944,0.923	-0.057
15423	ENSG00000168538	TRAPPC11	chr4	+	183667961	183668117	183668002	183668117	183667059	183667130	15423	5,1,3,9,3,2,3,2,4,2,3,0,3,7,1,0,1,6,6,0,2	22,14,16,12,13,17,33,16,21,26,28,16,28,13,13,11,12,22,21,40,14	2,1,1,0,5,1,1,1	19,16,16,12,75,9,12,17	116	75	0.000266151597087	0.0189413089583	0.128,0.044,0.108,0.327,0.13,0.071,0.056,0.075,0.11,0.047,0.065,0.0,0.065,0.258,0.047,0.0,0.051,0.15,0.156,0.0,0.085	0.064,0.039,0.039,0.0,0.041,0.067,0.051,0.037	0.052
15885	ENSG00000072110	ACTN1	chr14	-	68877081	68879069	68877081	68878523	68879961	68880108	15885	267,219,282,198,237,215,232,171,184,250,382,181,259,200,151,128,218,206,277,172,86	8,7,9,11,12,8,6,6,13,9,43,13,14,7,4,2,13,7,23,16,5	198,159,192,212,256,132,208,148	24,18,23,27,30,13,27,9	621	75	1.29547172989e-09	7.52973107255e-07	0.801,0.791,0.791,0.685,0.705,0.764,0.824,0.775,0.631,0.77,0.518,0.627,0.691,0.775,0.82,0.885,0.669,0.78,0.593,0.565,0.675	0.499,0.516,0.502,0.487,0.508,0.551,0.482,0.665	0.194
15896	ENSG00000255052	FAM66D	chr8	+	12145422	12145700	12145638	12145700	12121986	12122050	15896	79,121,110,111,60,145,76,62,119,140,121,95,100,102,58,64,131,56,181,5,92	3,9,5,2,2,0,2,1,3,4,2,2,4,0,0,0,6,1,2,0,8	113,128,172,153,156,37,97,79	7,2,17,14,4,1,2,4	291	75	0.00056309124839	0.033524331136	0.872,0.776,0.85,0.935,0.885,1.0,0.907,0.941,0.911,0.9,0.94,0.924,0.866,1.0,1.0,1.0,0.849,0.935,0.959,1.0,0.748	0.806,0.943,0.723,0.738,0.91,0.905,0.926,0.836	0.066
15911	ENSG00000182986	ZNF320	chr19	-	52893778	52893927	52893778	52893856	52897647	52897686	15911	8,7,7,10,11,12,13,4,9,9,14,6,3,5,5,9,9,11,17,12,1	4,1,1,2,0,1,0,1,1,4,2,2,2,0,1,2,1,0,7,5,0	13,10,8,16,21,4,3,13	1,0,0,1,0,1,0,1	146	75	1.65920610584e-10	1.43495130164e-07	0.507,0.782,0.782,0.72,1.0,0.86,1.0,0.673,0.822,0.536,0.782,0.606,0.435,1.0,0.72,0.698,0.822,1.0,0.555,0.552,1.0	0.87,1.0,1.0,0.892,1.0,0.673,1.0,0.87	-0.158
16019	ENSG00000170004	CHD3	chr17	+	7894114	7894265	7894126	7894265	7893804	7893935	16019	35,30,28,19,25,17,48,30,29,40,73,27,50,18,25,16,22,23,47,47,13	127,77,74,78,60,67,110,75,82,98,104,74,78,60,33,62,65,56,88,106,21	26,15,18,23,49,20,25,24	93,43,61,98,208,47,82,79	87	75	0.000765894434589	0.0420908941444	0.192,0.251,0.246,0.174,0.264,0.179,0.273,0.256,0.234,0.26,0.377,0.239,0.356,0.205,0.395,0.182,0.226,0.261,0.315,0.277,0.348	0.194,0.231,0.203,0.168,0.169,0.268,0.208,0.208	0.056
16365	ENSG00000107317	PTGDS	chr9	+	136980679	136980855	136980832	136980855	136979945	136980062	16365	66,48,34,66,101,51,125,67,15,132,102,57,31,70,37,74,56,40,60,199,13	5,9,3,59,19,12,15,4,3,14,180,8,7,38,2,5,7,11,30,38,11	47,51,22,38,73,18,10,99	3,1,6,3,9,4,1,6	228	75	0.000758913997519	0.0418633243188	0.813,0.637,0.788,0.269,0.636,0.583,0.733,0.846,0.622,0.756,0.157,0.701,0.593,0.377,0.859,0.83,0.725,0.545,0.397,0.633,0.28	0.837,0.944,0.547,0.806,0.727,0.597,0.767,0.844	-0.15
16440	ENSG00000132199	ENOSF1	chr18	-	690548	691276	690548	690631	693881	693908	16440	72,59,73,292,123,75,49,45,71,119,132,60,129,124,106,138,97,70,146,207,70	0,0,0,4,4,1,0,0,1,5,4,1,1,1,1,3,0,0,1,3,0	50,101,26,65,88,50,20,253	1,2,0,0,3,1,1,8	720	75	5.29273633119e-05	0.00533559775424	1.0,1.0,1.0,0.884,0.762,0.887,1.0,1.0,0.881,0.713,0.775,0.862,0.931,0.928,0.917,0.827,1.0,1.0,0.938,0.878,1.0	0.839,0.84,1.0,1.0,0.753,0.839,0.676,0.767	0.074
16460	ENSG00000149923	PPP4C	chr16	+	30082745	30083567	30083393	30083567	30082483	30082534	16460	71,80,103,122,52,68,70,40,66,110,163,66,66,50,41,52,79,47,138,234,67	1,3,0,8,3,0,2,1,0,1,4,1,0,0,0,0,2,0,4,10,6	74,58,63,57,68,56,52,83	2,0,2,0,0,0,1,0	723	75	3.97995198798e-07	8.49332091773e-05	0.88,0.734,1.0,0.613,0.643,1.0,0.784,0.806,1.0,0.919,0.809,0.873,1.0,1.0,1.0,1.0,0.804,1.0,0.782,0.708,0.537	0.793,1.0,0.766,1.0,1.0,1.0,0.844,1.0	-0.073
16576	ENSG00000156042	CFAP70	chr10	-	73345064	73345241	73345064	73345114	73348422	73348521	16576	14,18,8,34,18,26,8,13,13,23,19,10,17,10,13,7,9,17,23,51,22	1,2,1,4,2,0,0,2,2,2,2,0,2,2,1,1,3,1,2,2,0	11,11,5,14,14,5,10,11	0,0,0,0,2,1,0,0	202	75	7.78061316054e-06	0.00109792628178	0.839,0.77,0.748,0.759,0.77,1.0,1.0,0.707,0.707,0.81,0.779,1.0,0.759,0.65,0.828,0.722,0.527,0.863,0.81,0.904,1.0	1.0,1.0,1.0,1.0,0.722,0.65,1.0,1.0	-0.114
16577	ENSG00000156042	CFAP70	chr10	-	73345064	73345244	73345064	73345114	73348422	73348521	16577	16,20,11,42,26,35,15,19,16,28,18,13,21,21,18,9,14,23,28,58,34	1,2,1,4,2,0,0,2,2,2,2,0,2,2,1,1,3,1,2,2,0	15,12,9,21,15,6,12,14	0,0,0,0,2,1,0,0	205	75	3.20131739469e-05	0.00353047298185	0.854,0.785,0.801,0.793,0.826,1.0,1.0,0.777,0.745,0.837,0.767,1.0,0.793,0.793,0.868,0.767,0.631,0.894,0.837,0.914,1.0	1.0,1.0,1.0,1.0,0.733,0.687,1.0,1.0	-0.086
16609	ENSG00000088035	ALG6	chr1	+	63415817	63415957	63415872	63415957	63414060	63414146	16609	2,3,0,8,2,8,1,1,4,7,0,4,5,3,6,13,4,5,6,2,3	2,1,3,13,1,3,3,2,8,2,3,4,6,4,6,6,3,3,9,34,9	1,5,3,0,0,1,1,0	7,3,7,3,4,5,5,2	130	75	0.000255460092782	0.0184110537044	0.366,0.634,0.0,0.262,0.536,0.606,0.161,0.224,0.224,0.669,0.0,0.366,0.325,0.302,0.366,0.556,0.435,0.49,0.278,0.033,0.161	0.076,0.49,0.198,0.0,0.0,0.103,0.103,0.0	0.212
16824	ENSG00000143971	ETAA1	chr2	+	67403224	67405335	67405235	67405335	67402861	67402974	16824	194,200,82,933,267,310,138,189,287,192,161,203,279,306,223,291,203,402,677,912,244	1,0,1,0,3,0,0,0,0,4,0,0,0,1,1,0,2,3,0,5,3	220,220,337,208,215,188,165,96	3,8,2,1,0,1,1,1	2086	75	8.22103251004e-05	0.0075468159891	0.875,1.0,0.747,1.0,0.762,1.0,1.0,1.0,1.0,0.633,1.0,1.0,1.0,0.917,0.889,1.0,0.785,0.828,1.0,0.868,0.745	0.725,0.497,0.858,0.882,1.0,0.871,0.856,0.775	0.099
16825	ENSG00000143971	ETAA1	chr2	+	67404996	67405335	67405235	67405335	67402861	67402974	16825	25,31,10,89,35,28,15,28,41,21,15,21,29,32,34,32,39,45,75,95,37	1,0,1,0,3,0,0,0,0,4,0,0,0,1,1,0,2,3,0,5,3	37,16,39,20,39,28,22,20	3,8,2,1,0,1,1,1	314	75	7.56185979389e-08	2.14462170553e-05	0.857,1.0,0.705,1.0,0.736,1.0,1.0,1.0,1.0,0.556,1.0,1.0,1.0,0.884,0.89,1.0,0.823,0.782,1.0,0.819,0.747	0.747,0.323,0.823,0.827,1.0,0.87,0.84,0.827	0.113
17520	ENSG00000145191	EIF2B5	chr3	+	184141866	184142070	184141924	184142070	184140417	184140730	17520	3,4,7,9,3,5,1,1,4,6,9,3,3,5,2,3,10,3,5,2,1	33,33,31,59,17,31,42,38,20,40,41,19,43,23,17,29,44,27,41,99,9	15,5,5,9,6,4,10,20	28,21,44,21,30,26,30,32	133	75	8.23019895568e-08	2.29218015661e-05	0.049,0.064,0.113,0.079,0.091,0.083,0.013,0.015,0.101,0.078,0.11,0.082,0.038,0.109,0.062,0.055,0.114,0.059,0.064,0.011,0.059	0.232,0.118,0.06,0.195,0.101,0.08,0.158,0.261	-0.082
17586	ENSG00000291137	GBA1LP	chr1	-	155215053	155215400	155215053	155215162	155215562	155215651	17586	12,27,26,15,10,14,19,3,22,32,22,10,11,5,19,16,11,12,23,16,2	11,8,8,10,2,11,9,7,8,12,8,10,14,6,4,11,11,13,25,43,10	47,38,20,56,63,20,25,15	7,12,17,9,13,9,9,3	313	75	3.16071079443e-05	0.00350924322798	0.207,0.447,0.438,0.264,0.545,0.234,0.336,0.093,0.397,0.39,0.397,0.193,0.158,0.166,0.532,0.258,0.193,0.181,0.181,0.082,0.046	0.617,0.431,0.22,0.599,0.537,0.347,0.4,0.545	-0.189
17587	ENSG00000291137	GBA1LP	chr1	-	155215053	155215201	155215053	155215162	155215562	155215787	17587	3,10,8,0,2,2,3,1,6,5,5,3,1,2,2,1,0,3,4,2,0	11,8,8,10,2,11,9,7,8,12,8,10,14,6,4,11,11,13,25,43,10	6,9,7,11,12,4,2,6	7,12,17,9,13,9,9,3	114	75	4.5851097991e-05	0.00476851419106	0.152,0.451,0.397,0.0,0.397,0.107,0.18,0.086,0.33,0.215,0.291,0.165,0.045,0.18,0.248,0.056,0.0,0.132,0.095,0.03,0.0	0.361,0.33,0.213,0.446,0.378,0.226,0.128,0.568	-0.162
17731	ENSG00000137094	DNAJB5	chr9	+	34990347	34990611	34990498	34990611	34989744	34989831	17731	30,6,10,8,2,4,5,12,5,3,24,3,7,1,8,5,11,9,11,40,56	2,2,1,1,1,0,2,2,3,5,1,0,1,0,3,1,1,1,1,2,2	14,14,11,5,14,13,14,18	2,0,1,0,2,0,1,0	226	75	2.46820139882e-08	8.816844649e-06	0.833,0.499,0.768,0.726,0.399,1.0,0.453,0.666,0.356,0.166,0.888,1.0,0.699,1.0,0.469,0.624,0.785,0.749,0.785,0.869,0.903	0.699,1.0,0.785,1.0,0.699,1.0,0.823,1.0	-0.179
18258	ENSG00000108559	NUP88	chr17	-	5387778	5387952	5387778	5387904	5388801	5388960	18258	4,5,1,6,2,4,3,1,3,3,6,1,2,4,2,6,4,5,9,3,1	18,9,5,16,10,11,6,7,12,10,17,10,19,12,18,12,10,20,32,71,15	4,4,4,12,7,6,3,4	25,11,10,11,10,7,6,6	123	75	0.000557945472846	0.033338763672	0.119,0.253,0.109,0.186,0.109,0.181,0.234,0.08,0.132,0.155,0.177,0.057,0.06,0.169,0.063,0.234,0.196,0.132,0.146,0.025,0.039	0.089,0.181,0.196,0.399,0.299,0.343,0.234,0.289	-0.118
18922	ENSG00000100095	SEZ6L	chr22	+	26375574	26375689	26375580	26375689	26373450	26373483	18922	38,24,22,27,17,22,24,16,29,20,32,31,24,13,20,12,27,44,39,97,10	2,4,2,3,3,5,4,1,4,4,3,6,2,0,1,1,3,0,5,16,4	37,28,39,25,34,39,37,20	2,1,2,2,2,0,2,2	81	75	9.81431134267e-05	0.00871723048555	0.946,0.847,0.911,0.893,0.84,0.803,0.847,0.937,0.87,0.822,0.908,0.827,0.917,1.0,0.949,0.917,0.893,1.0,0.878,0.849,0.698	0.945,0.963,0.948,0.92,0.94,1.0,0.945,0.903	-0.062
18923	ENSG00000100095	SEZ6L	chr22	+	26375577	26375689	26375580	26375689	26373450	26373483	18923	13,7,11,16,8,9,11,14,9,10,19,18,5,8,7,8,12,6,13,35,9	2,4,2,3,3,5,4,1,4,4,3,6,2,0,1,1,3,0,5,16,4	21,16,12,15,7,10,13,8	2,1,2,2,2,0,2,2	78	75	0.000774171027463	0.0421231070307	0.862,0.627,0.841,0.837,0.719,0.634,0.726,0.931,0.684,0.706,0.859,0.743,0.706,1.0,0.871,0.885,0.794,1.0,0.714,0.678,0.684	0.91,0.939,0.852,0.878,0.771,1.0,0.862,0.794	-0.09
19317	ENSG00000181991	MRPS11	chr15	+	88475029	88475239	88475109	88475239	88467907	88468024	19317	4,6,7,14,5,12,9,5,5,6,5,4,5,7,12,4,8,6,7,5,0	1,2,4,5,2,0,5,0,3,2,1,0,2,4,1,6,3,0,5,38,1	6,5,4,5,14,8,5,4	3,1,0,2,0,0,0,1	155	75	1.43201324074e-05	0.0018100647363	0.659,0.592,0.459,0.575,0.547,1.0,0.466,1.0,0.446,0.592,0.708,1.0,0.547,0.459,0.853,0.244,0.563,1.0,0.404,0.06,0.0	0.492,0.708,1.0,0.547,1.0,1.0,1.0,0.659	-0.221
19455	ENSG00000119688	ABCD4	chr14	-	74292747	74293248	74292747	74292869	74295147	74295198	19455	80,85,83,77,116,83,69,57,52,130,168,80,87,86,79,71,131,59,97,113,21	0,2,4,2,2,1,1,2,3,7,0,1,1,3,1,2,5,1,5,13,3	69,55,70,76,127,47,34,104	1,0,1,0,2,0,1,0	454	75	1.36667831496e-08	5.22261815614e-06	1.0,0.875,0.774,0.864,0.905,0.932,0.919,0.825,0.741,0.754,1.0,0.93,0.935,0.826,0.929,0.854,0.812,0.907,0.762,0.589,0.536	0.919,1.0,0.92,1.0,0.913,1.0,0.849,1.0	-0.109
19471	ENSG00000162572	SCNN1D	chr1	+	1282241	1282315	1282275	1282315	1281410	1281610	19471	12,11,6,5,5,2,8,3,7,8,16,2,7,4,7,9,4,8,17,4,1	1,2,2,0,1,1,1,0,1,0,7,0,1,2,2,2,0,0,0,2,0	6,9,5,14,8,5,1,19	1,2,1,2,5,3,1,9	109	75	6.11457524591e-06	0.000913406367644	0.892,0.791,0.674,1.0,0.775,0.579,0.846,1.0,0.828,1.0,0.611,1.0,0.828,0.579,0.707,0.756,1.0,1.0,1.0,0.579,1.0	0.805,0.756,0.775,0.828,0.524,0.534,0.408,0.592	0.178
19502	ENSG00000106077	ABHD11	chr7	-	73736928	73737220	73736928	73737110	73737561	73737735	19502	5,6,2,7,3,6,2,3,0,4,11,3,6,3,2,1,4,10,4,21,3	4,1,0,4,1,1,0,0,1,2,3,2,1,1,1,2,3,4,2,10,7	5,6,3,7,16,3,3,7	0,0,1,0,1,0,0,1	185	75	1.40976119667e-12	1.93043299864e-09	0.336,0.709,1.0,0.415,0.549,0.709,1.0,1.0,0.0,0.448,0.598,0.378,0.709,0.549,0.448,0.169,0.351,0.503,0.448,0.46,0.148	1.0,1.0,0.549,1.0,0.866,1.0,1.0,0.739	-0.374
19634	ENSG00000291132	MTMR9LP	chr1	-	32240640	32240847	32240640	32240664	32241136	32241204	19634	11,23,21,6,22,7,29,10,14,31,19,10,16,7,15,22,18,16,26,17,6	3,2,0,4,1,2,1,0,2,2,7,3,1,1,1,0,1,3,2,0,1	11,24,10,10,14,9,1,49	0,0,1,0,2,0,0,2	258	75	4.00110947707e-08	1.28914178289e-05	0.516,0.77,1.0,0.304,0.865,0.504,0.894,1.0,0.67,0.818,0.441,0.492,0.823,0.67,0.813,1.0,0.84,0.608,0.791,1.0,0.636	1.0,1.0,0.744,1.0,0.67,1.0,1.0,0.877	-0.175
19665	ENSG00000178104	PDE4DIP	chr1	+	148929196	148931923	148931799	148931923	148889783	148889894	19665	241,158,161,258,155,191,174,178,192,237,355,198,154,159,138,185,141,174,311,356,316	52,16,0,33,0,16,20,15,0,46,60,10,20,35,20,10,0,32,40,45,59	198,200,181,248,234,140,155,106	41,20,31,57,47,28,24,14	2678	75	0.000641718383615	0.0371292833787	0.115,0.217,1.0,0.18,1.0,0.251,0.196,0.249,1.0,0.126,0.142,0.357,0.177,0.113,0.162,0.341,1.0,0.132,0.179,0.181,0.13	0.119,0.219,0.141,0.109,0.122,0.123,0.153,0.175	0.2
19733	ENSG00000009950	MLXIPL	chr7	-	73596363	73596789	73596363	73596479	73596864	73596932	19733	31,65,40,57,34,42,44,27,36,85,104,32,35,38,30,39,45,18,48,28,12	1,0,0,0,0,0,1,0,2,3,2,1,0,0,1,0,0,1,0,0,0	25,23,32,38,79,30,21,43	1,0,1,4,5,0,3,0	385	75	4.08821637981e-05	0.00433403687439	0.858,1.0,1.0,1.0,1.0,1.0,0.896,1.0,0.778,0.847,0.91,0.862,1.0,1.0,0.854,1.0,1.0,0.778,1.0,1.0,1.0	0.83,1.0,0.862,0.649,0.755,1.0,0.577,1.0	0.108
19784	ENSG00000168036	CTNNB1	chr3	+	41239640	41239900	41239659	41239900	41239133	41239354	19784	52,32,25,44,35,25,39,29,50,28,28,27,61,26,32,37,42,36,48,80,12	42,34,25,100,27,26,20,17,28,33,102,31,44,38,30,24,26,53,140,146,103	55,23,46,25,42,28,30,17	36,11,28,17,27,24,29,13	94	75	0.000383401671671	0.0248033711374	0.497,0.429,0.444,0.26,0.508,0.434,0.609,0.576,0.588,0.404,0.18,0.41,0.525,0.353,0.46,0.552,0.563,0.351,0.215,0.304,0.085	0.549,0.625,0.567,0.54,0.554,0.482,0.452,0.511	-0.118
19836	ENSG00000249087	ZNF436-AS1	chr1	+	23371364	23371786	23371473	23371786	23371138	23371209	19836	5,14,26,21,13,20,16,17,14,16,19,16,31,16,18,9,26,17,21,23,10	1,2,1,4,2,1,2,4,2,1,0,4,2,0,0,0,0,0,1,1,2	15,13,16,11,15,4,4,14	0,0,0,0,1,1,0,0	184	75	3.13101526723e-05	0.00350924322798	0.671,0.74,0.914,0.682,0.726,0.891,0.765,0.634,0.74,0.867,1.0,0.62,0.863,1.0,1.0,1.0,1.0,1.0,0.895,0.904,0.671	1.0,1.0,1.0,1.0,0.859,0.62,1.0,1.0	-0.098
19936	ENSG00000226266	NA	chr2	-	159670707	159670813	159670707	159670810	159710716	159710894	19936	3,0,0,3,2,4,2,1,3,0,1,2,2,2,0,1,0,2,3,3,0	6,6,5,11,3,2,4,5,10,13,9,4,2,7,2,5,4,9,4,4,2	1,2,3,1,2,0,0,0	6,12,9,15,11,8,9,4	78	75	0.000186854906416	0.0143476627207	0.325,0.0,0.0,0.208,0.391,0.658,0.325,0.161,0.224,0.0,0.097,0.325,0.49,0.216,0.0,0.161,0.0,0.176,0.419,0.419,0.0	0.138,0.138,0.243,0.06,0.149,0.0,0.0,0.0	0.128
20098	ENSG00000184867	ARMCX2	chrX	-	101658460	101658569	101658460	101658525	101659075	101659136	20098	21,10,11,19,14,6,16,9,10,19,18,17,21,23,11,15,25,17,28,36,23	84,33,40,45,27,40,37,31,41,33,41,49,33,28,26,40,38,38,77,93,28	11,13,18,9,17,10,10,11	52,44,53,43,70,29,45,59	119	75	0.000247047450901	0.0179623173151	0.136,0.16,0.148,0.21,0.246,0.086,0.214,0.155,0.133,0.266,0.217,0.179,0.286,0.341,0.211,0.191,0.293,0.22,0.186,0.196,0.341	0.118,0.157,0.176,0.117,0.133,0.179,0.123,0.105	0.072
20228	ENSG00000188818	ZDHHC11	chr5	-	840494	840650	840494	840597	843599	843724	20228	9,26,18,30,15,16,10,7,17,36,33,4,27,25,16,18,24,26,16,17,11	1,5,0,2,0,1,0,0,0,4,6,0,1,1,0,1,2,2,2,3,1	14,101,5,64,44,16,10,35	0,16,1,3,6,1,2,5	128	75	0.000506338145515	0.0310453298772	0.841,0.753,1.0,0.898,1.0,0.904,1.0,1.0,1.0,0.841,0.763,1.0,0.941,0.936,1.0,0.913,0.875,0.884,0.824,0.769,0.866	1.0,0.787,0.746,0.926,0.811,0.904,0.746,0.804	0.065
20701	ENSG00000143537	ADAM15	chr1	+	155055701	155055852	155055786	155055852	155054313	155054506	20701	7,9,5,10,5,4,13,6,4,3,6,6,11,9,8,7,5,8,5,10,3	2,2,3,3,2,2,0,0,2,3,5,5,2,1,4,1,0,2,2,2,1	12,8,8,2,5,8,11,11	1,0,2,0,0,0,2,1	160	75	1.60991620701e-07	4.06986817132e-05	0.621,0.678,0.439,0.61,0.54,0.484,1.0,1.0,0.484,0.319,0.36,0.36,0.721,0.808,0.484,0.766,1.0,0.652,0.54,0.701,0.584	0.849,1.0,0.652,1.0,1.0,1.0,0.721,0.838	-0.256
20804	ENSG00000246640	PICART1	chr17	-	50053492	50054758	50053492	50053627	50055628	50055699	20804	7,18,6,19,7,12,2,11,14,12,2,6,6,2,7,6,5,8,21,3,5	0,0,1,0,0,3,1,0,1,0,0,2,0,4,1,1,3,2,0,3,0	8,2,7,8,31,9,6,6	0,0,1,1,0,0,0,0	1206	75	5.09003317273e-09	2.26052500255e-06	1.0,1.0,0.272,1.0,1.0,0.199,0.111,1.0,0.465,1.0,1.0,0.157,1.0,0.03,0.303,0.272,0.094,0.199,1.0,0.059,1.0	1.0,1.0,0.303,0.332,1.0,1.0,1.0,1.0	-0.25
20953	ENSG00000133958	UNC79	chr14	+	93474088	93474393	93474247	93474393	93467670	93467791	20953	72,67,49,74,53,66,70,32,62,46,50,55,66,58,43,45,60,72,135,85,66	36,44,21,51,24,30,37,21,40,39,22,51,44,33,27,35,28,65,98,130,52	107,62,98,75,173,61,82,26	44,31,47,40,67,38,29,13	234	75	0.000234081894633	0.0172485815812	0.391,0.328,0.428,0.317,0.414,0.414,0.377,0.328,0.332,0.274,0.421,0.257,0.325,0.36,0.338,0.292,0.407,0.262,0.306,0.173,0.289	0.438,0.391,0.401,0.375,0.453,0.34,0.475,0.391	-0.073
20992	ENSG00000018280	SLC11A1	chr2	+	218392114	218393130	218392980	218393130	218391375	218391495	20992	37,42,81,667,27,184,42,15,19,29,117,19,190,89,77,27,46,7,222,116,104	1,1,7,3,4,4,3,0,0,3,3,1,14,5,4,1,3,1,4,12,4	6,22,4,11,16,8,5,10	1,3,0,0,0,0,0,0	941	75	1.18429200224e-06	0.000226282397451	0.747,0.77,0.48,0.947,0.35,0.786,0.527,1.0,1.0,0.435,0.757,0.602,0.52,0.587,0.605,0.683,0.55,0.358,0.816,0.435,0.675	0.324,0.369,1.0,1.0,1.0,1.0,1.0,1.0	-0.188
21042	ENSG00000135837	CEP350	chr1	+	179987239	179987286	179987242	179987286	179986168	179986254	21042	5,5,2,14,9,5,6,3,4,6,8,4,5,6,4,4,5,8,7,29,4	20,28,31,67,28,25,32,16,32,40,41,25,32,47,16,34,23,44,70,125,46	3,2,2,1,1,7,2,2	25,40,31,39,31,29,20,10	78	75	0.000579305745846	0.0342415540135	0.194,0.147,0.058,0.167,0.236,0.161,0.153,0.153,0.107,0.126,0.158,0.133,0.131,0.109,0.194,0.102,0.173,0.149,0.088,0.182,0.077	0.103,0.046,0.058,0.024,0.03,0.188,0.088,0.161	0.056
21248	ENSG00000123815	COQ8B	chr19	-	40703540	40703855	40703540	40703622	40705095	40705447	21248	37,49,54,61,40,28,32,25,43,54,65,41,54,30,17,29,38,30,67,76,17	0,1,0,6,0,0,1,0,0,0,3,0,2,8,1,0,1,1,3,4,10	45,57,20,35,49,35,37,89	0,0,0,0,1,0,1,2	308	75	1.78705355847e-07	4.44922182921e-05	1.0,0.923,1.0,0.712,1.0,1.0,0.886,1.0,1.0,1.0,0.841,1.0,0.868,0.477,0.805,1.0,0.902,0.88,0.845,0.822,0.293	1.0,1.0,1.0,1.0,0.923,1.0,0.9,0.916	-0.098
21288	ENSG00000236144	TMEM147-AS1	chr19	-	35542910	35543273	35542910	35543097	35545318	35545515	21288	12,18,13,32,23,22,20,12,10,24,39,19,21,22,12,22,14,23,45,23,13	2,1,1,2,0,1,2,0,0,2,5,0,1,0,3,4,3,0,2,0,4	13,18,8,14,20,15,17,13	0,0,0,0,1,0,0,1	251	75	6.29269336638e-08	1.88002795266e-05	0.642,0.843,0.795,0.827,1.0,0.868,0.749,1.0,1.0,0.782,0.7,1.0,0.863,1.0,0.544,0.622,0.582,1.0,0.871,1.0,0.493	1.0,1.0,1.0,1.0,0.857,1.0,1.0,0.795	-0.138
21326	ENSG00000255571	MIR9-3HG	chr15	+	89388483	89388581	89388500	89388581	89387816	89387881	21326	3,0,2,1,4,0,0,0,1,1,2,2,0,0,1,0,4,2,3,0,2	12,8,8,10,11,7,9,5,8,23,17,17,6,10,6,15,3,16,13,27,10	6,0,6,2,7,3,7,1	23,9,15,10,25,14,15,16	92	75	1.60213932417e-05	0.0019863104662	0.169,0.0,0.169,0.075,0.229,0.0,0.0,0.0,0.092,0.034,0.088,0.088,0.0,0.0,0.12,0.0,0.521,0.092,0.158,0.0,0.14	0.175,0.0,0.246,0.14,0.186,0.149,0.276,0.048	-0.058
21338	ENSG00000172992	DCAKD	chr17	-	45034773	45035002	45034773	45034999	45051552	45051661	21338	1,1,3,3,1,4,1,0,0,4,7,3,1,3,1,1,3,2,8,5,6	9,14,17,25,15,10,8,11,9,15,7,6,4,5,5,7,8,13,33,42,23	0,0,0,0,0,3,0,2	11,9,5,4,5,6,1,11	78	75	9.26590450478e-07	0.000184690635084	0.097,0.064,0.145,0.103,0.06,0.278,0.107,0.0,0.0,0.204,0.49,0.325,0.194,0.366,0.161,0.121,0.265,0.129,0.189,0.103,0.201	0.0,0.0,0.0,0.0,0.0,0.325,0.0,0.149	0.112
21474	ENSG00000153234	NR4A2	chr2	-	156329322	156330171	156329322	156330010	156330667	156330791	21474	103,18,8,40,20,12,22,14,17,6,38,12,28,6,10,38,10,42,35,341,12	2,1,0,3,2,1,2,2,1,0,5,1,3,1,0,2,0,2,1,15,0	12,8,10,5,32,16,17,22	0,0,0,0,1,0,1,1	236	75	3.29807937627e-08	1.12904250648e-05	0.942,0.851,1.0,0.809,0.761,0.792,0.778,0.69,0.844,1.0,0.707,0.792,0.748,0.656,1.0,0.858,1.0,0.87,0.918,0.878,1.0	1.0,1.0,1.0,1.0,0.91,1.0,0.844,0.875	-0.102
21475	ENSG00000153234	NR4A2	chr2	-	156329322	156330188	156329322	156330010	156330667	156330791	21475	134,24,12,63,28,13,27,25,24,8,68,16,49,15,11,56,17,56,59,490,17	2,1,0,3,2,1,2,2,1,0,5,1,3,1,0,2,0,2,1,15,0	17,13,18,5,43,24,22,34	0,0,0,0,1,0,1,1	253	75	1.01359783364e-05	0.00135410078068	0.952,0.877,1.0,0.862,0.806,0.794,0.8,0.787,0.877,1.0,0.801,0.826,0.829,0.816,1.0,0.892,1.0,0.892,0.946,0.906,1.0	1.0,1.0,1.0,1.0,0.927,1.0,0.867,0.91	-0.074
21508	ENSG00000176225	RTTN	chr18	-	70149970	70150152	70149970	70150087	70150607	70150733	21508	3,3,3,8,3,2,2,1,1,0,3,1,5,2,2,6,6,0,4,11,5	14,6,5,18,16,5,1,5,4,3,11,7,10,13,8,15,10,16,23,47,11	0,0,1,1,4,1,0,1	12,11,2,15,14,9,11,16	140	75	7.21991138541e-07	0.000148296979856	0.103,0.211,0.243,0.192,0.091,0.176,0.517,0.097,0.118,0.0,0.127,0.071,0.211,0.076,0.118,0.176,0.243,0.0,0.085,0.111,0.196	0.0,0.0,0.211,0.034,0.133,0.056,0.0,0.032	0.092
21577	ENSG00000152689	RASGRP3	chr2	+	33539093	33539210	33539096	33539210	33534322	33534400	21577	4,2,7,24,10,7,4,5,6,8,2,3,1,7,9,22,3,13,12,141,1	0,1,1,6,1,0,1,0,0,1,0,0,2,2,4,4,2,3,1,22,0	6,8,10,3,8,6,3,21	0,3,1,0,0,1,0,2	78	75	0.000100781670153	0.00885585242756	1.0,0.658,0.871,0.794,0.906,1.0,0.794,1.0,1.0,0.885,1.0,1.0,0.325,0.771,0.684,0.841,0.591,0.806,0.92,0.86,1.0	1.0,0.719,0.906,1.0,1.0,0.852,1.0,0.91	-0.08
21615	ENSG00000110057	UNC93B1	chr11	-	67999172	67999375	67999172	67999305	67999518	67999680	21615	1,3,2,6,3,3,1,0,1,3,9,2,2,2,1,1,3,1,5,4,0	4,8,5,11,6,1,6,2,4,14,12,6,6,5,3,4,3,17,28,24,4	0,0,1,1,1,2,0,2	3,14,5,8,3,3,4,3	145	75	5.23052627159e-05	0.00530543257375	0.115,0.162,0.171,0.22,0.205,0.608,0.079,0.0,0.115,0.1,0.28,0.147,0.147,0.171,0.147,0.115,0.341,0.03,0.085,0.079,0.0	0.0,0.0,0.094,0.061,0.147,0.256,0.0,0.256	0.056
21818	ENSG00000130640	TUBGCP2	chr10	-	133299984	133300547	133299984	133300100	133302791	133302980	21818	68,58,47,146,73,70,42,35,58,60,88,58,84,69,70,51,59,52,91,61,23	0,1,3,7,0,0,0,4,0,1,2,0,0,3,0,2,0,5,2,4,1	60,72,74,57,114,49,48,73	1,0,1,0,2,0,0,2	522	75	1.68095668651e-06	0.000300233481225	1.0,0.893,0.692,0.75,1.0,1.0,1.0,0.557,1.0,0.896,0.863,1.0,1.0,0.768,1.0,0.786,1.0,0.599,0.867,0.687,0.768	0.896,1.0,0.914,1.0,0.891,1.0,1.0,0.84	-0.079
22037	ENSG00000204852	TCTN1	chr12	+	110647195	110647336	110647210	110647336	110640382	110640517	22037	3,6,2,4,3,1,1,3,1,3,6,5,0,4,3,0,1,4,4,9,2	3,0,4,6,5,4,3,4,3,2,6,0,6,2,1,1,0,0,2,4,0	2,3,4,2,3,4,1,1	3,0,0,0,2,1,0,0	90	75	1.55773539146e-06	0.000281282504972	0.455,1.0,0.294,0.357,0.333,0.172,0.217,0.385,0.217,0.556,0.455,1.0,0.0,0.625,0.714,0.0,1.0,1.0,0.625,0.652,1.0	0.357,1.0,1.0,1.0,0.556,0.769,1.0,1.0	-0.309
22140	ENSG00000257060	NA	chr15	+	93588079	93588237	93588200	93588237	93569437	93569520	22140	12,7,2,9,15,4,2,13,13,8,13,17,4,13,4,5,10,17,10,28,7	4,8,0,2,1,1,1,1,1,1,8,0,1,0,0,1,0,4,1,2,0	5,4,9,12,11,1,4,2	2,0,0,1,2,0,0,1	196	75	8.88436419877e-05	0.0080213116766	0.534,0.251,1.0,0.633,0.852,0.605,0.434,0.833,0.833,0.754,0.383,1.0,0.605,1.0,1.0,0.657,1.0,0.619,0.793,0.843,1.0	0.489,1.0,1.0,0.821,0.678,1.0,1.0,0.434	-0.059
22231	ENSG00000049167	ERCC8	chr5	-	60887439	60891086	60887439	60887520	60898275	60898400	22231	144,127,57,248,123,115,69,43,150,128,67,118,144,164,163,144,174,115,244,217,92	6,4,0,4,1,6,1,1,3,0,3,2,4,3,0,1,0,0,5,4,2	142,208,181,124,118,133,157,55	2,0,0,1,0,1,1,0	3641	75	1.51573592566e-08	5.66058471146e-06	0.331,0.395,1.0,0.561,0.717,0.283,0.587,0.47,0.507,1.0,0.315,0.549,0.426,0.53,1.0,0.748,1.0,1.0,0.501,0.528,0.487	0.594,1.0,1.0,0.719,1.0,0.733,0.764,1.0	-0.235
22292	ENSG00000204463	BAG6	chr6	-	31644081	31644227	31644081	31644194	31644945	31645198	22292	4,7,8,9,2,4,3,9,1,9,17,9,4,4,5,10,7,3,11,5,3	1,0,0,15,1,1,2,1,2,0,16,0,2,1,0,1,0,1,10,4,3	3,3,1,5,5,4,1,10	2,0,2,0,0,0,1,0	108	75	2.56283959851e-05	0.00292448474186	0.735,1.0,1.0,0.294,0.581,0.735,0.51,0.862,0.258,1.0,0.425,1.0,0.581,0.735,1.0,0.874,1.0,0.676,0.433,0.465,0.41	0.51,1.0,0.258,1.0,1.0,1.0,0.41,1.0	-0.078
22331	ENSG00000132768	DPH2	chr1	+	43970905	43971189	43970965	43971189	43970595	43970708	22331	5,2,3,4,7,5,4,2,4,2,2,2,6,4,3,4,4,5,4,10,4	10,15,20,16,6,5,8,14,16,19,31,12,16,18,4,8,13,18,27,65,19	5,8,13,9,5,5,6,6	11,13,12,10,18,7,11,12	135	75	4.67571698943e-05	0.00483216236291	0.217,0.069,0.077,0.122,0.393,0.357,0.217,0.074,0.122,0.055,0.035,0.085,0.172,0.11,0.294,0.217,0.146,0.134,0.076,0.079,0.105	0.202,0.255,0.376,0.333,0.134,0.284,0.233,0.217	-0.104
22404	ENSG00000137074	APTX	chr9	-	32987543	32987846	32987543	32987731	32989758	32989895	22404	14,11,15,28,18,32,21,13,19,14,21,18,18,24,13,8,9,25,19,51,14	5,0,0,4,0,1,0,2,0,0,10,1,0,3,1,2,1,0,2,6,3	20,12,21,7,33,17,16,12	1,0,1,1,4,1,0,0	190	75	0.000365477076529	0.0238314258791	0.525,1.0,1.0,0.734,1.0,0.927,1.0,0.72,1.0,1.0,0.453,0.877,1.0,0.759,0.837,0.612,0.78,1.0,0.789,0.77,0.648	0.888,1.0,0.892,0.734,0.765,0.87,1.0,1.0	-0.064
22405	ENSG00000137074	APTX	chr9	-	32987543	32988129	32987543	32987731	32989758	32989895	22405	39,26,29,56,36,74,40,31,36,32,48,38,34,41,31,29,33,47,53,99,20	5,0,0,4,0,1,0,2,0,0,10,1,0,3,1,2,1,0,2,6,3	45,25,42,23,48,35,30,23	1,0,1,1,4,1,0,0	473	75	0.000843103048591	0.0449800951118	0.553,1.0,1.0,0.689,1.0,0.921,1.0,0.711,1.0,1.0,0.432,0.858,1.0,0.684,0.831,0.697,0.84,1.0,0.808,0.723,0.514	0.877,1.0,0.869,0.785,0.655,0.847,1.0,1.0	-0.057
22466	ENSG00000175061	SNHG29	chr17	+	16439580	16439703	16439659	16439703	16439036	16439414	22466	65,74,62,114,44,48,94,59,65,81,68,44,72,63,45,60,66,73,178,404,127	4,5,4,12,1,5,6,3,4,8,10,3,5,4,4,7,4,5,7,32,11	66,65,64,40,78,47,33,86	3,2,1,2,5,1,1,3	154	75	0.000163293921463	0.0127168043482	0.888,0.878,0.883,0.822,0.955,0.824,0.884,0.905,0.888,0.831,0.768,0.877,0.875,0.885,0.846,0.807,0.889,0.877,0.925,0.86,0.849	0.915,0.941,0.969,0.907,0.884,0.958,0.941,0.933	-0.064
22470	ENSG00000175061	SNHG29	chr17	+	16439527	16439703	16439659	16439703	16439326	16439414	22470	73,114,111,166,69,68,137,90,69,129,90,53,97,82,63,99,98,119,258,565,162	4,5,4,12,1,5,6,3,4,8,10,3,5,4,4,7,4,5,7,32,11	80,101,84,52,85,65,42,122	3,2,1,2,5,1,1,3	207	75	0.000501349068824	0.0308545614192	0.869,0.892,0.91,0.834,0.962,0.831,0.892,0.916,0.862,0.854,0.765,0.865,0.875,0.881,0.851,0.837,0.899,0.896,0.93,0.865,0.842	0.906,0.948,0.968,0.904,0.86,0.959,0.938,0.936	-0.055
22472	ENSG00000175061	SNHG29	chr17	+	16439531	16439703	16439659	16439703	16439326	16439414	22472	67,92,90,137,58,65,118,77,62,99,76,50,86,73,57,83,86,100,215,501,142	4,5,4,12,1,5,6,3,4,8,10,3,5,4,4,7,4,5,7,32,11	71,84,76,49,78,53,36,118	3,2,1,2,5,1,1,3	203	75	0.000308052525308	0.021179577807	0.861,0.872,0.893,0.808,0.955,0.828,0.879,0.905,0.851,0.821,0.737,0.86,0.864,0.871,0.84,0.814,0.888,0.881,0.919,0.853,0.827	0.897,0.939,0.966,0.901,0.852,0.951,0.93,0.936	-0.063
22483	ENSG00000175061	SNHG29	chr17	+	16440110	16440253	16440184	16440253	16439527	16439703	22483	18,14,20,19,17,13,13,11,15,15,9,10,16,23,9,8,17,15,25,50,13	28,40,34,85,25,30,55,32,39,47,57,21,24,36,20,40,19,56,96,209,53	12,20,13,9,7,17,14,18	32,25,31,8,21,13,18,17	149	75	0.000482919948492	0.0299446814854	0.244,0.15,0.228,0.101,0.255,0.179,0.106,0.148,0.162,0.138,0.074,0.193,0.251,0.243,0.185,0.091,0.311,0.119,0.116,0.107,0.11	0.159,0.287,0.174,0.362,0.144,0.397,0.281,0.348	-0.102
22530	ENSG00000124593	NA	chr6	+	41783733	41784238	41784130	41784238	41783461	41783605	22530	29,69,54,39,55,36,37,37,41,69,48,45,36,28,37,43,76,29,48,33,14	1,2,1,4,2,2,1,0,1,6,2,0,0,5,3,2,0,3,6,11,4	73,47,49,45,80,45,26,58	0,0,2,0,4,0,0,1	472	75	2.3588752418e-07	5.45930112299e-05	0.822,0.846,0.896,0.608,0.814,0.741,0.855,1.0,0.867,0.646,0.792,1.0,1.0,0.471,0.662,0.774,1.0,0.606,0.56,0.323,0.357	1.0,1.0,0.796,1.0,0.761,1.0,1.0,0.902	-0.188
22535	ENSG00000150967	ABCB9	chr12	-	122949787	122949918	122949787	122949904	122950450	122950565	22535	21,11,19,26,17,13,14,12,16,18,41,9,11,10,8,10,19,36,42,47,14	6,6,6,12,4,4,5,7,8,16,3,11,5,4,3,6,4,10,9,9,4	13,8,16,20,7,11,6,9	6,14,9,14,8,8,6,8	89	75	0.000124855244967	0.0102581069265	0.747,0.607,0.727,0.646,0.782,0.733,0.702,0.591,0.628,0.487,0.92,0.408,0.65,0.678,0.692,0.584,0.8,0.752,0.797,0.815,0.747	0.646,0.325,0.6,0.546,0.424,0.537,0.457,0.487	0.187
22536	ENSG00000261329	NA	chr16	-	27708420	27709151	27708420	27708918	27718242	27718455	22536	8,7,12,54,20,12,8,7,10,12,7,2,10,31,18,25,6,16,9,29,12	0,0,0,14,1,1,0,0,0,1,0,1,1,2,1,7,0,5,3,21,0	11,8,8,4,16,4,6,26	1,0,0,0,0,0,0,5	308	75	2.48342807584e-05	0.00285368462533	1.0,1.0,1.0,0.484,0.83,0.745,1.0,1.0,1.0,0.745,1.0,0.328,0.709,0.791,0.814,0.465,1.0,0.438,0.422,0.252,1.0	0.728,1.0,1.0,1.0,1.0,1.0,1.0,0.559	-0.148
22629	ENSG00000162729	IGSF8	chr1	-	160094868	160095332	160094868	160095246	160098408	160098689	22629	46,54,31,58,19,37,24,14,31,75,97,44,50,34,26,48,38,54,58,57,15	168,103,110,168,67,93,129,85,103,153,219,118,112,73,85,120,108,138,230,357,99	40,27,66,74,87,29,47,86	96,91,127,109,130,74,98,181	161	75	5.62742851207e-07	0.000118551160654	0.113,0.196,0.116,0.139,0.117,0.156,0.08,0.071,0.123,0.186,0.171,0.148,0.172,0.178,0.125,0.157,0.141,0.154,0.105,0.069,0.066	0.163,0.121,0.195,0.24,0.238,0.154,0.183,0.181	-0.052
22833	ENSG00000184371	CSF1	chr1	+	109923165	109924190	109924059	109924190	109921846	109921994	22833	126,148,170,291,142,141,193,91,59,135,302,84,86,145,72,153,179,97,286,583,77	3,0,2,12,2,0,0,0,3,1,3,0,3,1,3,2,1,1,8,16,6	69,160,45,91,153,49,24,207	0,0,0,0,0,1,1,6	969	75	0.000181308586373	0.0139871487854	0.765,1.0,0.868,0.652,0.846,1.0,1.0,1.0,0.604,0.913,0.886,1.0,0.689,0.918,0.65,0.856,0.933,0.882,0.735,0.738,0.498	1.0,1.0,1.0,1.0,1.0,0.791,0.65,0.728	-0.066
23011	ENSG00000091592	NLRP1	chr17	-	5539414	5539690	5539414	5539585	5541856	5542027	23011	5,2,2,1,4,5,1,5,1,5,8,2,1,1,1,2,2,1,3,4,1	2,2,5,7,2,0,4,2,1,3,13,2,2,0,3,0,1,4,6,11,1	0,1,0,0,1,0,1,3	1,1,3,2,0,1,2,3	180	75	5.96241608876e-05	0.00586673180662	0.51,0.294,0.143,0.056,0.455,1.0,0.094,0.51,0.294,0.41,0.204,0.294,0.172,1.0,0.122,1.0,0.455,0.094,0.172,0.132,0.294	0.0,0.294,0.0,0.0,1.0,0.0,0.172,0.294	0.147
23117	ENSG00000059769	DNAJC25	chr9	+	111642838	111643094	111642856	111643094	111631359	111631743	23117	0,1,1,4,0,2,1,0,2,2,1,1,1,0,0,2,1,0,2,8,0	4,2,6,6,3,6,1,4,5,4,11,2,5,2,1,2,2,1,11,12,3	4,0,5,1,2,1,0,0	3,2,3,0,2,7,3,6	93	75	0.000974710243148	0.0497976078877	0.0,0.287,0.118,0.35,0.0,0.212,0.446,0.0,0.244,0.287,0.068,0.287,0.139,0.0,0.0,0.446,0.287,0.0,0.128,0.35,0.0	0.518,0.0,0.573,1.0,0.446,0.103,0.0,0.0	-0.156
23150	ENSG00000138688	BLTP1	chr4	+	122224476	122224677	122224500	122224677	122220332	122220470	23150	4,2,3,4,4,4,4,2,1,2,2,1,3,6,4,5,1,6,7,17,1	14,9,13,25,13,6,7,7,11,13,15,12,14,12,8,10,14,8,30,39,23	2,0,2,1,1,1,3,0	16,8,10,6,13,8,8,7	99	75	0.000191696030074	0.0146509263543	0.178,0.144,0.149,0.108,0.189,0.336,0.302,0.178,0.064,0.104,0.092,0.059,0.14,0.275,0.275,0.275,0.051,0.362,0.15,0.248,0.032	0.087,0.0,0.132,0.112,0.055,0.087,0.221,0.0	0.09
23507	ENSG00000215374	FAM66B	chr8	-	7324821	7324977	7324821	7324960	7325136	7325198	23507	0,2,1,2,1,3,1,1,5,1,3,1,2,1,4,0,1,3,1,1,0	3,1,2,0,0,2,4,3,0,6,3,1,0,3,7,6,3,3,2,5,1	1,1,0,3,3,0,0,0	6,2,2,1,8,6,6,2	92	75	0.000975829463232	0.0497976078877	0.0,0.62,0.29,1.0,1.0,0.55,0.169,0.214,1.0,0.12,0.449,0.449,1.0,0.214,0.318,0.0,0.214,0.449,0.29,0.14,0.0	0.12,0.29,0.0,0.71,0.234,0.0,0.0,0.0	0.235
23654	ENSG00000310523	NA	chr2	+	113597125	113597638	113597485	113597638	113596670	113596829	23654	5,2,10,12,11,3,8,8,4,17,13,8,8,3,5,4,8,12,12,9,6	3,1,1,2,0,1,5,0,1,2,1,2,1,2,0,0,2,1,1,0,0	11,9,3,9,8,2,4,17	0,1,0,0,4,1,0,1	435	75	1.36658052607e-06	0.000251328533048	0.223,0.256,0.633,0.508,1.0,0.341,0.216,1.0,0.408,0.594,0.691,0.408,0.58,0.205,1.0,1.0,0.408,0.674,0.674,1.0,1.0	1.0,0.608,1.0,1.0,0.256,0.256,1.0,0.746	-0.123
23711	ENSG00000157103	SLC6A1	chr3	+	11013994	11014184	11014031	11014184	11012598	11012762	23711	3,3,7,12,7,7,6,3,9,6,10,8,8,10,3,4,16,10,10,13,6	0,4,2,3,0,0,0,1,0,0,3,2,1,4,1,1,0,2,3,8,6	6,11,11,18,19,6,8,14	0,0,0,0,2,0,0,1	112	75	1.88360105291e-10	1.54756662507e-07	1.0,0.334,0.701,0.728,1.0,1.0,1.0,0.668,1.0,1.0,0.691,0.728,0.843,0.626,0.668,0.728,1.0,0.77,0.691,0.521,0.401	1.0,1.0,1.0,1.0,0.864,1.0,1.0,0.904	-0.204
23712	ENSG00000157103	SLC6A1	chr3	+	11013994	11014184	11014039	11014184	11012598	11012762	23712	8,5,7,14,7,9,7,4,11,9,14,11,8,11,4,6,16,11,11,16,10	0,1,1,0,0,0,1,0,0,0,4,0,1,6,0,2,0,5,7,10,6	9,12,13,23,29,7,12,14	1,0,0,0,0,0,1,1	120	75	8.05514877023e-10	5.03986964886e-07	1.0,0.758,0.814,1.0,1.0,1.0,0.814,1.0,1.0,1.0,0.686,1.0,0.833,0.534,1.0,0.652,1.0,0.579,0.495,0.5,0.51	0.849,1.0,1.0,1.0,1.0,1.0,0.882,0.897	-0.136
23790	ENSG00000100429	HDAC10	chr22	-	50248830	50248890	50248830	50248859	50249327	50249454	23790	11,17,17,4,12,13,17,6,3,21,15,16,5,2,4,8,12,8,13,12,1	3,2,5,1,0,0,1,1,3,6,1,3,2,1,5,3,1,0,4,5,3	5,5,8,12,27,7,7,9	2,0,0,0,4,1,1,1	106	75	0.000759205857291	0.0418633243188	0.722,0.857,0.706,0.739,1.0,1.0,0.923,0.809,0.414,0.712,0.914,0.791,0.639,0.586,0.361,0.654,0.895,1.0,0.697,0.629,0.191	0.639,1.0,1.0,1.0,0.827,0.832,0.832,0.864	-0.149
24059	ENSG00000134900	TPP2	chr13	+	102651338	102651397	102651358	102651397	102649407	102649486	24059	1,1,1,2,4,1,3,2,4,1,0,2,1,0,1,3,1,2,2,5,1	2,0,1,6,1,1,0,0,3,2,1,3,0,1,0,2,2,3,1,11,1	1,0,0,1,3,0,1,2	5,1,1,3,2,1,0,1	95	75	0.000982509848489	0.0499832874005	0.283,1.0,0.441,0.208,0.759,0.441,1.0,1.0,0.513,0.283,0.0,0.345,1.0,0.0,1.0,0.542,0.283,0.345,0.612,0.264,0.441	0.136,0.0,0.0,0.208,0.542,0.0,1.0,0.612	0.2
24290	ENSG00000171097	KYAT1	chr9	-	128845352	128845517	128845352	128845411	128847432	128847643	24290	18,11,13,10,13,12,27,7,6,32,21,4,16,11,15,5,15,21,24,15,2	0,0,0,0,2,0,0,0,0,1,0,1,1,0,0,0,0,1,0,0,0	8,8,16,22,25,10,12,21	0,2,2,2,3,1,3,1	181	75	5.79434655557e-06	0.000881599098159	1.0,1.0,1.0,1.0,0.729,1.0,1.0,1.0,1.0,0.93,1.0,0.624,0.869,1.0,1.0,1.0,1.0,0.897,1.0,1.0,1.0	1.0,0.624,0.768,0.82,0.775,0.806,0.624,0.897	0.165
24292	ENSG00000171097	KYAT1	chr9	-	128845352	128845517	128845352	128845411	128882406	128882494	24292	17,11,13,10,14,12,27,7,6,32,21,4,17,11,15,5,15,21,24,16,2	0,1,0,2,0,3,1,1,2,1,4,1,0,4,5,2,0,3,4,2,0	8,8,16,22,25,10,12,21	1,1,1,0,1,0,0,2	181	75	2.27368986083e-07	5.33732454188e-05	1.0,0.82,1.0,0.674,1.0,0.624,0.918,0.744,0.554,0.93,0.685,0.624,1.0,0.533,0.554,0.509,1.0,0.744,0.713,0.768,1.0	0.768,0.768,0.869,1.0,0.912,1.0,1.0,0.813	-0.111
24481	ENSG00000087470	DNM1L	chr12	+	32705824	32707413	32707366	32707413	32701414	32701562	24481	334,263,144,816,247,360,123,183,438,218,249,259,476,396,371,317,274,558,789,458,428	40,39,38,59,16,40,64,33,37,43,43,26,55,54,32,39,52,34,50,100,37	505,352,528,401,440,407,399,140	29,18,18,13,38,13,22,16	1617	75	3.09752199446e-08	1.08294641304e-05	0.279,0.238,0.149,0.391,0.417,0.295,0.082,0.205,0.354,0.19,0.212,0.316,0.286,0.254,0.35,0.274,0.196,0.432,0.423,0.175,0.349	0.447,0.476,0.576,0.589,0.349,0.592,0.457,0.289	-0.192
24483	ENSG00000087470	DNM1L	chr12	+	32737864	32738296	32738263	32738296	32737104	32737161	24483	223,191,119,420,155,237,138,173,250,143,127,175,229,190,185,203,190,220,361,406,183	4,0,1,13,2,7,3,7,3,3,8,4,6,9,1,5,5,2,7,13,0	267,150,215,182,233,241,196,96	0,0,2,4,5,0,0,0	474	75	8.45047672948e-08	2.31430389365e-05	0.898,1.0,0.95,0.836,0.925,0.843,0.879,0.796,0.93,0.883,0.715,0.874,0.858,0.77,0.967,0.865,0.857,0.946,0.891,0.832,1.0	1.0,1.0,0.944,0.878,0.881,1.0,1.0,1.0	-0.081
24484	ENSG00000070087	PFN2	chr3	-	149964903	149966586	149964903	149966264	149968357	149968550	24484	2017,1641,1379,2653,669,1500,1488,1454,2107,1371,1878,1485,1822,704,1347,1784,1264,2447,3887,7161,2398	75,104,53,167,75,68,90,34,74,84,169,71,60,123,49,50,80,78,198,476,151	2400,798,2703,1144,1549,2075,2286,887	67,53,38,40,58,24,15,16	397	75	5.40234523783e-13	8.8771336948e-10	0.836,0.749,0.831,0.75,0.628,0.806,0.757,0.89,0.843,0.755,0.677,0.798,0.852,0.52,0.839,0.871,0.749,0.856,0.788,0.74,0.75	0.871,0.74,0.931,0.844,0.835,0.942,0.966,0.913	-0.105
24523	ENSG00000130023	ERMARD	chr6	+	169755282	169755422	169755287	169755422	169753863	169754032	24523	6,14,1,24,3,5,6,3,7,5,28,4,10,9,4,9,5,9,14,32,10	0,0,0,1,1,1,1,0,1,1,0,4,1,2,0,0,0,1,1,4,1	4,7,3,6,9,7,3,4	3,1,0,1,3,4,1,2	80	75	7.62349615269e-06	0.00108929816331	1.0,1.0,1.0,0.957,0.738,0.824,0.849,1.0,0.868,0.824,1.0,0.484,0.904,0.808,1.0,1.0,1.0,0.894,0.929,0.882,0.904	0.556,0.868,1.0,0.849,0.738,0.621,0.738,0.652	0.146
24547	ENSG00000146282	RARS2	chr6	-	87518045	87518179	87518045	87518152	87518629	87518739	24547	7,2,5,3,5,3,6,7,6,6,7,6,6,3,3,4,5,7,11,1,5	0,0,0,0,0,0,3,0,1,6,3,0,0,0,1,1,0,1,0,4,1	2,3,2,5,4,1,5,0	0,3,0,1,2,2,1,3	102	75	0.000691040191032	0.0392912540451	1.0,1.0,1.0,1.0,1.0,1.0,0.595,1.0,0.815,0.424,0.632,1.0,1.0,1.0,0.688,0.746,1.0,0.837,1.0,0.155,0.786	1.0,0.424,1.0,0.786,0.595,0.269,0.786,0.0	0.234
24695	ENSG00000143801	PSEN2	chr1	+	226885460	226885679	226885537	226885679	226875364	226875550	24695	3,1,1,1,2,4,2,1,0,3,3,1,3,1,3,2,3,5,3,1,4	2,4,0,1,1,4,1,0,1,1,5,1,1,1,0,2,0,4,1,3,0	3,7,2,10,9,3,1,4	0,0,0,0,0,0,0,0	152	75	4.4408920985e-16	1.21621231604e-12	0.425,0.11,1.0,0.33,0.497,0.33,0.497,1.0,0.0,0.597,0.228,0.33,0.597,0.33,1.0,0.33,1.0,0.381,0.597,0.141,1.0	1.0,1.0,1.0,1.0,1.0,1.0,1.0,1.0	-0.49
24697	ENSG00000143801	PSEN2	chr1	+	226885460	226885679	226885537	226885679	226883704	226883919	24697	3,3,1,1,2,4,3,1,0,3,3,1,3,2,3,2,3,5,1,1,4	24,29,27,35,17,13,27,18,28,24,56,30,14,17,21,16,18,38,58,86,26	4,8,2,10,9,4,2,4	20,18,23,23,44,19,25,24	152	75	8.17078724014e-07	0.000165756019667	0.058,0.049,0.018,0.014,0.055,0.132,0.052,0.027,0.0,0.058,0.026,0.016,0.096,0.055,0.066,0.058,0.076,0.061,0.008,0.006,0.071	0.09,0.18,0.041,0.177,0.092,0.094,0.038,0.076	-0.051
