353	ENSG00000119777	TMEM214	chr2	+	27037789	27037892	27037814	27037892	27037560	27037702	353	19,25,24,17,26,47,42	4,6,1,1,3,4,9	25,13,14,18,16,18,8	21,9,2,13,0,11,4	124	99	0.000317071547744	0.0176121413744	0.791,0.769,0.95,0.931,0.874,0.904,0.788	0.487,0.536,0.848,0.525,1.0,0.566,0.615	0.204
527	ENSG00000176840	MIR7-3HG	chr19	+	4769259	4769351	4769283	4769351	4769131	4769169	527	36,67,56,94,57,33,82	61,93,101,123,92,67,120	160,68,60,51,65,54,101	297,179,148,146,115,114,245	123	99	0.000210231032858	0.0131677904674	0.322,0.367,0.309,0.381,0.333,0.284,0.355	0.302,0.234,0.246,0.219,0.313,0.276,0.249	0.073
534	ENSG00000176840	MIR7-3HG	chr19	+	4769247	4769351	4769283	4769351	4769132	4769169	534	42,75,68,91,76,41,96	61,93,101,123,92,67,120	185,72,67,64,72,68,116	297,179,148,146,115,114,245	135	99	0.000128661275821	0.0094918318325	0.336,0.372,0.331,0.352,0.377,0.31,0.37	0.314,0.228,0.249,0.243,0.315,0.304,0.258	0.077
611	ENSG00000058673	ZC3H11A	chr1	+	203802651	203803016	203802956	203803016	203801574	203801628	611	492,445,408,273,482,304,461	28,38,9,5,40,14,21	196,433,388,421,429,459,342	22,46,31,32,32,33,31	404	99	0.000247984824715	0.0150488233024	0.812,0.742,0.917,0.93,0.747,0.842,0.843	0.686,0.698,0.754,0.763,0.767,0.773,0.73	0.095
622	ENSG00000102858	MGRN1	chr16	+	4686258	4690972	4688795	4690972	4683842	4683932	622	2078,1810,4472,897,4037,1325,4455	223,180,134,168,208,217,222	918,900,1912,1322,2182,2028,1630	291,247,247,333,233,225,262	2636	99	1.86912804522e-05	0.00225848926399	0.259,0.274,0.556,0.167,0.422,0.187,0.43	0.106,0.12,0.225,0.13,0.26,0.253,0.189	0.145
712	ENSG00000204147	ASAH2B	chr10	+	50745127	50745274	50745201	50745274	50742914	50743010	712	28,44,5,5,23,56,6	2,4,1,0,6,0,0	21,17,25,33,30,32,12	1,6,7,6,5,7,6	173	99	0.000721261008335	0.0317286639317	0.889,0.863,0.741,1.0,0.687,1.0,1.0	0.923,0.619,0.671,0.759,0.774,0.723,0.534	0.168
814	ENSG00000286818	NA	chr5	+	79844808	79845000	79844811	79845000	79844062	79844159	814	0,2,13,8,1,2,0	2,0,4,2,5,0,5	0,0,6,2,0,0,0	2,2,0,1,6,3,3	102	99	0.00084603828388	0.0352983865167	0.0,1.0,0.759,0.795,0.163,1.0,0.0	0.0,0.0,1.0,0.66,0.0,0.0,0.0	0.294
839	ENSG00000139044	B4GALNT3	chr12	+	557890	558088	558015	558088	557607	557761	839	21,11,13,11,6,27,13	50,12,61,36,73,33,59	2,10,4,5,7,17,10	71,78,48,51,62,58,61	224	99	6.56974119484e-06	0.000993900358972	0.157,0.288,0.086,0.119,0.035,0.266,0.089	0.012,0.054,0.036,0.042,0.048,0.115,0.068	0.095
1187	ENSG00000165795	NDRG2	chr14	-	21024029	21024139	21024029	21024096	21025028	21025061	1187	53,79,190,112,91,108,233	216,282,378,240,228,178,535	61,69,68,201,73,46,59	312,200,314,471,125,259,424	142	99	0.000304829460104	0.0170851403422	0.146,0.163,0.259,0.245,0.218,0.297,0.233	0.12,0.194,0.131,0.229,0.289,0.11,0.088	0.057
1226	ENSG00000092148	HECTD1	chr14	-	31128611	31129448	31128611	31129307	31133237	31133414	1226	397,380,134,91,457,266,293	19,36,4,9,27,22,24	159,427,389,341,384,389,357	15,52,30,51,37,50,50	240	99	3.90295804106e-05	0.00384265837185	0.896,0.813,0.933,0.807,0.875,0.833,0.834	0.814,0.772,0.842,0.734,0.811,0.762,0.747	0.073
1230	ENSG00000105397	TYK2	chr19	-	10351051	10351484	10351051	10351143	10352433	10352551	1230	99,73,218,102,170,168,161	1,4,3,5,3,12,9	180,110,119,146,126,137,150	1,0,4,2,1,0,4	440	99	3.14113000249e-05	0.00341813725651	0.957,0.804,0.942,0.821,0.927,0.759,0.801	0.976,1.0,0.87,0.943,0.966,1.0,0.894	-0.091
1286	ENSG00000245146	MALINC1	chr5	-	140106295	140106490	140106295	140106461	140108472	140108603	1286	6,1,7,1,3,1,2	2,8,2,1,9,1,0	1,2,1,1,4,1,1	5,4,14,10,5,8,11	128	99	0.00128791119547	0.0473625524216	0.699,0.088,0.73,0.436,0.205,0.436,1.0	0.134,0.279,0.052,0.072,0.382,0.088,0.066	0.36
1303	ENSG00000135241	PNPLA8	chr7	-	108514435	108515574	108514435	108515447	108521475	108521521	1303	164,131,81,52,165,78,104	12,4,15,3,12,4,7	72,182,150,191,140,185,167	0,6,9,4,0,6,8	226	99	0.000119154259631	0.00899333055525	0.857,0.935,0.703,0.884,0.858,0.895,0.867	1.0,0.93,0.88,0.954,1.0,0.931,0.901	-0.085
1412	ENSG00000283999	NA	chr1	+	110488522	110488634	110488578	110488634	110486885	110487085	1412	2,7,6,11,7,12,6	0,0,0,2,2,0,0	2,2,2,0,12,4,8	2,0,3,3,1,0,2	155	99	7.36210988744e-05	0.00631309404541	1.0,1.0,1.0,0.778,0.691,1.0,1.0	0.39,1.0,0.299,0.0,0.885,1.0,0.719	0.311
1422	ENSG00000255794	RMST	chr12	+	97564149	97565033	97564737	97565033	97560796	97561047	1422	248,256,360,347,324,435,418	11,0,27,14,11,6,10	566,230,349,328,296,321,283	0,1,3,0,8,4,12	687	99	5.81093691301e-05	0.00524902495521	0.765,1.0,0.658,0.781,0.809,0.913,0.858	1.0,0.971,0.944,1.0,0.842,0.92,0.773	-0.095
1434	ENSG00000228877	NA	chr9	+	134479792	134479961	134479881	134479961	134478882	134479042	1434	41,14,12,29,36,42,27	0,0,0,1,0,0,0	21,47,40,56,21,28,64	2,0,4,2,1,3,2	188	99	0.000838345156211	0.0352189440013	1.0,1.0,1.0,0.939,1.0,1.0,1.0	0.847,1.0,0.84,0.936,0.917,0.831,0.944	0.089
1617	ENSG00000168137	SETD5	chr3	+	9434276	9434485	9434333	9434485	9433844	9433950	1617	88,69,56,26,99,96,89	146,70,47,22,132,60,58	28,63,68,64,59,74,82	42,107,90,91,110,130,110	156	99	0.000396282592513	0.0204266661537	0.277,0.385,0.431,0.429,0.322,0.504,0.493	0.297,0.272,0.324,0.309,0.254,0.265,0.321	0.114
1647	ENSG00000291129	PPIEL	chr1	-	39547578	39547634	39547578	39547629	39548861	39548951	1647	25,18,31,39,18,32,15	0,0,0,3,1,3,0	28,15,30,11,25,12,24	7,1,6,3,2,3,4	104	99	3.29885717854e-07	9.02722564386e-05	1.0,1.0,1.0,0.925,0.945,0.91,1.0	0.792,0.935,0.826,0.777,0.922,0.792,0.851	0.126
1654	ENSG00000206417	H1-10-AS1	chr3	+	129317773	129318310	129317931	129318310	129317153	129317345	1654	73,67,148,63,104,132,135	8,6,11,8,15,9,3	137,100,88,66,109,96,133	7,3,6,1,1,7,4	257	99	0.000783057461204	0.0336515779171	0.779,0.811,0.838,0.752,0.728,0.85,0.945	0.883,0.928,0.85,0.962,0.977,0.841,0.928	-0.095
1659	ENSG00000206417	H1-10-AS1	chr3	+	129317823	129318310	129317931	129318310	129317153	129317345	1659	57,59,124,51,83,100,99	8,6,11,8,15,9,3	108,69,70,56,88,71,105	7,3,6,1,1,7,4	207	99	0.00118416196391	0.0455099814067	0.773,0.825,0.844,0.753,0.726,0.842,0.94	0.881,0.917,0.848,0.964,0.977,0.829,0.926	-0.091
1804	ENSG00000247556	OIP5-AS1	chr15	+	41287080	41289155	41287961	41289155	41286010	41286100	1804	63,38,65,23,39,28,40	0,0,0,0,2,0,3	40,47,53,46,42,58,28	2,1,4,1,1,2,1	980	99	0.000259406692481	0.0154712811977	1.0,1.0,1.0,1.0,0.663,1.0,0.574	0.669,0.826,0.572,0.823,0.809,0.746,0.739	0.15
1808	ENSG00000247556	OIP5-AS1	chr15	+	41296803	41297929	41297672	41297929	41286010	41286100	1808	58,28,53,18,40,46,20	3,1,3,1,6,2,1	9,19,29,64,29,35,25	0,0,2,1,2,0,1	968	99	0.000207407997212	0.0131677904674	0.664,0.741,0.644,0.648,0.405,0.702,0.672	1.0,1.0,0.597,0.867,0.597,1.0,0.719	-0.186
1949	ENSG00000214087	ARL16	chr17	-	81682033	81683126	81682033	81682675	81683535	81683594	1949	458,347,462,385,455,288,460	1,3,0,0,3,1,0	718,456,416,406,462,431,470	0,11,20,11,0,0,14	550	99	1.49658174742e-10	1.63814077388e-07	0.988,0.954,1.0,1.0,0.965,0.981,1.0	1.0,0.882,0.789,0.869,1.0,1.0,0.858	0.07
2005	ENSG00000170919	TPT1-AS1	chr13	+	45377060	45377215	45377111	45377215	45369958	45370182	2005	62,41,48,53,56,48,68	2,1,2,6,2,4,2	64,39,57,44,65,42,44	6,6,8,8,6,5,3	150	99	0.000623711199597	0.0290877644163	0.953,0.964,0.941,0.854,0.949,0.888,0.957	0.876,0.811,0.825,0.784,0.877,0.847,0.906	0.083
2055	ENSG00000176896	TCEANC	chrX	+	13660865	13661122	13661027	13661122	13659651	13659768	2055	5,6,10,8,9,8,13	0,0,0,2,0,1,1	13,8,15,13,11,4,7	1,3,0,3,2,1,6	261	99	1.56862205558e-07	4.94727444241e-05	1.0,1.0,1.0,0.603,1.0,0.752,0.831	0.831,0.503,1.0,0.622,0.676,0.603,0.307	0.235
2068	ENSG00000157193	LRP8	chr1	-	53271226	53271415	53271226	53271346	53275630	53275753	2068	23,8,7,1,27,10,14	59,63,18,19,89,57,71	6,8,8,5,7,14,6	30,104,63,66,77,79,99	168	99	3.44738480704e-05	0.00360387283648	0.187,0.07,0.186,0.03,0.152,0.094,0.104	0.105,0.043,0.07,0.043,0.051,0.095,0.034	0.055
2573	ENSG00000172890	NADSYN1	chr11	+	71476032	71477438	71477344	71477438	71474394	71474526	2573	211,341,660,290,395,326,224	3,0,15,3,4,0,3	149,449,153,255,309,288,212	9,6,2,12,3,8,7	1411	99	0.00115944252145	0.0450415583281	0.832,1.0,0.755,0.872,0.874,1.0,0.84	0.537,0.84,0.843,0.599,0.878,0.716,0.68	0.154
2637	ENSG00000295624	NA	chr16	-	89254932	89255737	89254932	89255172	89255819	89255874	2637	25,21,24,13,29,20,22	0,1,3,0,1,0,1	38,15,18,23,31,14,43	7,0,0,3,0,0,6	664	99	0.000881212792171	0.0363583317887	1.0,0.758,0.544,1.0,0.812,1.0,0.766	0.447,1.0,1.0,0.533,1.0,1.0,0.517	0.055
2656	ENSG00000116852	KIF21B	chr1	-	200969389	200974194	200969389	200973578	200974713	200974913	2656	644,1170,754,500,1033,1039,1371	23,42,42,15,44,33,74	1136,1308,1316,953,1238,1027,1187	10,22,18,59,24,34,38	715	99	0.000130074006733	0.0094918318325	0.795,0.794,0.713,0.822,0.765,0.813,0.72	0.94,0.892,0.91,0.691,0.877,0.807,0.812	-0.072
2781	ENSG00000291207	NA	chr7	-	45726330	45727318	45726330	45726861	45728177	45728313	2781	318,237,411,344,338,313,406	113,75,101,94,74,54,55	338,241,275,307,274,329,324	148,113,143,117,83,107,122	556	99	1.38735660301e-05	0.00180355903963	0.334,0.36,0.42,0.395,0.449,0.508,0.568	0.289,0.275,0.255,0.318,0.37,0.354,0.321	0.122
2837	ENSG00000159131	GART	chr21	-	33539170	33539356	33539170	33539323	33542547	33542820	2837	27,46,29,11,57,19,44	2,1,1,4,0,1,2	25,51,35,46,33,28,39	3,3,7,9,7,7,7	132	99	6.9078601469e-06	0.00102833169291	0.91,0.972,0.956,0.673,1.0,0.934,0.943	0.862,0.927,0.789,0.793,0.78,0.75,0.807	0.097
2855	ENSG00000293313	ZNF37BP	chr10	-	42551572	42551858	42551572	42551814	42551989	42552280	2855	24,19,26,22,25,19,11	37,17,17,4,26,13,15	5,28,18,20,17,18,17	15,32,35,27,34,45,35	143	99	0.00134451729053	0.048710226026	0.31,0.436,0.514,0.792,0.4,0.503,0.337	0.188,0.377,0.263,0.339,0.257,0.217,0.252	0.2
3301	ENSG00000010165	METTL13	chr1	+	171785878	171786078	171785886	171786078	171783739	171784039	3301	10,7,2,9,5,5,11	0,0,0,0,0,0,2	6,5,7,8,7,10,9	2,1,1,4,2,0,1	107	99	0.00120270052066	0.0457881277219	1.0,1.0,1.0,1.0,1.0,1.0,0.836	0.735,0.822,0.866,0.649,0.764,1.0,0.893	0.158
3354	ENSG00000166347	CYB5A	chr18	-	74255740	74260944	74255740	74255775	74263348	74263477	3354	854,608,1783,774,760,625,861	0,0,2,0,0,0,0	930,1166,694,949,1134,734,877	13,9,0,0,1,0,5	5268	99	2.65925426124e-09	1.70632425149e-06	1.0,1.0,0.944,1.0,1.0,1.0,1.0	0.573,0.709,1.0,1.0,0.955,1.0,0.767	0.134
3415	ENSG00000133706	LARS1	chr5	-	146130017	146131109	146130017	146130158	146132897	146133081	3415	599,624,496,481,662,529,579	10,8,5,5,8,31,6	772,702,666,641,595,621,634	9,2,5,2,5,6,6	1050	99	0.000210877125929	0.0131677904674	0.85,0.88,0.903,0.901,0.886,0.617,0.901	0.89,0.971,0.926,0.968,0.918,0.907,0.909	-0.079
3416	ENSG00000133706	LARS1	chr5	-	146140203	146143084	146140203	146140261	146143411	146143550	3416	1220,1061,1111,725,1642,678,1018	3,0,3,0,5,0,4	1099,1271,1190,1325,1049,1246,1237	4,9,7,3,9,1,5	2922	99	0.000737290067339	0.0323572961628	0.932,1.0,0.926,1.0,0.918,1.0,0.896	0.903,0.827,0.852,0.937,0.798,0.977,0.893	0.069
3460	ENSG00000173531	MST1	chr3	-	49685011	49685089	49685011	49685085	49685261	49685382	3460	22,27,56,25,59,44,31	0,4,2,2,6,1,3	46,33,55,44,37,26,19	8,4,4,13,3,3,7	103	99	0.000774720089141	0.0334477759135	1.0,0.866,0.964,0.923,0.904,0.977,0.909	0.847,0.888,0.93,0.765,0.922,0.893,0.723	0.082
3545	ENSG00000176884	GRIN1	chr9	+	137167410	137168755	137167773	137168755	137163758	137163904	3545	4187,3304,3911,3688,4326,5125,4631	2688,1799,2095,2576,2028,1612,2436	4957,2999,4144,3745,3757,4195,4374	3169,2175,2815,2115,2506,3043,2971	462	99	0.000672150824173	0.0305563034277	0.25,0.282,0.286,0.235,0.314,0.405,0.289	0.251,0.228,0.24,0.275,0.243,0.228,0.24	0.051
3702	ENSG00000214548	MEG3	chr14	+	100835292	100835549	100835369	100835549	100834631	100834751	3702	73,59,88,22,107,42,56	7,14,5,7,13,8,9	60,79,76,112,85,85,68	2,2,8,5,5,6,3	176	99	3.05031522625e-05	0.00335859560533	0.854,0.703,0.908,0.639,0.822,0.747,0.778	0.944,0.957,0.842,0.926,0.905,0.889,0.927	-0.134
3765	ENSG00000158636	EMSY	chr11	+	76542167	76542367	76542215	76542367	76528267	76528466	3765	13,12,13,3,18,27,16	3,0,2,0,2,4,6	11,5,4,18,9,13,17	2,0,0,1,0,0,3	147	99	3.92669083326e-05	0.00384567700133	0.745,1.0,0.814,1.0,0.858,0.82,0.642	0.787,1.0,1.0,0.924,1.0,1.0,0.792	-0.089
3852	ENSG00000215187	CIMIP2B	chr9	-	35562379	35562574	35562379	35562528	35562648	35562700	3852	8,12,6,7,8,8,11	5,3,1,3,1,2,3	7,6,1,9,8,4,6	0,1,0,2,0,1,1	145	99	1.2184584273e-05	0.00161950531537	0.522,0.732,0.804,0.614,0.845,0.732,0.715	1.0,0.804,1.0,0.754,1.0,0.732,0.804	-0.161
4168	ENSG00000133805	AMPD3	chr11	+	10504548	10504659	10504579	10504659	10502720	10502894	4168	141,101,201,125,153,93,101	12,5,24,18,26,6,11	85,186,116,274,203,105,127	3,10,11,13,8,5,4	130	99	4.3568009509e-06	0.000687045356732	0.899,0.939,0.864,0.841,0.818,0.922,0.875	0.956,0.934,0.889,0.941,0.951,0.941,0.96	-0.059
4215	ENSG00000301761	NA	chrGL000218.1	-	95173	95232	95173	95220	97367	97448	4215	104,70,35,57,44,32,89	0,0,0,0,0,0,0	35,110,65,71,161,94,125	125,0,0,13,0,0,0	111	99	0.000339189653468	0.0182391446659	1.0,1.0,1.0,1.0,1.0,1.0,1.0	0.2,1.0,1.0,0.83,1.0,1.0,1.0	0.139
4294	ENSG00000142046	TMEM91	chr19	+	41383560	41384083	41383885	41384083	41382771	41382921	4294	222,184,388,273,321,240,374	60,49,128,69,69,52,65	303,211,245,262,235,295,211	128,64,100,82,66,107,97	424	99	9.17175209457e-05	0.00748543697262	0.463,0.467,0.414,0.48,0.521,0.519,0.573	0.356,0.435,0.364,0.427,0.454,0.392,0.337	0.096
4297	ENSG00000142046	TMEM91	chr19	+	41383714	41384083	41383885	41384083	41382771	41382921	4297	223,179,407,273,327,241,346	60,49,128,69,69,52,65	321,189,255,282,231,297,213	128,64,100,82,66,107,97	270	99	6.27355530705e-05	0.0055589674835	0.577,0.573,0.538,0.592,0.635,0.63,0.661	0.479,0.52,0.483,0.558,0.562,0.504,0.446	0.093
4299	ENSG00000142046	TMEM91	chr19	+	41383862	41384083	41383885	41384083	41382771	41382921	4299	100,88,177,156,140,133,153	60,49,128,69,69,52,65	115,89,116,124,131,128,104	128,64,100,82,66,107,97	122	99	0.00027517679213	0.0161419859214	0.575,0.593,0.529,0.647,0.622,0.675,0.656	0.422,0.53,0.485,0.551,0.617,0.493,0.465	0.105
4332	ENSG00000248309	MEF2C-AS1	chr5	+	88944132	88944985	88944284	88944985	88943015	88943122	4332	21,11,15,16,26,23,18	0,1,0,1,0,0,1	33,23,15,12,20,29,18	1,0,12,0,2,1,0	251	99	0.000634453360541	0.0292950574019	1.0,0.813,1.0,0.863,1.0,1.0,0.877	0.929,1.0,0.33,1.0,0.798,0.92,1.0	0.082
4334	ENSG00000248309	MEF2C-AS1	chr5	+	88944158	88944985	88944284	88944985	88943015	88943122	4334	18,8,14,15,22,20,15	0,1,0,1,0,0,1	25,18,11,10,14,24,16	1,0,12,0,2,1,0	225	99	0.000824982811039	0.0348101590653	1.0,0.779,1.0,0.868,1.0,1.0,0.868	0.917,1.0,0.287,1.0,0.755,0.913,1.0	0.092
4380	ENSG00000117410	ATP6V0B	chr1	+	43975664	43975848	43975799	43975848	43974950	43975297	4380	114,89,131,124,100,144,109	3,2,2,3,6,4,4	105,81,88,162,106,120,97	9,8,7,6,8,10,11	234	99	1.16747619306e-05	0.00159738213239	0.941,0.95,0.965,0.946,0.876,0.938,0.92	0.832,0.811,0.842,0.92,0.849,0.835,0.789	0.094
4408	ENSG00000291027	UBE2Q2P1	chr15	-	84526780	84527477	84526780	84526876	84527618	84527667	4408	119,44,118,37,161,41,86	1,4,5,2,8,0,2	39,73,67,63,66,104,57	0,0,1,0,3,1,0	700	99	1.02676091351e-06	0.000219608816995	0.944,0.609,0.769,0.723,0.74,1.0,0.859	1.0,1.0,0.905,1.0,0.757,0.936,1.0	-0.136
4465	ENSG00000287250	NA	chr2	-	73828198	73828484	73828198	73828480	73828756	73828806	4465	0,1,2,1,6,0,0	2,4,3,1,0,2,2	2,3,2,3,3,4,1	1,3,0,1,0,0,1	103	99	3.19818198813e-07	8.88235379629e-05	0.0,0.194,0.391,0.49,1.0,0.0,0.0	0.658,0.49,1.0,0.742,1.0,1.0,0.49	-0.472
4563	ENSG00000205133	TRIQK	chr8	-	92916928	92917010	92916928	92917007	92921502	92921660	4563	15,7,3,6,4,6,2	0,1,0,0,0,0,1	1,3,3,8,8,3,6	0,7,1,2,4,0,2	102	99	4.4459968962e-07	0.000116522690485	1.0,0.872,1.0,1.0,1.0,1.0,0.66	1.0,0.294,0.744,0.795,0.66,1.0,0.744	0.185
4590	ENSG00000119698	PPP4R4	chr14	+	94227274	94227378	94227285	94227378	94208463	94208566	4590	27,12,17,23,14,25,14	0,3,0,1,1,0,1	20,11,16,12,12,21,16	1,6,3,2,1,2,4	110	99	2.09703334509e-05	0.00246972129655	1.0,0.783,1.0,0.954,0.926,1.0,0.926	0.947,0.623,0.828,0.844,0.915,0.904,0.783	0.106
4645	ENSG00000260372	AQP4-AS1	chr18	+	26933615	26935904	26934279	26935904	26932992	26933122	4645	25,55,122,69,107,108,34	0,0,0,0,1,0,0	66,14,56,146,81,111,62	1,1,1,1,1,5,3	763	99	5.42770670965e-05	0.00499993893333	1.0,1.0,1.0,1.0,0.933,1.0,1.0	0.895,0.645,0.879,0.95,0.913,0.742,0.728	0.169
4649	ENSG00000215386	MIR99AHG	chr21	+	16627176	16627785	16627715	16627785	16606993	16607087	4649	48,52,49,36,43,57,71	1,0,0,0,1,0,3	74,43,50,65,25,44,39	2,3,4,1,2,0,2	638	99	8.0835603769e-05	0.00680628468296	0.882,1.0,1.0,1.0,0.87,1.0,0.786	0.852,0.69,0.66,0.91,0.66,1.0,0.752	0.145
5026	ENSG00000290823	NA	chr15	+	101972407	101972694	101972582	101972694	101966069	101966223	5026	15,2,15,0,13,13,21	15,4,9,12,11,5,7	0,1,0,0,12,1,4	13,12,6,8,15,8,7	274	99	3.66973330124e-06	0.00060969997562	0.265,0.153,0.376,0.0,0.299,0.484,0.52	0.0,0.029,0.0,0.0,0.224,0.043,0.171	0.233
5028	ENSG00000290823	NA	chr15	+	101972407	101972694	101972595	101972694	101966069	101966223	5028	15,2,15,1,14,14,21	3,3,5,2,2,2,1	0,2,0,0,14,1,6	3,3,7,9,2,0,5	287	99	5.8733517999e-05	0.00527977441027	0.633,0.187,0.509,0.147,0.707,0.707,0.879	0.0,0.187,0.0,0.0,0.707,1.0,0.293	0.226
5116	ENSG00000177853	ZNF518A	chr10	+	96133555	96133648	96133582	96133648	96132585	96132670	5116	1,3,2,0,1,0,0	9,2,7,2,9,5,7	5,6,3,5,3,3,8	2,6,2,10,5,8,6	126	99	1.04762680164e-06	0.000221525449147	0.08,0.541,0.183,0.0,0.08,0.0,0.0	0.663,0.44,0.541,0.282,0.32,0.228,0.512	-0.3
5148	ENSG00000105486	LIG1	chr19	-	48137521	48137759	48137521	48137688	48139970	48140143	5148	5,4,5,4,7,18,11	42,30,40,15,55,21,31	5,9,4,8,4,2,3	33,42,55,86,44,48,34	170	99	0.00125605565482	0.0468390453405	0.065,0.072,0.068,0.134,0.069,0.333,0.171	0.081,0.111,0.041,0.051,0.05,0.024,0.049	0.072
5157	ENSG00000226465	NA	chr20	+	25734268	25734895	25734635	25734895	25697051	25697211	5157	22,29,30,25,22,26,23	1,0,0,0,1,3,0	12,13,27,31,24,42,40	5,4,3,4,2,4,2	466	99	4.13401548549e-08	1.56991347253e-05	0.824,1.0,1.0,1.0,0.824,0.648,1.0	0.338,0.408,0.657,0.622,0.718,0.69,0.809	0.293
5179	ENSG00000223711	NA	chr3	+	195546119	195546919	195546473	195546919	195544158	195544269	5179	12,6,15,2,17,4,10	1,0,0,0,0,0,0	10,9,19,16,23,25,28	2,0,1,1,1,3,2	453	99	0.000864656690974	0.0358341463377	0.724,1.0,1.0,1.0,1.0,1.0,1.0	0.522,1.0,0.806,0.778,0.834,0.646,0.754	0.198
5195	ENSG00000259802	MARCHF6-DT	chr5	-	10343097	10343324	10343097	10343319	10351537	10351773	5195	16,14,9,22,6,25,11	0,0,0,0,1,4,0	11,15,23,16,8,12,24	13,1,0,2,0,3,0	104	99	8.54000498656e-05	0.00709430414241	1.0,1.0,1.0,1.0,0.851,0.856,1.0	0.446,0.935,1.0,0.884,1.0,0.792,1.0	0.093
5254	ENSG00000169683	LRRC45	chr17	+	82029018	82029185	82029092	82029185	82028612	82028683	5254	46,20,45,41,58,54,75	109,72,93,69,91,83,84	48,44,41,48,36,35,35	177,102,106,91,90,94,125	173	99	0.00124266280684	0.046619898205	0.195,0.137,0.217,0.254,0.267,0.271,0.338	0.134,0.198,0.181,0.232,0.186,0.176,0.138	0.062
5275	ENSG00000255197	SLC39A13-AS1	chr11	-	47395489	47395629	47395489	47395577	47405509	47405547	5275	7,8,7,1,8,0,2	3,6,2,2,7,6,4	6,7,5,10,3,9,11	2,0,6,0,1,0,2	151	99	0.000119376217065	0.00899333055525	0.605,0.466,0.696,0.247,0.428,0.0,0.247	0.663,1.0,0.353,1.0,0.663,1.0,0.783	-0.396
5503	ENSG00000143224	PPOX	chr1	+	161168412	161168576	161168444	161168576	161167994	161168127	5503	61,31,84,50,60,53,71	6,2,3,8,5,5,2	66,96,50,84,58,54,69	9,8,5,15,16,15,23	131	99	1.58025095341e-05	0.00198684525277	0.885,0.921,0.955,0.825,0.901,0.889,0.964	0.847,0.901,0.883,0.809,0.733,0.731,0.694	0.106
5504	ENSG00000143224	PPOX	chr1	+	161168431	161168576	161168444	161168576	161167994	161168127	5504	104,85,111,114,105,99,118	6,2,3,8,5,5,2	133,129,87,129,107,108,109	9,8,5,15,16,15,23	112	99	4.60978364814e-07	0.000117505279623	0.939,0.974,0.97,0.926,0.949,0.946,0.981	0.929,0.934,0.939,0.884,0.855,0.864,0.807	0.068
5730	ENSG00000101898	MCTS2	chr20	+	31548379	31549114	31548676	31549114	31547447	31547692	5730	204,156,125,177,175,187,163	3,1,3,1,5,0,2	220,244,246,230,189,169,242	4,6,7,7,9,10,6	396	99	6.31174765299e-05	0.00556630333303	0.944,0.975,0.912,0.978,0.897,1.0,0.953	0.932,0.91,0.898,0.891,0.84,0.809,0.91	0.067
5894	ENSG00000104320	NBN	chr8	-	89980733	89980893	89980733	89980852	89981374	89981523	5894	118,92,51,26,129,41,72	3,11,0,0,5,2,6	66,101,93,97,88,114,92	7,17,15,6,14,11,11	140	99	1.37593909652e-05	0.00180355903963	0.965,0.855,1.0,1.0,0.948,0.935,0.895	0.87,0.808,0.814,0.92,0.816,0.88,0.855	0.091
5950	ENSG00000105607	GCDH	chr19	+	12891486	12891974	12891830	12891974	12891270	12891395	5950	122,78,118,94,138,111,164	0,1,5,6,3,2,3	151,91,130,196,109,74,135	1,1,0,1,5,0,0	443	99	0.000628913342882	0.0291114912546	1.0,0.946,0.841,0.778,0.911,0.925,0.924	0.971,0.953,1.0,0.978,0.83,1.0,1.0	-0.058
6074	ENSG00000137601	NEK1	chr4	-	169477431	169478380	169477431	169477497	169479402	169479534	6074	44,21,146,39,55,28,123	66,46,39,23,79,24,24	16,41,39,75,36,31,16	29,42,37,46,52,71,68	982	99	0.000334019765184	0.0181423654437	0.063,0.044,0.274,0.146,0.066,0.105,0.341	0.053,0.09,0.096,0.141,0.065,0.042,0.023	0.076
6332	ENSG00000261832	NA	chr16	-	28479643	28479765	28479643	28479741	28482104	28482198	6332	13,4,18,11,15,10,21	0,0,1,1,0,3,0	37,6,22,18,11,11,11	4,1,9,1,0,1,0	123	99	0.000508402872534	0.0245499878738	1.0,1.0,0.935,0.899,1.0,0.728,1.0	0.882,0.828,0.663,0.935,1.0,0.899,1.0	0.051
6381	ENSG00000118307	DNAI7	chr12	-	25108419	25108823	25108419	25108761	25110126	25110240	6381	53,47,52,76,62,53,41	2,7,7,13,6,1,6	67,55,61,70,57,66,55	0,4,4,3,6,0,3	161	99	0.000862425180544	0.0358214458919	0.942,0.805,0.82,0.782,0.864,0.97,0.808	1.0,0.894,0.904,0.935,0.854,1.0,0.919	-0.074
6383	ENSG00000118307	DNAI7	chr12	-	25114655	25114913	25114655	25114870	25121752	25121913	6383	1,5,6,12,3,3,5	0,0,2,1,0,0,0	5,7,3,2,1,6,1	4,4,2,0,0,3,0	142	99	3.59817439344e-06	0.000603196658677	1.0,1.0,0.677,0.893,1.0,1.0,1.0	0.466,0.55,0.511,1.0,1.0,0.582,1.0	0.209
6401	ENSG00000115204	MPV17	chr2	-	27317077	27317234	27317077	27317173	27322447	27322522	6401	58,44,50,21,66,24,34	1,0,5,3,2,1,3	26,39,25,47,36,54,45	5,8,5,5,2,3,9	160	99	0.000237546024137	0.0145877983454	0.973,1.0,0.861,0.812,0.953,0.937,0.875	0.763,0.751,0.756,0.853,0.918,0.918,0.756	0.099
6408	ENSG00000178927	CYBC1	chr17	-	82445863	82446202	82445863	82445960	82446622	82446696	6408	67,115,204,161,114,136,170	194,180,249,127,235,185,245	112,134,127,149,90,89,113	242,267,312,408,291,220,224	341	99	3.40145982713e-07	9.17309629902e-05	0.091,0.156,0.192,0.269,0.123,0.176,0.168	0.118,0.127,0.106,0.096,0.082,0.105,0.128	0.059
6430	ENSG00000206195	DUXAP8	chr22	+	15791009	15791152	15791016	15791152	15790660	15790798	6430	0,1,0,1,1,0,0	3,7,7,16,7,4,4	6,9,2,3,3,1,3	5,20,7,2,16,7,18	106	99	5.69423697083e-09	3.31119879854e-06	0.0,0.118,0.0,0.055,0.118,0.0,0.0	0.528,0.296,0.211,0.583,0.149,0.118,0.135	-0.247
6783	ENSG00000205517	RGL3	chr19	-	11399854	11399969	11399854	11399951	11400039	11400108	6783	0,2,1,2,5,1,3	7,17,25,11,21,22,51	5,6,8,12,2,4,0	18,12,17,45,7,17,16	117	99	0.000121411146169	0.00910975245126	0.0,0.091,0.033,0.133,0.168,0.037,0.047	0.19,0.297,0.285,0.184,0.195,0.166,0.0	-0.115
6937	ENSG00000089127	OAS1	chr12	+	112911035	112911235	112911097	112911235	112908535	112908824	6937	26,15,12,12,28,17,4	0,0,0,1,0,0,1	794,25,15,17,13,15,13	38,2,0,3,2,1,3	161	99	2.40454425027e-06	0.000430228455856	1.0,1.0,1.0,0.881,1.0,1.0,0.711	0.928,0.885,1.0,0.777,0.8,0.902,0.727	0.082
6940	ENSG00000089127	OAS1	chr12	+	112911055	112911235	112911097	112911235	112908535	112908824	6940	25,14,11,10,26,17,3	0,0,0,1,0,0,1	706,21,13,17,11,15,12	38,2,0,3,2,1,3	141	99	2.68521900237e-06	0.00047138259619	1.0,1.0,1.0,0.875,1.0,1.0,0.678	0.929,0.881,1.0,0.799,0.794,0.913,0.737	0.071
7140	ENSG00000145526	CDH18	chr5	-	19483300	19483552	19483300	19483446	19502991	19503109	7140	350,326,300,292,327,326,287	34,22,18,27,33,14,16	383,482,449,383,412,528,465	12,22,16,18,20,24,20	205	99	2.5023980781e-05	0.00282209839014	0.833,0.877,0.889,0.839,0.827,0.918,0.897	0.939,0.914,0.931,0.911,0.909,0.914,0.918	-0.051
7188	ENSG00000214078	CPNE1	chr20	-	35626566	35626803	35626566	35626800	35627279	35627413	7188	245,427,512,276,443,503,606	160,0,0,212,0,0,0	754,467,476,263,476,499,485	0,0,0,0,0,0,0	102	99	2.94271292667e-07	8.29666699083e-05	0.598,1.0,1.0,0.558,1.0,1.0,1.0	1.0,1.0,1.0,1.0,1.0,1.0,1.0	-0.121
7189	ENSG00000214078	CPNE1	chr20	-	35626566	35626826	35626566	35626800	35627279	35627413	7189	36,59,86,35,60,72,88	160,0,0,212,0,0,0	89,48,39,67,41,52,47	0,0,0,0,0,0,0	125	99	0.00011517580349	0.00882038770891	0.151,1.0,1.0,0.116,1.0,1.0,1.0	1.0,1.0,1.0,1.0,1.0,1.0,1.0	-0.248
7352	ENSG00000081014	AP4E1	chr15	+	50915424	50915571	50915447	50915571	50912077	50912149	7352	0,2,7,0,1,4,0	19,16,6,2,9,4,3	0,0,0,0,0,2,0	8,13,8,7,12,21,7	122	99	0.000281561084815	0.016372777082	0.0,0.092,0.486,0.0,0.083,0.448,0.0	0.0,0.0,0.0,0.0,0.0,0.072,0.0	0.148
7470	ENSG00000068650	ATP11A	chr13	+	112881812	112887168	112881875	112887168	112875775	112875941	7470	33,27,46,30,52,27,28	3,2,0,4,0,6,6	4,36,26,58,50,38,28	0,0,0,6,1,1,1	162	99	0.00124982804678	0.0467943667897	0.871,0.892,1.0,0.821,1.0,0.733,0.74	1.0,1.0,1.0,0.855,0.968,0.959,0.945	-0.096
7471	ENSG00000068650	ATP11A	chr13	+	112881815	112887168	112881875	112887168	112875775	112875941	7471	32,27,45,29,51,27,26	3,2,0,4,0,6,6	4,35,26,55,48,38,28	0,0,0,6,1,1,1	159	99	0.00124200686829	0.046619898205	0.869,0.894,1.0,0.819,1.0,0.737,0.73	1.0,1.0,1.0,0.851,0.968,0.959,0.946	-0.096
7502	ENSG00000105705	SUGP1	chr19	-	19303723	19304043	19303723	19303847	19305848	19306076	7502	165,134,178,141,212,192,197	217,167,151,169,215,191,197	160,113,153,176,112,165,145	284,233,250,269,201,208,273	295	99	7.68119667871e-09	3.80218732415e-06	0.203,0.212,0.283,0.219,0.249,0.252,0.251	0.159,0.14,0.17,0.18,0.158,0.21,0.151	0.072
7657	ENSG00000267080	ASB16-AS1	chr17	-	44175972	44176750	44175972	44176642	44181622	44181720	7657	46,24,68,32,41,35,29	0,1,1,0,0,0,5	51,50,41,63,56,33,50	0,1,0,0,9,6,6	207	99	0.000174894710622	0.0117914520843	1.0,0.92,0.97,1.0,1.0,1.0,0.735	1.0,0.96,1.0,1.0,0.748,0.725,0.799	0.056
7658	ENSG00000267080	ASB16-AS1	chr17	-	44175972	44176753	44175972	44176642	44181622	44181720	7658	47,22,72,35,41,37,29	0,1,1,0,0,0,5	51,51,44,63,56,35,50	0,1,0,0,9,6,6	210	99	0.000167448299923	0.0115402887591	1.0,0.912,0.971,1.0,1.0,1.0,0.732	1.0,0.96,1.0,1.0,0.746,0.733,0.797	0.054
7659	ENSG00000267080	ASB16-AS1	chr17	-	44175972	44177816	44175972	44176642	44181622	44181720	7659	239,173,466,209,227,121,192	0,1,1,0,0,0,5	225,251,211,359,276,249,293	0,1,0,0,9,6,6	1273	99	9.02910886378e-05	0.0074014827197	1.0,0.931,0.973,1.0,1.0,1.0,0.749	1.0,0.951,1.0,1.0,0.705,0.763,0.792	0.063
7742	ENSG00000205885	C1RL-AS1	chr12	+	7118266	7118944	7118898	7118944	7115129	7115219	7742	46,19,16,3,69,32,27	3,7,1,0,2,2,3	36,34,50,31,36,54,44	0,1,1,1,3,1,0	731	99	8.79324872165e-05	0.00727221209833	0.675,0.269,0.684,1.0,0.824,0.684,0.549	1.0,0.822,0.871,0.808,0.619,0.88,1.0	-0.188
7760	ENSG00000139174	PRICKLE1	chr12	-	42472384	42472564	42472384	42472561	42483757	42483985	7760	6,11,8,8,12,10,4	5,4,0,0,3,2,3	9,11,20,8,10,8,11	0,3,0,0,3,1,0	102	99	0.000114248513692	0.00882038770891	0.538,0.727,1.0,1.0,0.795,0.829,0.564	1.0,0.781,1.0,1.0,0.764,0.886,1.0	-0.14
7808	ENSG00000034239	CLXN	chr8	-	48729719	48729871	48729719	48729824	48730539	48730644	7808	3,25,38,15,22,75,14	0,1,6,0,1,1,0	21,18,46,31,9,10,45	5,5,5,3,1,0,5	146	99	0.000174049139012	0.0117771141045	1.0,0.944,0.811,1.0,0.937,0.981,1.0	0.74,0.709,0.862,0.875,0.859,1.0,0.859	0.11
7820	ENSG00000147255	IGSF1	chrX	-	131279142	131279190	131279142	131279175	131279270	131279341	7820	3,2,0,0,5,0,4	9,18,6,2,22,5,7	0,1,0,1,0,3,0	5,14,11,26,4,5,13	114	99	0.00117093964375	0.045393426856	0.224,0.088,0.0,0.0,0.165,0.0,0.332	0.0,0.058,0.0,0.032,0.0,0.343,0.0	0.054
7920	ENSG00000115525	ST3GAL5	chr2	-	85847860	85848381	85847860	85848204	85852859	85853000	7920	217,149,151,119,158,86,134	7,8,3,16,8,16,7	146,195,147,195,170,181,170	6,1,2,10,6,3,4	276	99	0.000101642747005	0.0081174602415	0.917,0.87,0.948,0.727,0.876,0.658,0.873	0.897,0.986,0.963,0.875,0.91,0.956,0.938	-0.094
7980	ENSG00000166340	TPP1	chr11	-	6617625	6618915	6617625	6617776	6619195	6619267	7980	649,669,673,411,724,834,1177	2,2,3,0,3,2,0	612,790,677,1080,840,716,652	10,2,2,2,6,6,13	1238	99	4.11066310602e-06	0.000665141035451	0.963,0.964,0.947,1.0,0.951,0.971,1.0	0.83,0.969,0.964,0.977,0.918,0.905,0.8	0.062
8061	ENSG00000249306	LINC01411	chr5	+	174526227	174526448	174526319	174526448	174524061	174524161	8061	45,61,70,19,166,29,40	2,2,4,0,5,0,4	50,30,37,84,63,55,8	3,0,4,18,4,10,3	191	99	0.000277284533453	0.0161746413746	0.921,0.941,0.901,1.0,0.945,1.0,0.838	0.896,1.0,0.827,0.708,0.891,0.74,0.58	0.129
8217	ENSG00000138698	RAP1GDS1	chr4	+	98421254	98421394	98421257	98421394	98418656	98418791	8217	8,11,6,8,7,4,16	0,0,0,0,1,0,0	22,9,11,12,17,18,13	2,1,0,5,2,3,1	102	99	0.000108026023021	0.00848163812816	1.0,1.0,1.0,1.0,0.872,1.0,1.0	0.914,0.897,1.0,0.7,0.892,0.853,0.927	0.098
8233	ENSG00000241316	SUCLG2-DT	chr3	+	67670828	67671004	67670881	67671004	67669815	67669909	8233	0,2,5,0,6,2,2	3,4,2,4,2,1,2	0,0,0,1,0,3,1	6,2,6,3,1,3,2	152	99	6.54419574009e-06	0.000993900358972	0.0,0.246,0.62,0.0,0.661,0.566,0.394	0.0,0.0,0.0,0.178,0.0,0.394,0.246	0.238
8499	ENSG00000068903	SIRT2	chr19	-	38893818	38893971	38893818	38893867	38898378	38898425	8499	173,157,224,186,173,192,217	185,203,125,157,162,128,216	190,242,186,275,230,154,166	324,274,244,246,242,278,243	203	99	0.000327656885909	0.017985366764	0.313,0.274,0.466,0.366,0.342,0.422,0.329	0.222,0.301,0.271,0.353,0.317,0.213,0.25	0.084
8500	ENSG00000068903	SIRT2	chr19	-	38893818	38893998	38893818	38893867	38898378	38898425	8500	227,188,282,217,221,249,267	185,203,125,157,162,128,216	238,269,216,325,291,189,206	324,274,244,246,242,278,243	230	99	0.000105698681274	0.00836953643041	0.346,0.285,0.493,0.373,0.37,0.456,0.347	0.24,0.297,0.276,0.363,0.341,0.226,0.267	0.094
8509	ENSG00000237491	LINC01409	chr1	+	809621	810062	809657	810062	807216	807323	8509	10,6,11,10,4,8,13	7,2,1,6,6,0,3	7,6,5,5,4,4,4	0,0,1,1,0,0,0	135	99	7.21195991815e-10	5.65906784396e-07	0.512,0.688,0.89,0.55,0.328,1.0,0.761	1.0,1.0,0.786,0.786,1.0,1.0,1.0	-0.263
8653	ENSG00000245281	ASAH1-AS1	chr8	+	18087024	18088211	18087999	18088211	18086882	18086936	8653	22,14,14,11,15,9,22	0,0,0,0,0,2,1	19,10,13,27,5,24,18	4,1,4,0,0,0,1	1074	99	0.000238321727053	0.0145877983454	1.0,1.0,1.0,1.0,1.0,0.293,0.67	0.305,0.48,0.231,1.0,1.0,1.0,0.624	0.189
8843	ENSG00000110075	PPP6R3	chr11	+	68587797	68588024	68587926	68588024	68575957	68576043	8843	20,18,20,4,20,28,24	80,76,51,43,102,58,59	8,7,8,14,11,7,11	42,121,58,50,68,66,97	228	99	3.80139006995e-06	0.000625984658598	0.098,0.093,0.146,0.039,0.078,0.173,0.15	0.076,0.025,0.057,0.108,0.066,0.044,0.047	0.051
8844	ENSG00000110075	PPP6R3	chr11	+	68587797	68588024	68587944	68588024	68575957	68576043	8844	34,36,27,12,41,36,37	5,2,0,1,0,1,3	17,30,25,33,23,17,26	0,6,1,4,3,10,6	246	99	0.000921614060171	0.0376909767729	0.732,0.879,1.0,0.828,1.0,0.935,0.832	1.0,0.668,0.91,0.769,0.755,0.406,0.636	0.152
8845	ENSG00000110075	PPP6R3	chr11	+	68587797	68588024	68587977	68588024	68575957	68576043	8845	97,112,73,41,99,75,84	4,5,4,3,3,7,6	44,83,89,91,70,75,81	1,4,1,1,2,0,2	279	99	0.00021022163443	0.0131677904674	0.896,0.888,0.866,0.829,0.921,0.792,0.832	0.94,0.88,0.969,0.97,0.925,1.0,0.935	-0.085
8848	ENSG00000110075	PPP6R3	chr11	+	68587944	68588024	68587977	68588024	68575957	68576043	8848	68,78,46,30,58,40,50	4,5,4,3,3,7,6	27,59,65,62,50,68,61	1,4,1,1,2,0,2	132	99	5.21680667532e-05	0.00485371693072	0.927,0.921,0.896,0.882,0.935,0.811,0.862	0.953,0.917,0.98,0.979,0.949,1.0,0.958	-0.072
8849	ENSG00000110075	PPP6R3	chr11	+	68587797	68588024	68587926	68588024	68583042	68583129	8849	21,18,24,4,21,34,28	64,69,63,27,94,42,65	14,8,9,18,13,10,13	56,83,58,73,59,76,45	228	99	0.000172361869591	0.0117055097422	0.125,0.102,0.142,0.06,0.088,0.26,0.158	0.098,0.04,0.063,0.097,0.087,0.054,0.111	0.055
8942	ENSG00000265148	TSPOAP1-AS1	chr17	+	58351734	58351914	58351743	58351914	58337447	58337679	8942	115,56,48,18,77,59,52	0,0,0,28,0,0,0	29,28,63,63,61,33,34	33,30,0,0,0,28,38	108	99	2.45058231629e-06	0.000434289864205	1.0,1.0,1.0,0.371,1.0,1.0,1.0	0.446,0.461,1.0,1.0,1.0,0.519,0.451	0.213
9035	ENSG00000126091	ST3GAL3	chr1	+	43921442	43921638	43921511	43921638	43920781	43920928	9035	28,63,41,65,59,82,60	4,0,0,2,1,0,4	72,46,51,38,44,70,57	5,2,2,5,4,8,3	168	99	0.000271332769302	0.0159777220607	0.805,1.0,1.0,0.95,0.972,1.0,0.898	0.895,0.931,0.938,0.817,0.866,0.838,0.918	0.06
9055	ENSG00000186594	MIR22HG	chr17	-	1711503	1712646	1711503	1712399	1713702	1714014	9055	337,255,183,213,279,163,190	13,15,7,18,13,24,14	257,363,354,273,255,321,359	10,14,12,4,9,12,11	346	99	0.000140955084522	0.0101269969606	0.881,0.829,0.882,0.772,0.86,0.66,0.795	0.88,0.881,0.894,0.951,0.89,0.884,0.903	-0.086
9056	ENSG00000186594	MIR22HG	chr17	-	1711503	1713055	1711503	1712399	1713702	1714014	9056	759,662,475,498,716,438,583	13,15,7,18,13,24,14	629,1005,879,720,687,826,912	10,14,12,4,9,12,11	755	99	5.76197392077e-05	0.00523018588867	0.884,0.853,0.899,0.784,0.878,0.705,0.845	0.892,0.904,0.906,0.959,0.909,0.9,0.916	-0.077
9062	ENSG00000186594	MIR22HG	chr17	-	1711506	1712895	1711506	1712399	1713702	1714014	9062	617,528,364,407,560,333,450	13,15,7,18,13,24,14	525,799,692,554,544,672,709	10,14,12,4,9,12,11	595	99	5.21631649678e-05	0.00485371693072	0.888,0.854,0.896,0.79,0.878,0.698,0.842	0.897,0.905,0.906,0.958,0.91,0.903,0.915	-0.078
9063	ENSG00000186594	MIR22HG	chr17	-	1711506	1712925	1711506	1712399	1713702	1714014	9063	648,548,395,422,601,358,484	13,15,7,18,13,24,14	546,842,720,585,571,694,735	10,14,12,4,9,12,11	625	99	7.32340651366e-05	0.00630897909288	0.888,0.853,0.899,0.788,0.88,0.703,0.846	0.896,0.905,0.905,0.959,0.909,0.902,0.914	-0.076
9186	ENSG00000134627	PIWIL4	chr11	+	94608184	94608686	94608582	94608686	94607438	94607639	9186	4,7,4,2,0,1,4	6,10,16,7,12,1,17	0,0,0,2,3,0,0	12,4,11,3,10,8,8	497	99	0.000319709398284	0.0177058109621	0.117,0.122,0.047,0.054,0.0,0.166,0.045	0.0,0.0,0.0,0.117,0.056,0.0,0.0	0.054
9344	ENSG00000100650	SRSF5	chr14	+	69769510	69770540	69770466	69770540	69769181	69769251	9344	11060,8857,16668,9501,13948,10528,14708	940,514,994,326,1100,377,541	10221,13905,11715,12964,13170,13445,10058	1125,891,985,1636,1099,1247,1194	1055	99	4.75941639211e-07	0.00011968002733	0.525,0.618,0.611,0.732,0.543,0.724,0.718	0.46,0.594,0.527,0.426,0.529,0.503,0.441	0.142
9359	ENSG00000115155	OTOF	chr2	-	26472518	26472649	26472518	26472589	26473131	26473294	9359	1,1,5,1,3,3,7	3,0,0,0,2,0,0	7,2,7,9,3,4,6	7,0,3,2,2,0,0	159	99	0.000687857648505	0.0309555616331	0.172,1.0,1.0,1.0,0.483,1.0,1.0	0.384,1.0,0.592,0.737,0.483,1.0,1.0	0.066
9401	ENSG00000260807	CEROX1	chr16	-	975760	976559	975760	976400	976777	977093	9401	1044,814,1782,1338,1140,1338,1538	183,133,359,32,206,101,268	1967,1417,1631,2390,1567,1373,1499	70,67,18,96,171,70,177	258	99	9.18014886331e-09	4.38010794996e-06	0.686,0.701,0.656,0.941,0.68,0.836,0.688	0.915,0.89,0.972,0.905,0.779,0.883,0.765	-0.132
9964	ENSG00000165309	ARMC3	chr10	+	23008814	23008931	23008835	23008931	23008275	23008374	9964	2,4,6,3,9,6,4	0,0,0,0,0,1,4	12,5,7,11,2,1,5	5,4,3,2,1,2,1	120	99	4.15170813728e-06	0.00066599125016	1.0,1.0,1.0,1.0,1.0,0.832,0.452	0.664,0.508,0.658,0.819,0.623,0.292,0.805	0.274
10001	ENSG00000146243	IRAK1BP1	chr6	+	78898063	78903102	78902618	78903102	78897828	78897959	10001	508,418,468,256,426,231,363	0,1,0,0,0,0,0	302,426,411,334,368,454,389	11,0,0,0,0,0,4	4654	99	0.000389156132264	0.020115048081	1.0,0.899,1.0,1.0,1.0,1.0,1.0	0.369,1.0,1.0,1.0,1.0,1.0,0.674	0.122
10033	ENSG00000247774	PCED1B-AS1	chr12	-	47205897	47206585	47205897	47206145	47209280	47209458	10033	23,48,48,16,35,34,40	0,0,1,3,6,7,3	64,38,33,46,41,46,27	2,0,4,0,0,2,0	539	99	0.00130452122282	0.0476906304798	1.0,1.0,0.898,0.495,0.517,0.471,0.71	0.855,1.0,0.602,1.0,1.0,0.809,1.0	-0.168
10034	ENSG00000247774	PCED1B-AS1	chr12	-	47205897	47206588	47205897	47206145	47209280	47209458	10034	34,45,52,16,50,36,51	0,0,1,3,6,7,3	59,38,50,56,40,57,36	2,0,4,0,0,2,0	542	99	0.000971760001218	0.0393954468468	1.0,1.0,0.905,0.493,0.604,0.484,0.756	0.843,1.0,0.695,1.0,1.0,0.839,1.0	-0.162
10065	ENSG00000126768	TIMM17B	chrX	-	48895351	48895972	48895351	48895501	48896758	48896858	10065	46,35,65,37,85,39,71	26,18,37,18,28,26,19	43,29,49,66,22,35,32	28,32,32,73,43,16,33	570	99	2.49726590175e-05	0.00282209839014	0.235,0.252,0.234,0.263,0.345,0.207,0.394	0.211,0.136,0.21,0.136,0.082,0.275,0.144	0.105
10265	ENSG00000071994	PDCD2	chr6	-	170583504	170583747	170583504	170583623	170584298	170584692	10265	316,354,281,295,372,327,322	32,26,39,30,38,35,7	424,378,461,393,427,409,466	9,31,2,28,24,28,48	223	99	0.000761866026142	0.0331233715291	0.814,0.858,0.762,0.814,0.813,0.806,0.953	0.954,0.844,0.99,0.862,0.888,0.866,0.812	-0.057
10567	ENSG00000310526	WASH7P	chr1	-	15795	16310	15795	15947	16606	16765	10567	65,81,158,65,124,141,132	7,2,1,2,1,2,1	350,95,89,266,130,105,317	46,6,3,51,27,2,21	462	99	2.4223289774e-07	7.04292150179e-05	0.666,0.897,0.971,0.874,0.964,0.938,0.966	0.62,0.772,0.864,0.528,0.508,0.918,0.764	0.186
10602	ENSG00000310526	WASH7P	chr1	-	24737	24891	24737	24852	29320	29356	10602	22,16,25,10,27,19,13	0,3,1,0,3,0,0	33,27,10,32,14,22,26	3,1,0,4,4,0,5	138	99	0.000231483309341	0.014310436612	1.0,0.793,0.947,1.0,0.866,1.0,1.0	0.888,0.951,1.0,0.852,0.715,1.0,0.789	0.059
10758	ENSG00000165948	IFI27L1	chr14	+	94096855	94096965	94096886	94096965	94094749	94094899	10758	21,7,18,24,17,36,23	3,1,3,0,0,1,0	22,23,25,31,22,19,26	4,1,2,4,4,2,6	130	99	0.000472406331535	0.0232553889344	0.842,0.842,0.82,1.0,1.0,0.965,1.0	0.807,0.946,0.905,0.855,0.807,0.879,0.767	0.072
10900	ENSG00000277855	NA	chr3	+	71627939	71628681	71628400	71628681	71627637	71627784	10900	36,38,46,42,26,32,48	0,0,0,1,0,0,0	86,53,54,31,58,41,61	1,0,6,1,4,3,1	560	99	4.84222367758e-08	1.76674702338e-05	1.0,1.0,1.0,0.881,1.0,1.0,1.0	0.938,1.0,0.614,0.846,0.719,0.707,0.915	0.163
10980	ENSG00000228203	GRASLND	chr2	-	6913808	6914350	6913808	6914255	6915822	6915967	10980	213,218,108,145,167,144,181	18,17,2,22,18,15,0	401,336,309,238,283,403,360	32,2,6,4,3,4,20	194	99	1.36887561997e-06	0.000273892876736	0.858,0.867,0.965,0.771,0.826,0.83,1.0	0.865,0.988,0.963,0.968,0.98,0.981,0.902	-0.076
10981	ENSG00000228203	GRASLND	chr2	-	6914192	6914343	6914192	6914255	6915822	6915967	10981	111,127,65,85,101,90,103	18,17,2,22,18,15,0	240,166,167,122,147,247,216	32,2,6,4,3,4,20	187	99	6.52286578344e-05	0.00567184516347	0.766,0.798,0.945,0.672,0.748,0.761,1.0	0.799,0.978,0.936,0.942,0.963,0.97,0.851	-0.107
10986	ENSG00000228203	GRASLND	chr2	-	6915822	6915983	6915822	6915967	6916849	6917224	10986	3,0,0,3,1,1,3	26,28,7,18,15,18,15	10,4,5,3,7,10,5	24,31,25,14,18,32,29	115	99	2.31665057497e-05	0.00265421568061	0.09,0.0,0.0,0.125,0.054,0.046,0.147	0.264,0.1,0.147,0.156,0.251,0.212,0.129	-0.114
11009	ENSG00000131095	GFAP	chr17	-	44904441	44905499	44904441	44905149	44908063	44908149	11009	87,67,160,133,137,215,187	1,8,2,9,8,38,37	223,135,138,156,91,111,137	7,1,1,11,1,3,0	449	99	2.32500621206e-05	0.00265421568061	0.95,0.649,0.946,0.765,0.791,0.555,0.527	0.875,0.967,0.968,0.758,0.953,0.891,1.0	-0.176
11015	ENSG00000151694	ADAM17	chr2	-	9521202	9522438	9521202	9521321	9523248	9523338	11015	311,179,342,75,437,114,226	6,2,2,11,1,0,2	174,192,209,200,324,431,197	1,2,1,3,0,0,2	1216	99	0.00112606096912	0.0442996670473	0.808,0.879,0.933,0.357,0.973,1.0,0.902	0.934,0.887,0.944,0.844,1.0,1.0,0.889	-0.092
11537	ENSG00000074706	IPCEF1	chr6	-	154247448	154247488	154247448	154247485	154265911	154265964	11537	1,4,2,1,9,7,1	0,4,0,0,1,0,1	8,9,7,8,7,4,20	0,5,7,3,3,1,3	102	99	0.000336485762148	0.0182015321571	1.0,0.493,1.0,1.0,0.897,1.0,0.493	1.0,0.636,0.493,0.721,0.694,0.795,0.866	0.097
11736	ENSG00000231527	FAM27C	chr9	+	62072996	62073110	62072999	62073110	62028426	62028527	11736	6,9,6,14,18,5,1	1,2,0,0,2,0,2	10,10,8,12,5,12,13	2,0,10,4,3,2,2	102	99	0.000628802632201	0.0291114912546	0.853,0.814,1.0,1.0,0.897,1.0,0.327	0.829,1.0,0.437,0.744,0.618,0.853,0.863	0.078
11811	ENSG00000101109	STK4	chr20	+	44973300	44973433	44973326	44973433	44972077	44972158	11811	1,5,3,9,6,4,6	0,3,0,0,0,0,1	9,9,7,4,7,4,9	4,2,0,3,0,0,3	125	99	0.000750952214279	0.0328793383607	1.0,0.569,1.0,1.0,1.0,1.0,0.826	0.641,0.781,1.0,0.514,1.0,1.0,0.704	0.108
11830	ENSG00000167380	ZNF226	chr19	+	44165587	44165807	44165756	44165807	44165163	44165246	11830	40,53,39,61,61,57,33	0,0,4,3,1,1,3	79,65,71,66,60,62,59	6,7,4,2,9,9,0	268	99	0.00130219140497	0.0476906304798	1.0,1.0,0.783,0.883,0.958,0.955,0.803	0.829,0.774,0.868,0.924,0.711,0.718,1.0	0.08
11891	ENSG00000138031	ADCY3	chr2	-	24826044	24826129	24826044	24826126	24827901	24828161	11891	11,8,12,6,14,12,9	1,2,0,0,0,3,0	9,20,6,10,6,16,6	2,1,3,2,1,3,2	102	99	0.00113950121642	0.044733836783	0.914,0.795,1.0,1.0,1.0,0.795,1.0	0.814,0.951,0.66,0.829,0.853,0.838,0.744	0.116
12054	ENSG00000113387	SUB1	chr5	+	32586428	32586501	32586491	32586501	32585587	32585625	12054	3,3,11,2,10,9,8	0,2,2,0,0,1,0	9,6,6,11,11,9,13	4,1,0,0,3,5,2	162	99	1.72794531058e-05	0.00214357375595	1.0,0.478,0.771,1.0,1.0,0.846,1.0	0.579,0.786,1.0,1.0,0.691,0.524,0.799	0.102
12160	ENSG00000100342	APOL1	chr22	+	36254897	36254999	36254936	36254999	36253132	36253219	12160	3,0,2,4,4,12,7	25,17,13,9,37,56,53	1,2,3,0,1,4,0	36,22,20,35,15,36,16	138	99	0.000700578989451	0.031113064047	0.079,0.0,0.099,0.242,0.072,0.133,0.087	0.02,0.061,0.097,0.0,0.046,0.074,0.0	0.059
12351	ENSG00000215788	TNFRSF25	chr1	-	6462628	6462666	6462628	6462663	6463071	6463127	12351	10,5,10,3,14,16,13	0,1,0,1,3,2,0	9,5,7,4,2,7,9	2,3,5,2,4,1,2	102	99	6.52486316621e-06	0.000993900358972	1.0,0.829,1.0,0.744,0.819,0.886,1.0	0.814,0.618,0.576,0.66,0.327,0.872,0.814	0.228
12504	ENSG00000267575	LINC02987	chr19	+	27918607	27918863	27918687	27918863	27900999	27901204	12504	13,3,6,5,13,3,3	1,1,1,0,2,0,1	6,11,17,7,3,9,11	0,4,5,3,5,2,0	179	99	0.000170414492946	0.0116211707331	0.878,0.624,0.768,1.0,0.782,1.0,0.624	1.0,0.603,0.653,0.563,0.249,0.713,1.0	0.128
12505	ENSG00000267575	LINC02987	chr19	+	27918682	27918863	27918687	27918863	27900999	27901204	12505	16,10,3,16,6,2,6	1,1,1,0,2,0,1	1,21,11,9,7,9,16	0,4,5,3,5,2,0	104	99	3.76838722892e-05	0.003818721714	0.938,0.905,0.741,1.0,0.741,1.0,0.851	1.0,0.833,0.677,0.741,0.571,0.811,1.0	0.078
12611	ENSG00000160271	RALGDS	chr9	-	133109625	133109721	133109625	133109685	133110295	133110489	12611	302,419,384,389,407,515,563	256,267,413,184,333,191,328	201,355,326,518,457,283,279	201,303,283,515,446,331,317	135	99	0.0002090582109	0.0131677904674	0.464,0.535,0.405,0.608,0.473,0.664,0.557	0.423,0.462,0.458,0.424,0.429,0.385,0.392	0.105
12888	ENSG00000232044	SILC1	chr2	+	5982297	5982857	5982772	5982857	5968585	5969238	12888	38,25,58,28,41,25,39	0,5,0,2,4,4,3	10,64,93,112,65,68,32	0,0,1,6,2,0,1	574	99	0.00120326711393	0.0457881277219	1.0,0.463,1.0,0.707,0.639,0.519,0.692	1.0,1.0,0.941,0.763,0.849,1.0,0.847	-0.197
12958	ENSG00000250167	NA	chr5	+	135629236	135629376	135629239	135629376	135579184	135579597	12958	6,3,5,3,5,7,10	1,1,2,1,1,2,7	4,1,5,4,3,7,6	1,1,0,1,0,0,0	102	99	1.53424377125e-06	0.000294321732942	0.853,0.744,0.708,0.744,0.829,0.773,0.581	0.795,0.493,1.0,0.795,1.0,1.0,1.0	-0.122
13083	ENSG00000101104	PABPC1L	chr20	+	44938044	44938191	44938060	44938191	44936636	44936730	13083	1,2,1,10,1,0,4	15,34,72,22,42,50,48	4,0,0,0,0,1,0	50,49,41,47,41,30,39	115	99	0.000908878220407	0.0373342294157	0.054,0.048,0.012,0.281,0.02,0.0,0.067	0.064,0.0,0.0,0.0,0.0,0.028,0.0	0.056
13658	ENSG00000109046	WSB1	chr17	+	27307743	27309272	27309099	27309272	27306781	27306882	13658	6502,4230,8481,3597,6581,1677,4988	18,31,18,15,30,65,32	2768,7071,5431,6867,7021,6635,4258	12,16,26,10,19,31,21	1455	99	0.000604110131656	0.0284589400756	0.961,0.903,0.97,0.942,0.937,0.637,0.914	0.94,0.968,0.934,0.979,0.962,0.936,0.932	-0.055
13666	ENSG00000251600	GUSBP5	chr4	+	143979793	143979952	143979849	143979952	143978919	143978982	13666	7,2,8,1,8,6,5	3,0,0,0,1,4,3	7,13,5,14,7,15,7	2,0,1,2,0,0,0	155	99	0.00118738717423	0.0455099814067	0.598,1.0,1.0,1.0,0.836,0.489,0.516	0.691,1.0,0.762,0.817,1.0,1.0,1.0	-0.119
13733	ENSG00000245750	DRAIC	chr15	+	69569971	69571436	69570739	69571436	69565193	69565527	13733	2,6,9,4,12,8,7	14,9,17,10,14,22,14	18,18,14,15,6,11,28	41,8,18,13,11,10,15	867	99	0.000765625581841	0.033132001923	0.016,0.071,0.057,0.044,0.089,0.04,0.054	0.048,0.204,0.082,0.116,0.059,0.112,0.176	-0.061
13833	ENSG00000205531	NAP1L4	chr11	-	2989128	2989271	2989128	2989197	2992228	2992258	13833	10,20,9,13,13,15,22	1,0,0,0,2,1,1	14,25,23,20,14,7,14	0,0,0,2,7,1,7	173	99	1.19048086343e-05	0.00160685969848	0.851,1.0,1.0,1.0,0.788,0.896,0.926	1.0,1.0,1.0,0.851,0.534,0.8,0.534	0.106
13834	ENSG00000205531	NAP1L4	chr11	-	2989128	2989271	2989128	2989197	2992253	2992377	13834	10,21,10,19,11,18,26	0,11,2,5,10,15,3	16,29,25,20,14,7,18	0,2,4,0,7,0,0	173	99	0.000488013849752	0.0238604414931	1.0,0.522,0.741,0.685,0.386,0.407,0.832	1.0,0.892,0.781,1.0,0.534,1.0,1.0	-0.233
13863	ENSG00000148180	GSN	chr9	+	121301923	121302167	121301962	121302167	121300055	121300126	13863	50,57,136,82,51,60,96	248,152,447,298,263,75,262	70,72,63,110,116,48,32	152,459,399,931,680,146,182	138	99	0.000236083598759	0.0145465020057	0.126,0.212,0.179,0.165,0.122,0.365,0.208	0.248,0.101,0.102,0.078,0.109,0.191,0.112	0.062
13960	ENSG00000288041	NA	chr8	-	58159772	58159890	58159772	58159820	58239306	58239440	13960	3,3,7,2,5,4,5	0,0,0,0,0,0,0	1,2,6,11,6,5,5	1,2,0,5,1,2,0	169	99	0.000286308647572	0.0165252619762	1.0,1.0,1.0,1.0,1.0,1.0,1.0	0.369,0.369,1.0,0.563,0.779,0.594,1.0	0.332
13983	ENSG00000246174	KCTD21-AS1	chr11	+	78141505	78141702	78141594	78141702	78139755	78140072	13983	44,14,52,39,29,40,39	1,0,6,1,2,3,0	74,34,68,51,30,33,40	5,7,16,3,2,5,4	188	99	0.000301567708582	0.0170574468807	0.959,1.0,0.82,0.954,0.884,0.875,1.0	0.886,0.719,0.691,0.9,0.888,0.777,0.84	0.113
13994	ENSG00000151322	NPAS3	chr14	+	33367185	33367268	33367191	33367268	33215536	33215587	13994	8,2,3,4,6,1,3	3,1,6,0,6,1,1	2,2,2,5,3,4,10	0,0,1,0,2,2,2	105	99	0.00109673922271	0.0436071014021	0.715,0.653,0.32,1.0,0.485,0.485,0.739	1.0,1.0,0.653,1.0,0.586,0.653,0.825	-0.189
14222	ENSG00000143702	CEP170	chr1	-	243156220	243156455	243156220	243156347	243164283	243166116	14222	456,436,273,178,455,296,376	150,79,63,35,181,61,57	179,406,365,453,448,499,416	56,136,161,130,153,151,192	207	99	0.000456920179529	0.0226729885351	0.592,0.725,0.675,0.709,0.546,0.699,0.759	0.605,0.588,0.52,0.625,0.583,0.612,0.509	0.095
14311	ENSG00000144026	ZNF514	chr2	-	95136660	95136773	95136660	95136767	95148884	95150267	14311	0,0,0,0,2,1,0	2,1,10,2,3,12,8	2,2,0,1,5,0,4	15,2,2,1,3,6,6	105	99	2.19465057616e-05	0.00253652533672	0.0,0.0,0.0,0.0,0.386,0.073,0.0	0.112,0.485,0.0,0.485,0.611,0.0,0.386	-0.231
14488	ENSG00000215883	CYB5RL	chr1	-	54187651	54187882	54187651	54187739	54190737	54190896	14488	9,1,4,3,4,4,4	3,2,2,0,4,0,1	4,24,1,10,4,8,1	0,1,0,0,0,0,8	242	99	0.000353034848129	0.0188772196954	0.551,0.17,0.45,1.0,0.29,1.0,0.621	1.0,0.908,1.0,1.0,1.0,1.0,0.049	-0.268
14631	ENSG00000214870	LINC02981	chr7	+	26495018	26495199	26495026	26495199	26493794	26494263	14631	30,16,22,10,48,8,15	0,0,1,0,5,0,2	23,22,23,27,8,29,21	5,2,3,3,2,7,0	107	99	0.00014867045802	0.0105590071864	1.0,1.0,0.953,1.0,0.899,1.0,0.874	0.81,0.911,0.876,0.893,0.787,0.793,1.0	0.094
14669	ENSG00000244625	MIATNB	chr22	+	26721422	26722172	26721649	26722172	26718139	26718231	14669	17,5,30,32,17,11,12	0,0,2,0,1,0,1	14,18,12,19,13,17,10	4,2,1,2,0,4,1	326	99	2.13654725023e-08	9.46592172197e-06	1.0,1.0,0.82,1.0,0.838,1.0,0.785	0.515,0.732,0.785,0.743,1.0,0.563,0.752	0.193
14861	ENSG00000291091	NA	chr3	-	197600271	197600703	197600271	197600373	197613224	197613318	14861	111,67,47,44,100,85,85	0,4,0,0,4,9,6	91,71,79,76,72,107,121	0,3,0,0,1,6,0	429	99	0.00121242940504	0.045965703496	1.0,0.794,1.0,1.0,0.852,0.685,0.766	1.0,0.845,1.0,1.0,0.943,0.805,1.0	-0.071
14968	ENSG00000135047	CTSL	chr9	+	87727957	87728149	87728026	87728149	87726118	87726253	14968	22,26,31,17,43,24,23	4,0,4,0,0,2,1	16,18,19,22,15,29,22	5,9,5,1,0,9,2	168	99	0.000151522915171	0.0106918268058	0.764,1.0,0.82,1.0,1.0,0.876,0.931	0.653,0.541,0.691,0.928,1.0,0.655,0.866	0.151
15301	ENSG00000130713	EXOSC2	chr9	+	130700866	130702310	130702142	130702310	130699328	130699394	15301	570,543,585,423,559,608,703	7,11,10,7,14,11,12	656,600,561,563,457,497,501	21,30,14,15,15,12,15	1375	99	0.000401608159127	0.0205871201792	0.854,0.78,0.808,0.813,0.742,0.799,0.808	0.692,0.59,0.743,0.73,0.687,0.749,0.706	0.101
15303	ENSG00000130713	EXOSC2	chr9	+	130701097	130702310	130702142	130702310	130699328	130699394	15303	348,314,370,267,351,385,457	7,11,10,7,14,11,12	372,330,293,325,212,268,261	21,30,14,15,15,12,15	1144	99	1.82792180039e-05	0.00222313521972	0.811,0.712,0.762,0.767,0.685,0.752,0.767	0.605,0.488,0.644,0.652,0.55,0.659,0.601	0.151
15304	ENSG00000130713	EXOSC2	chr9	+	130701558	130702310	130702142	130702310	130699328	130699394	15304	199,210,234,171,231,257,273	7,11,10,7,14,11,12	252,203,195,221,132,178,169	21,30,14,15,15,12,15	683	99	5.9985149742e-05	0.00536636378077	0.805,0.735,0.772,0.78,0.705,0.772,0.767	0.635,0.495,0.669,0.681,0.561,0.683,0.62	0.142
15409	ENSG00000163913	IFT122	chr3	+	129494230	129495607	129495508	129495607	129492140	129492194	15409	259,232,281,143,296,243,337	1,6,3,0,3,0,1	366,253,262,284,290,334,285	7,3,10,7,3,4,6	1377	99	0.000697495727996	0.0310962137433	0.949,0.735,0.871,1.0,0.876,1.0,0.96	0.79,0.858,0.653,0.745,0.874,0.857,0.774	0.12
15548	ENSG00000264343	NOTCH2NLA	chr1	-	146189299	146189381	146189299	146189373	146228708	146229041	15548	22,19,35,20,22,18,26	0,0,15,1,0,0,0	35,10,3,24,3,4,40	0,0,8,8,5,8,12	107	99	0.000332106798886	0.0181423654437	1.0,1.0,0.683,0.949,1.0,1.0,1.0	1.0,1.0,0.258,0.735,0.357,0.316,0.755	0.316
15598	ENSG00000290683	NA	chr1	-	247198155	247199211	247198155	247198699	247199359	247199455	15598	13,28,109,26,75,42,23	0,0,5,1,0,0,0	44,33,23,149,35,26,15	5,2,2,8,0,3,1	611	99	1.96260558982e-06	0.000358040831523	1.0,1.0,0.779,0.808,1.0,1.0,1.0	0.588,0.728,0.651,0.751,1.0,0.584,0.708	0.225
15607	ENSG00000131089	ARHGEF9	chrX	-	63655493	63658064	63655493	63655737	63674037	63674167	15607	250,339,136,145,265,386,482	88,86,63,40,111,53,52	223,262,168,144,200,321,209	47,115,97,104,99,107,105	2426	99	1.75612279918e-06	0.000326779330471	0.104,0.139,0.081,0.129,0.089,0.229,0.274	0.162,0.085,0.066,0.053,0.076,0.109,0.075	0.06
15632	ENSG00000104728	ARHGEF10	chr8	+	1898432	1898525	1898435	1898525	1896332	1896449	15632	45,53,71,30,59,37,95	2,2,2,0,2,2,7	11,44,59,101,47,38,55	4,6,5,5,5,4,7	102	99	0.0011513813547	0.0449159418202	0.956,0.963,0.972,1.0,0.966,0.947,0.929	0.727,0.877,0.92,0.951,0.901,0.902,0.884	0.082
16047	ENSG00000167930	FAM234A	chr16	+	259968	260160	259995	260160	259482	259599	16047	163,141,182,126,173,140,221	17,16,22,5,21,6,16	231,223,173,302,202,148,134	18,25,31,57,44,22,16	126	99	0.000157531428756	0.0110616785898	0.883,0.874,0.867,0.952,0.866,0.948,0.916	0.91,0.875,0.814,0.806,0.783,0.841,0.868	0.058
16176	ENSG00000293271	SLC44A3-AS1	chr1	-	94622718	94624609	94622718	94622900	94679424	94679607	16176	65,82,65,110,93,68,112	0,0,2,2,0,0,0	95,101,78,202,106,96,117	5,2,0,2,0,0,4	1808	99	1.75327760307e-05	0.00216059534026	1.0,1.0,0.64,0.751,1.0,1.0,1.0	0.51,0.734,1.0,0.847,1.0,1.0,0.616	0.098
16427	ENSG00000129255	MPDU1	chr17	+	7586655	7586777	7586691	7586777	7585731	7585797	16427	13,13,13,14,14,14,13	2,2,4,0,1,6,1	29,23,16,26,21,15,17	1,0,1,5,1,1,0	135	99	0.0010935394979	0.0436071014021	0.827,0.827,0.704,1.0,0.911,0.631,0.905	0.955,1.0,0.921,0.792,0.939,0.917,1.0	-0.103
16482	ENSG00000177479	ARIH2	chr3	+	48944981	48945181	48945135	48945181	48922747	48922811	16482	11,2,4,3,3,3,6	2,1,0,0,0,0,2	2,9,14,7,3,6,5	1,2,3,1,1,4,0	253	99	0.000262971509069	0.0155839931234	0.683,0.439,1.0,1.0,1.0,1.0,0.54	0.439,0.638,0.646,0.733,0.54,0.37,1.0	0.185
16490	ENSG00000293541	NA	chr6	+	109341298	109341433	109341301	109341433	109340901	109341054	16490	6,4,2,2,11,4,4	0,1,1,0,1,2,0	7,5,4,0,6,7,7	8,1,3,3,0,1,8	102	99	3.86501208671e-06	0.000630878464118	1.0,0.795,0.66,1.0,0.914,0.66,1.0	0.459,0.829,0.564,0.0,1.0,0.872,0.459	0.264
16573	ENSG00000188313	PLSCR1	chr3	-	146521543	146522053	146521543	146521705	146525604	146525647	16573	144,141,139,146,148,245,224	3,0,5,0,1,0,4	703,82,98,175,80,172,93	16,5,2,7,4,3,3	447	99	0.000115184555743	0.00882038770891	0.914,1.0,0.86,1.0,0.97,1.0,0.925	0.907,0.784,0.916,0.847,0.816,0.927,0.873	0.086
16782	ENSG00000112531	QKI	chr6	+	163563419	163563719	163563443	163563719	163561981	163562069	16782	447,390,637,349,463,297,532	210,182,211,154,178,49,128	141,338,318,793,574,367,331	63,211,179,358,358,150,173	123	99	0.000119078060095	0.00899333055525	0.631,0.633,0.708,0.646,0.677,0.83,0.77	0.643,0.563,0.588,0.641,0.563,0.663,0.606	0.09
17062	ENSG00000181220	ZNF746	chr7	-	149493988	149494115	149493988	149494070	149494203	149494503	17062	96,95,75,29,94,93,91	45,31,25,12,39,42,32	61,101,108,102,79,90,110	45,66,54,58,53,53,52	144	99	0.00051511241755	0.0247679893172	0.595,0.678,0.673,0.624,0.624,0.604,0.662	0.482,0.513,0.579,0.547,0.506,0.539,0.593	0.1
17203	ENSG00000131018	SYNE1	chr6	-	152471596	152471765	152471596	152471670	152472300	152472413	17203	117,130,50,51,129,101,86	8,2,4,4,2,2,2	64,144,122,108,138,144,168	5,12,12,5,8,13,15	194	99	0.000186562228006	0.0122669609143	0.882,0.971,0.864,0.867,0.971,0.963,0.956	0.867,0.86,0.838,0.917,0.898,0.85,0.851	0.056
17251	ENSG00000157538	VPS26C	chr21	-	37232376	37232645	37232376	37232451	37233361	37233442	17251	56,48,69,38,59,47,68	144,137,91,61,164,62,127	25,69,61,64,44,53,38	139,165,143,210,141,138,151	293	99	5.57077730629e-05	0.00510645438992	0.116,0.106,0.204,0.174,0.108,0.204,0.153	0.057,0.124,0.126,0.093,0.095,0.115,0.078	0.054
17270	ENSG00000175376	EIF1AD	chr11	-	66000302	66000476	66000302	66000406	66002039	66002166	17270	131,121,133,180,138,146,167	22,12,23,13,16,5,22	229,182,163,135,161,125,147	27,20,32,30,34,36,25	169	99	0.00118470155754	0.0455099814067	0.777,0.855,0.772,0.89,0.835,0.945,0.816	0.832,0.842,0.749,0.725,0.735,0.67,0.775	0.08
17389	ENSG00000152056	AP1S3	chr2	-	223770196	223770325	223770196	223770296	223775900	223776009	17389	10,9,4,5,23,5,7	0,3,1,1,1,1,0	11,14,10,6,9,14,7	0,4,1,6,6,4,3	128	99	8.46409745799e-05	0.00706277692817	1.0,0.699,0.756,0.795,0.947,0.795,1.0	1.0,0.73,0.886,0.436,0.537,0.73,0.643	0.147
17390	ENSG00000152056	AP1S3	chr2	-	223770196	223770338	223770196	223770296	223775900	223776009	17390	10,8,5,4,31,12,6	0,3,1,1,1,1,0	15,13,15,8,13,17,11	0,4,1,6,6,4,3	141	99	0.000106195700036	0.00837326095877	1.0,0.652,0.778,0.737,0.956,0.894,1.0	1.0,0.695,0.913,0.484,0.603,0.749,0.72	0.122
17453	ENSG00000197283	SYNGAP1	chr6	+	33440552	33440965	33440728	33440965	33438774	33438919	17453	69,97,79,56,145,140,152	426,397,216,114,517,283,354	64,70,61,122,73,85,83	341,544,530,443,495,495,504	275	99	1.44328993201e-15	5.37134781097e-12	0.055,0.081,0.116,0.15,0.092,0.151,0.134	0.063,0.044,0.04,0.09,0.05,0.058,0.056	0.054
17477	ENSG00000270240	NA	chr17	+	35884666	35884779	35884686	35884779	35884381	35884460	17477	3,3,7,6,2,5,5	0,1,2,1,3,3,2	4,0,4,6,4,1,6	3,1,0,1,0,0,0	119	99	0.000444249222291	0.0221624384139	1.0,0.714,0.744,0.833,0.357,0.581,0.675	0.526,0.0,1.0,0.833,1.0,1.0,1.0	-0.065
17701	ENSG00000119760	SUPT7L	chr2	-	27660983	27661601	27660983	27661388	27662178	27662281	17701	316,264,415,245,385,276,394	250,190,156,136,247,167,197	273,333,238,408,323,323,260	238,293,315,226,232,253,289	312	99	0.000114258144759	0.00882038770891	0.286,0.306,0.458,0.364,0.331,0.344,0.388	0.267,0.265,0.193,0.364,0.306,0.288,0.222	0.082
17731	ENSG00000150455	TIRAP	chr11	+	126291272	126291569	126291424	126291569	126290802	126290961	17731	6,3,5,7,5,15,12	1,0,0,0,1,3,0	5,7,8,4,6,8,2	1,3,3,1,2,0,1	251	99	6.56578909313e-05	0.00568261411372	0.703,1.0,1.0,1.0,0.664,0.664,1.0	0.664,0.479,0.513,0.612,0.542,1.0,0.441	0.254
17813	ENSG00000289177	NA	chr7	+	66885058	66885246	66885141	66885246	66882892	66882967	17813	9,5,11,4,13,7,10	1,3,11,0,0,8,0	9,20,6,20,8,15,8	0,0,1,1,0,0,0	182	99	6.90978230189e-08	2.38105979766e-05	0.83,0.476,0.352,1.0,1.0,0.322,1.0	1.0,1.0,0.765,0.916,1.0,1.0,1.0	-0.243
18218	ENSG00000183853	KIRREL1	chr1	+	158089453	158089628	158089501	158089628	158088326	158088454	18218	7,7,13,3,7,8,4	4,3,0,0,10,0,0	2,0,8,2,2,9,3	3,5,3,8,3,10,6	147	99	1.50133524157e-05	0.00192461664562	0.541,0.611,1.0,1.0,0.32,1.0,1.0	0.31,0.0,0.642,0.144,0.31,0.377,0.252	0.491
18234	ENSG00000147408	CSGALNACT1	chr8	-	19585165	19585320	19585165	19585317	19601770	19601865	18234	5,12,5,2,13,9,14	2,6,1,0,5,0,6	2,14,13,5,8,6,9	0,5,0,0,0,0,0	102	99	9.38970074915e-07	0.000205557119459	0.708,0.66,0.829,1.0,0.716,1.0,0.694	1.0,0.731,1.0,1.0,1.0,1.0,1.0	-0.161
18280	ENSG00000073331	ALPK1	chr4	+	112423725	112424003	112423943	112424003	112411826	112412025	18280	3,1,2,0,1,0,0	4,3,2,3,7,1,3	2,0,6,7,0,6,2	1,4,8,3,3,3,6	317	99	0.000248279705171	0.0150488233024	0.19,0.094,0.238,0.0,0.043,0.0,0.0	0.384,0.0,0.19,0.422,0.0,0.384,0.094	-0.13
18369	ENSG00000260088	DDX59-AS1	chr1	+	200693693	200694250	200693752	200694250	200690308	200690430	18369	5,5,6,6,6,1,4	0,0,0,5,0,10,0	1,2,2,1,2,0,1	21,4,2,22,4,2,6	158	99	7.3623329655e-12	1.36998291822e-08	1.0,1.0,1.0,0.429,1.0,0.059,1.0	0.029,0.239,0.385,0.028,0.239,0.0,0.095	0.639
18449	ENSG00000225783	MIAT	chr22	+	26665456	26666225	26665530	26666225	26663315	26663398	18449	690,456,204,98,700,276,363	779,410,274,86,695,130,243	136,403,258,200,472,772,431	157,475,397,339,596,798,502	173	99	0.000895210960072	0.0368541715598	0.336,0.389,0.299,0.395,0.366,0.549,0.461	0.331,0.327,0.271,0.252,0.312,0.356,0.329	0.088
18451	ENSG00000225783	MIAT	chr22	+	26665464	26666225	26665530	26666225	26663315	26663398	18451	291,193,76,49,283,129,143	779,410,274,86,695,130,243	58,167,111,89,199,332,185	157,475,397,339,596,798,502	165	99	0.00129547825469	0.0475468626495	0.183,0.22,0.143,0.255,0.196,0.373,0.261	0.181,0.174,0.144,0.136,0.167,0.2,0.181	0.064
19076	ENSG00000223482	NUTM2A-AS1	chr10	-	87246114	87246236	87246114	87246212	87326629	87326672	19076	5,1,3,3,9,4,6	3,2,0,0,1,0,3	3,13,3,4,2,10,3	2,6,5,4,4,5,4	123	99	0.00123086453508	0.046458270322	0.573,0.287,1.0,1.0,0.879,1.0,0.617	0.547,0.636,0.326,0.446,0.287,0.617,0.376	0.303
19086	ENSG00000223482	NUTM2A-AS1	chr10	-	87330891	87331096	87330891	87330965	87336785	87336889	19086	5,13,13,13,29,32,31	0,0,0,1,0,0,0	17,37,26,100,18,31,68	29,4,0,12,3,0,6	230	99	2.881168637e-10	2.68063929986e-07	1.0,1.0,1.0,0.848,1.0,1.0,1.0	0.201,0.799,1.0,0.782,0.721,1.0,0.83	0.216
19147	ENSG00000074855	ANO8	chr19	-	17328161	17329541	17328161	17328983	17329756	17329831	19147	168,209,140,146,175,334,387	164,106,109,64,157,102,144	175,154,192,183,165,229,151	133,125,142,163,162,149,179	657	99	0.000205539222601	0.0131677904674	0.134,0.229,0.162,0.256,0.144,0.33,0.288	0.165,0.157,0.169,0.145,0.133,0.188,0.113	0.068
19402	ENSG00000164398	ACSL6	chr5	-	131974892	131975060	131974892	131974970	131976647	131976721	19402	81,32,55,29,78,35,50	337,203,39,50,224,78,80	27,47,37,58,46,66,62	97,200,219,137,214,278,230	189	99	0.00120112012468	0.0457881277219	0.112,0.076,0.425,0.233,0.154,0.19,0.247	0.127,0.11,0.081,0.182,0.101,0.111,0.124	0.086
19403	ENSG00000164398	ACSL6	chr5	-	131974892	131975250	131974892	131974970	131976647	131976721	19403	263,87,159,67,205,79,146	337,203,39,50,224,78,80	85,115,104,174,98,170,122	97,200,219,137,214,278,230	379	99	0.000706814670473	0.0312685983287	0.169,0.101,0.516,0.259,0.193,0.209,0.323	0.186,0.131,0.11,0.249,0.107,0.138,0.122	0.104
19404	ENSG00000164398	ACSL6	chr5	-	131974892	131976240	131974892	131974970	131976647	131976721	19404	794,319,506,179,637,208,509	337,203,39,50,224,78,80	243,385,284,558,320,477,394	97,200,219,137,214,278,230	1369	99	0.000255713393436	0.0153494026615	0.146,0.102,0.484,0.206,0.171,0.162,0.315	0.153,0.122,0.086,0.228,0.098,0.11,0.11	0.097
19410	ENSG00000224843	LINC00240	chr6	+	27023208	27023397	27023253	27023397	26968457	26968522	19410	3,3,1,7,4,4,3	0,0,1,6,1,2,3	7,4,2,4,1,7,2	0,2,0,1,0,1,2	144	99	0.000258788587105	0.0154712811977	1.0,1.0,0.407,0.445,0.733,0.579,0.407	1.0,0.579,1.0,0.733,1.0,0.828,0.407	-0.139
19485	ENSG00000147481	SNTG1	chr8	+	50704573	50704752	50704599	50704752	50658591	50658663	19485	12,7,6,11,8,6,11	70,39,38,29,69,45,30	4,8,4,3,6,5,10	51,60,47,54,52,75,89	125	99	0.000967790867155	0.0393954468468	0.12,0.124,0.111,0.231,0.084,0.096,0.225	0.058,0.096,0.063,0.042,0.084,0.05,0.082	0.074
19600	ENSG00000290596	FAR2P2	chr2	-	130425090	130426263	130425090	130425158	130427703	130428542	19600	118,172,227,177,240,132,268	33,26,19,27,46,32,30	241,224,127,132,208,137,151	50,45,51,50,38,25,81	1204	99	0.00111622984661	0.0441233147635	0.227,0.352,0.496,0.35,0.3,0.253,0.423	0.284,0.29,0.17,0.178,0.31,0.311,0.133	0.104
19912	ENSG00000113712	CSNK1A1	chr5	-	149501014	149501275	149501014	149501222	149505446	149505595	19912	22,13,21,14,22,18,23	2,1,1,9,0,3,3	18,11,12,24,17,19,13	1,1,0,0,0,0,0	152	99	2.11494285418e-08	9.46592172197e-06	0.878,0.894,0.932,0.503,1.0,0.796,0.833	0.921,0.878,1.0,1.0,1.0,1.0,1.0	-0.138
19993	ENSG00000291181	FGF7P3	chr9	-	39863832	39863942	39863832	39863863	39873909	39874200	19993	73,6,7,2,31,1,5	0,0,0,0,0,0,0	10,6,55,25,47,11,22	3,0,3,4,0,2,1	178	99	0.000502352377081	0.0243431589394	1.0,1.0,1.0,1.0,1.0,1.0,1.0	0.65,1.0,0.911,0.777,1.0,0.754,0.924	0.141
20098	ENSG00000137941	TTLL7	chr1	-	83906328	83906523	83906328	83906463	83907455	83907661	20098	56,69,53,104,56,79,70	374,318,335,218,371,204,264	24,51,29,24,52,39,26	122,389,312,325,388,399,304	159	99	2.64266386552e-12	5.46385435662e-09	0.085,0.119,0.09,0.229,0.086,0.194,0.142	0.109,0.075,0.055,0.044,0.077,0.057,0.051	0.068
20623	ENSG00000291132	MTMR9LP	chr1	-	32234035	32234301	32234035	32234128	32234703	32234814	20623	7,3,21,6,21,4,16	0,0,0,0,1,0,0	5,13,1,5,6,4,2	3,3,1,2,3,3,1	272	99	4.4408920985e-16	2.75453733896e-12	1.0,1.0,1.0,1.0,0.884,1.0,1.0	0.378,0.612,0.267,0.476,0.421,0.327,0.421	0.569
20624	ENSG00000291132	MTMR9LP	chr1	-	32234035	32234301	32234035	32234133	32234703	32234814	20624	6,3,21,6,19,4,16	2,3,0,0,2,0,0	5,13,1,5,6,4,2	1,1,2,1,4,1,3	267	99	0.000290344023994	0.016675066662	0.527,0.27,1.0,1.0,0.779,1.0,1.0	0.65,0.828,0.156,0.65,0.357,0.597,0.198	0.306
20697	ENSG00000162437	RAVER2	chr1	+	64804733	64804838	64804772	64804838	64802975	64803061	20697	13,10,6,9,6,9,23	15,9,19,12,16,16,32	6,12,3,5,6,9,6	14,28,20,34,24,29,23	138	99	0.000472092057766	0.0232553889344	0.383,0.444,0.185,0.35,0.212,0.288,0.34	0.235,0.235,0.097,0.095,0.152,0.182,0.158	0.15
20875	ENSG00000183048	SLC25A10	chr17	+	81717693	81717861	81717756	81717861	81717398	81717491	20875	6,1,4,8,10,1,4	0,2,3,0,0,0,0	7,3,5,4,4,6,8	4,3,3,0,5,3,9	162	99	1.25110096905e-06	0.000255829525627	1.0,0.234,0.449,1.0,1.0,1.0,1.0	0.517,0.379,0.505,1.0,0.328,0.55,0.352	0.293
21031	ENSG00000273032	DGCR5	chr22	+	18990679	18990924	18990719	18990924	18971031	18971119	21031	29,12,19,22,27,18,21	0,0,7,1,8,3,4	36,21,33,22,33,37,28	48,6,6,10,5,14,9	139	99	0.00126814127306	0.0471652619594	1.0,1.0,0.659,0.94,0.706,0.81,0.789	0.348,0.714,0.797,0.61,0.825,0.653,0.689	0.181
21072	ENSG00000183258	DDX41	chr5	-	177515185	177515339	177515185	177515258	177515928	177515989	21072	99,64,130,68,93,84,97	10,4,6,8,14,4,4	82,121,100,147,58,142,113	15,14,23,27,18,15,36	180	99	1.39638183638e-06	0.0002764241831	0.845,0.898,0.923,0.824,0.785,0.92,0.93	0.75,0.826,0.705,0.75,0.639,0.839,0.633	0.14
21073	ENSG00000183258	DDX41	chr5	-	177515185	177515361	177515185	177515258	177515928	177515989	21073	111,67,143,72,98,91,114	10,4,6,8,14,4,4	91,126,104,160,69,151,116	15,14,23,27,18,15,36	202	99	9.36284624942e-07	0.000205557119459	0.845,0.891,0.921,0.815,0.774,0.918,0.933	0.748,0.815,0.689,0.744,0.653,0.831,0.612	0.144
21114	ENSG00000089006	SNX5	chr20	-	17953995	17954231	17953995	17954223	17955364	17955475	21114	0,1,1,3,1,0,2	4,7,2,7,7,2,1	5,2,3,1,1,4,4	3,3,5,3,1,5,5	107	99	0.000987069410752	0.0398424893607	0.0,0.117,0.316,0.284,0.117,0.0,0.649	0.607,0.382,0.357,0.236,0.481,0.425,0.425	-0.204
21189	ENSG00000245694	CRNDE	chr16	-	54920297	54920410	54920297	54920327	54923584	54923648	21189	1,2,14,7,10,5,12	3,2,2,6,1,0,0	9,3,3,5,2,6,1	0,0,0,0,5,0,1	182	99	0.00102769657641	0.0413031919953	0.153,0.352,0.792,0.388,0.845,1.0,1.0	1.0,1.0,1.0,1.0,0.179,1.0,0.352	-0.143
21193	ENSG00000245694	CRNDE	chr16	-	54920297	54921635	54920297	54920327	54923584	54923650	21193	6,5,46,27,36,10,25	3,2,2,6,1,0,0	14,17,17,10,22,14,5	0,0,0,0,5,0,1	1407	99	9.43243256387e-05	0.00765719365346	0.123,0.15,0.618,0.24,0.717,1.0,1.0	1.0,1.0,1.0,1.0,0.236,1.0,0.26	-0.235
21222	ENSG00000245573	BDNF-AS	chr11	+	27675296	27676140	27675576	27676140	27659170	27659228	21222	18,13,16,43,10,5,15	30,33,74,40,33,16,17	29,31,33,32,55,20,16	30,43,32,29,37,23,36	379	99	0.000161163556127	0.0112741783925	0.135,0.093,0.053,0.219,0.073,0.075,0.187	0.202,0.158,0.212,0.224,0.28,0.185,0.104	-0.076
21275	ENSG00000164530	PI16	chr6	+	36954505	36954931	36954679	36954931	36948262	36948404	21275	52,12,59,88,87,21,34	0,1,5,2,0,0,4	20,25,73,115,173,40,34	4,4,1,13,13,0,7	273	99	0.00077701665691	0.0334692730365	1.0,0.813,0.811,0.941,1.0,1.0,0.755	0.645,0.694,0.964,0.762,0.828,1.0,0.638	0.113
21286	ENSG00000223874	TESHL	chr2	+	217263357	217263843	217263777	217263843	217262935	217263071	21286	8,0,4,0,0,2,10	7,7,6,2,6,7,2	5,7,17,16,7,2,15	1,0,4,0,6,10,0	519	99	7.41846897091e-05	0.00633224177113	0.179,0.0,0.113,0.0,0.0,0.052,0.488	0.488,1.0,0.448,1.0,0.182,0.037,1.0	-0.475
21321	ENSG00000293485	SERHL	chr22	+	42502732	42502768	42502748	42502768	42502350	42502392	21321	1,0,0,0,2,2,0	1,2,2,2,0,5,3	4,0,0,13,2,13,4	4,5,1,0,2,0,0	115	99	9.35872092489e-07	0.000205557119459	0.463,0.0,0.0,0.0,1.0,0.256,0.0	0.463,0.0,0.0,1.0,0.463,1.0,1.0	-0.315
21590	ENSG00000139428	MMAB	chr12	-	109561039	109561329	109561039	109561104	109561419	109561517	21590	136,45,182,212,38,22,33	109,164,229,227,232,134,157	65,64,49,35,50,46,66	300,269,253,305,280,160,264	324	99	1.06843180414e-07	3.48796123008e-05	0.276,0.077,0.195,0.222,0.048,0.048,0.06	0.062,0.068,0.056,0.034,0.052,0.081,0.071	0.072
21900	ENSG00000067141	NEO1	chr15	+	73270009	73270233	73270057	73270233	73266315	73266411	21900	174,190,105,92,181,116,184	18,19,30,6,42,29,103	73,212,158,274,245,136,164	7,10,12,82,6,11,13	147	99	0.000188657867679	0.0123272242341	0.867,0.871,0.702,0.912,0.744,0.729,0.546	0.875,0.935,0.899,0.692,0.965,0.893,0.895	-0.112
21908	ENSG00000258702	NA	chr14	+	96594663	96596025	96595084	96596025	96593120	96593249	21908	314,103,334,338,239,241,406	7,9,11,29,20,31,10	327,402,565,440,207,197,242	26,25,10,10,1,0,3	520	99	0.0011886205376	0.0455099814067	0.895,0.685,0.853,0.689,0.695,0.597,0.885	0.705,0.754,0.915,0.893,0.975,1.0,0.939	-0.126
21933	ENSG00000086159	AQP6	chr12	+	49975071	49977139	49975464	49977139	49974745	49974826	21933	6,1,10,11,2,5,6	13,8,17,9,6,17,16	0,3,0,11,3,1,2	7,6,18,45,20,8,13	492	99	0.000286847571921	0.0165252619762	0.085,0.025,0.106,0.197,0.063,0.056,0.07	0.0,0.091,0.0,0.047,0.029,0.025,0.03	0.054
22019	ENSG00000298600	NA	chr4	+	24995377	24996471	24995909	24996471	24993219	24993408	22019	24,14,6,14,11,9,11	2,4,0,1,3,0,0	16,30,26,14,13,13,16	0,0,3,0,2,1,0	631	99	0.00084054435477	0.0352189440013	0.653,0.354,1.0,0.687,0.365,1.0,1.0	1.0,1.0,0.576,1.0,0.505,0.671,1.0	-0.099
22074	ENSG00000250903	GMDS-DT	chr6	+	2398865	2399037	2398882	2399037	2398576	2398778	22074	30,4,30,2,36,15,18	0,7,1,6,0,0,0	14,23,19,27,13,13,15	7,0,12,1,12,17,9	116	99	0.000795110245718	0.0339344299365	1.0,0.328,0.962,0.221,1.0,1.0,1.0	0.631,1.0,0.575,0.958,0.48,0.395,0.587	0.126
22089	ENSG00000124104	SNX21	chr20	+	45840321	45840458	45840447	45840458	45838267	45838360	22089	35,32,50,31,31,21,53	5,4,2,3,8,4,3	32,33,42,43,29,24,30	6,5,14,8,12,8,11	225	99	0.000791586610875	0.0339344299365	0.755,0.779,0.917,0.82,0.63,0.698,0.886	0.701,0.744,0.569,0.703,0.515,0.569,0.545	0.163
22146	ENSG00000088387	DOCK9	chr13	-	98845923	98846060	98845923	98845991	98848591	98848639	22146	67,76,99,83,54,48,63	232,185,109,91,210,181,134	18,88,26,100,112,54,48	131,255,290,166,220,266,243	168	99	0.00121537255524	0.0459667733901	0.145,0.195,0.349,0.35,0.132,0.135,0.217	0.075,0.169,0.05,0.262,0.231,0.107,0.104	0.075
22385	ENSG00000290763	SDHAP1	chr3	-	195986518	195986604	195986518	195986594	195990189	195990292	22385	68,32,45,10,53,32,16	0,0,0,0,0,0,0	10,48,21,34,25,42,12	0,10,0,56,0,0,0	109	99	1.19541566048e-05	0.00160685969848	1.0,1.0,1.0,1.0,1.0,1.0,1.0	1.0,0.813,1.0,0.355,1.0,1.0,1.0	0.119
22512	ENSG00000166676	TVP23A	chr16	-	10774951	10775547	10774951	10775096	10800296	10800338	22512	107,70,71,49,117,104,103	4,4,7,0,2,0,0	94,105,121,86,93,115,65	7,8,6,6,8,7,6	550	99	0.000334240217546	0.0181423654437	0.828,0.759,0.646,1.0,0.913,1.0,1.0	0.707,0.703,0.784,0.721,0.677,0.747,0.661	0.164
22571	ENSG00000231074	HCG18	chr6	-	30291536	30294964	30291536	30292599	30296131	30296237	22571	1996,1294,1081,871,1804,701,1067	5,7,5,4,3,13,10	1250,2073,1538,1576,1501,1557,1495	5,1,6,1,7,4,4	2464	99	0.00131628568758	0.0480263609304	0.941,0.881,0.897,0.897,0.96,0.684,0.811	0.909,0.988,0.911,0.984,0.896,0.94,0.938	-0.071
22733	ENSG00000239523	MYLK-AS1	chr3	+	123585641	123585794	123585646	123585794	123585275	123585553	22733	5,4,7,2,8,12,7	2,3,1,0,3,4,3	13,13,13,6,8,1,6	2,1,1,0,1,1,0	104	99	8.24734784408e-05	0.00691291210282	0.704,0.559,0.87,1.0,0.717,0.741,0.69	0.861,0.925,0.925,1.0,0.884,0.488,1.0	-0.115
22907	ENSG00000213585	VDAC1	chr5	-	133992945	133993018	133992945	133993015	134004486	134004635	22907	47,47,26,32,48,39,46	2,1,0,1,1,0,6	40,49,60,41,58,46,51	6,2,4,10,2,5,4	102	99	0.000303418686452	0.0170574468807	0.958,0.979,1.0,0.969,0.979,1.0,0.882	0.866,0.96,0.936,0.799,0.966,0.899,0.925	0.059
22937	ENSG00000168124	OR1F1	chr16	+	3191237	3191337	3191240	3191337	3189748	3189798	22937	7,1,1,1,3,4,3	2,2,0,0,0,0,0	10,4,8,6,6,6,10	7,5,5,4,2,0,4	102	99	9.1402306468e-07	0.000205557119459	0.773,0.327,1.0,1.0,1.0,1.0,1.0	0.581,0.437,0.608,0.593,0.744,1.0,0.708	0.204
23062	ENSG00000071991	CDH19	chr18	-	66508994	66509246	66508994	66509218	66511567	66511685	23062	7,9,37,20,15,13,18	5,2,6,1,4,0,1	6,12,18,24,33,7,11	0,0,1,0,1,0,1	127	99	1.24870440099e-07	4.00618818856e-05	0.522,0.778,0.828,0.94,0.745,1.0,0.933	1.0,1.0,0.933,1.0,0.963,1.0,0.896	-0.149
23146	ENSG00000236963	LINC01141	chr1	-	20398482	20398738	20398482	20398729	20399479	20399549	23146	3,3,2,5,8,6,8	1,1,0,2,0,0,1	3,3,2,5,5,10,3	6,2,2,2,0,1,2	108	99	1.14122959638e-06	0.000235955559216	0.733,0.733,1.0,0.696,1.0,1.0,0.88	0.314,0.579,0.478,0.696,1.0,0.902,0.579	0.213
23147	ENSG00000236963	LINC01141	chr1	-	20398482	20398787	20398482	20398729	20399479	20399549	23147	7,8,4,7,13,11,9	1,1,0,2,0,0,1	18,12,11,19,9,18,9	6,2,2,2,0,1,2	157	99	0.000340121625057	0.0182391446659	0.815,0.835,1.0,0.688,1.0,1.0,0.85	0.654,0.791,0.776,0.857,1.0,0.919,0.739	0.065
23201	ENSG00000253666	NA	chr8	+	100500160	100501148	100500964	100501148	100456176	100456279	23201	9,3,5,2,5,7,11	0,2,1,6,2,0,1	8,3,2,6,3,6,2	0,0,0,0,0,0,0	903	99	8.760947523e-11	1.03905624549e-07	1.0,0.141,0.354,0.035,0.215,1.0,0.547	1.0,1.0,1.0,1.0,1.0,1.0,1.0	-0.53
23218	ENSG00000260228	CDH13-AS2	chr16	-	83789804	83790315	83789804	83790204	83803434	83803528	23218	10,8,13,26,9,7,8	0,0,0,0,1,0,0	17,11,6,2,9,14,16	2,2,0,2,6,0,0	210	99	0.000266698997922	0.0157547141376	1.0,1.0,1.0,1.0,0.809,1.0,1.0	0.8,0.722,1.0,0.32,0.414,1.0,1.0	0.222
23258	ENSG00000169592	INO80E	chr16	+	30004554	30004657	30004567	30004657	30003649	30003714	23258	7,14,10,5,4,3,18	0,0,4,0,0,0,0	10,13,3,9,18,16,6	3,3,2,2,1,0,3	112	99	0.000122362146706	0.00914423624862	1.0,1.0,0.688,1.0,1.0,1.0,1.0	0.747,0.793,0.57,0.799,0.941,1.0,0.639	0.171
23326	ENSG00000004838	ZMYND10	chr3	-	50342396	50342655	50342396	50342569	50342917	50343018	23326	4,2,6,3,7,2,6	29,7,19,22,17,10,20	0,1,2,5,4,2,0	31,17,26,20,22,13,17	185	99	0.00134062192886	0.048710226026	0.069,0.133,0.145,0.068,0.181,0.097,0.138	0.0,0.031,0.04,0.118,0.089,0.076,0.0	0.068
23478	ENSG00000164904	ALDH7A1	chr5	-	126593350	126593447	126593350	126593404	126594107	126594267	23478	6,11,15,13,5,4,9	0,2,1,0,0,1,1	3,6,7,10,8,9,8	0,1,1,1,3,3,4	142	99	0.000118574737697	0.00899333055525	1.0,0.793,0.913,1.0,1.0,0.736,0.863	1.0,0.807,0.83,0.875,0.65,0.677,0.582	0.126
23684	ENSG00000077254	USP33	chr1	-	77721830	77721925	77721830	77721901	77722023	77722196	23684	527,382,207,172,424,252,293	50,48,38,35,59,38,36	228,494,421,332,474,490,508	17,45,38,36,45,58,24	123	99	3.48466840542e-05	0.00360434746024	0.895,0.865,0.814,0.798,0.853,0.842,0.868	0.915,0.898,0.899,0.881,0.894,0.872,0.945	-0.053
23716	ENSG00000150967	ABCB9	chr12	-	122949787	122949918	122949787	122949904	122950450	122950565	23716	166,100,71,78,118,89,114	58,42,34,9,53,38,57	164,185,173,188,152,179,171	42,49,38,29,38,55,30	113	99	0.000373111316956	0.0196681455692	0.715,0.676,0.647,0.884,0.661,0.672,0.637	0.774,0.768,0.8,0.85,0.778,0.74,0.833	-0.093
23741	ENSG00000157601	MX1	chr21	+	41421837	41422095	41421974	41422095	41420202	41420257	23741	45,9,18,9,21,15,18	1,0,0,0,2,0,2	31,23,18,19,19,26,25	4,2,0,2,2,3,1	236	99	0.000250533304346	0.0151361159976	0.95,1.0,1.0,1.0,0.815,1.0,0.791	0.765,0.828,1.0,0.799,0.799,0.784,0.913	0.095
23769	ENSG00000223960	CHROMR	chr2	+	178430655	178430889	178430769	178430889	178426365	178426505	23769	37,32,58,28,52,40,48	0,0,1,1,0,0,0	66,45,50,24,48,35,31	2,8,2,0,2,7,3	213	99	2.15974227391e-09	1.488462379e-06	1.0,1.0,0.964,0.929,1.0,1.0,1.0	0.939,0.723,0.921,1.0,0.918,0.699,0.828	0.124
23772	ENSG00000223960	CHROMR	chr2	+	178430677	178430889	178430769	178430889	178426365	178426505	23772	34,28,54,27,50,37,40	0,0,1,1,0,0,0	62,40,50,22,47,34,31	2,8,2,0,2,7,3	191	99	3.62448704383e-09	2.17562757779e-06	1.0,1.0,0.966,0.933,1.0,1.0,1.0	0.941,0.722,0.928,1.0,0.924,0.716,0.843	0.118
23774	ENSG00000223960	CHROMR	chr2	+	178430694	178430889	178430769	178430889	178426365	178426505	23774	36,27,50,32,53,30,35	0,0,1,1,0,0,0	64,43,46,24,47,37,35	2,8,2,0,2,7,3	174	99	7.57294493781e-09	3.80218732415e-06	1.0,1.0,0.966,0.948,1.0,1.0,1.0	0.948,0.754,0.929,1.0,0.93,0.75,0.869	0.105
23979	ENSG00000293427	NA	chr22	-	21476001	21476223	21476001	21476160	21477789	21477915	23979	5,0,0,0,1,0,0	6,11,12,16,6,26,14	3,0,5,3,2,1,3	42,8,10,12,10,8,7	162	99	0.00114466465461	0.0447792808942	0.337,0.0,0.0,0.0,0.092,0.0,0.0	0.042,0.0,0.234,0.133,0.109,0.071,0.208	-0.053
24008	ENSG00000290832	NA	chr7	-	72998482	72999550	72998482	72998790	72999760	72999859	24008	5,7,3,0,6,4,4	0,0,1,3,0,0,0	6,1,8,5,2,8,7	1,1,1,0,2,0,4	859	99	0.000190506717861	0.0123949265943	1.0,1.0,0.257,0.0,1.0,1.0,1.0	0.409,0.103,0.48,1.0,0.103,1.0,0.168	0.285
24041	ENSG00000103174	NAGPA	chr16	-	5028296	5028398	5028296	5028365	5028879	5029008	24041	67,62,53,27,76,57,93	110,48,44,30,69,35,83	73,53,62,77,51,66,58	74,95,91,91,78,127,87	132	99	0.00121287405506	0.045965703496	0.314,0.492,0.475,0.403,0.452,0.55,0.457	0.425,0.295,0.338,0.388,0.329,0.28,0.333	0.108
24224	ENSG00000184226	PCDH9	chr13	-	66631209	66631411	66631209	66631285	66903503	66903605	24224	541,690,432,360,694,478,656	63,54,27,26,59,28,49	429,784,762,873,811,664,733	48,91,112,102,99,74,85	225	99	2.07776808692e-06	0.000375369986033	0.791,0.849,0.876,0.859,0.838,0.883,0.855	0.797,0.791,0.75,0.79,0.783,0.798,0.791	0.064
24450	ENSG00000291003	NA	chr15	+	22589679	22590810	22589942	22590810	22587343	22587391	24450	1202,712,1118,614,1269,1436,1438	59,71,46,59,57,129,138	1844,1252,437,1112,1442,2236,773	160,96,6,23,90,132,1	362	99	0.000377104634689	0.0197420867248	0.848,0.733,0.869,0.74,0.859,0.753,0.74	0.759,0.781,0.952,0.93,0.814,0.822,0.995	-0.073
24610	ENSG00000290948	NA	chr15	-	82475477	82475637	82475477	82475628	82476785	82476940	24610	3,2,4,6,20,14,14	2,1,0,1,3,2,5	36,3,6,13,10,14,8	2,1,0,2,0,1,0	108	99	0.000652903830478	0.0299640451046	0.579,0.647,1.0,0.846,0.859,0.865,0.72	0.943,0.733,1.0,0.856,1.0,0.928,1.0	-0.135
24628	ENSG00000196408	NOXO1	chr16	-	1980640	1980731	1980640	1980728	1980938	1981019	24628	15,6,10,8,5,4,9	1,0,0,0,3,0,0	10,5,2,15,14,15,10	4,0,1,3,0,7,2	102	99	5.78010230901e-07	0.000141521241797	0.936,1.0,1.0,1.0,0.618,1.0,1.0	0.708,1.0,0.66,0.829,1.0,0.675,0.829	0.122
24722	ENSG00000107897	ACBD5	chr10	-	27240318	27240484	27240318	27240474	27242058	27242111	24722	43,35,41,25,38,10,50	2,8,2,1,4,4,3	6,36,57,73,51,27,37	0,0,2,1,2,2,3	109	99	0.000713084295887	0.0314432999475	0.951,0.799,0.949,0.958,0.896,0.694,0.938	1.0,1.0,0.963,0.985,0.959,0.925,0.918	-0.081
24964	ENSG00000157103	SLC6A1	chr3	+	11013994	11014184	11014031	11014184	11012598	11012762	24964	17,13,14,10,15,7,8	1,0,3,1,0,0,1	3,10,3,14,15,20,15	0,4,0,4,1,6,3	136	99	1.11654413734e-05	0.00153901135612	0.925,1.0,0.773,0.879,1.0,1.0,0.853	1.0,0.645,1.0,0.718,0.916,0.708,0.784	0.094
25030	ENSG00000263072	ZNF213-AS1	chr16	-	3132849	3133367	3132849	3132942	3134629	3134902	25030	204,113,260,114,198,156,200	1,2,5,2,5,4,4	169,153,197,184,169,142,184	11,6,8,6,6,5,10	524	99	0.000151689718225	0.0106918268058	0.975,0.914,0.908,0.915,0.882,0.881,0.904	0.744,0.828,0.823,0.853,0.842,0.843,0.777	0.096
25180	ENSG00000006071	ABCC8	chr11	-	17428288	17428471	17428288	17428405	17428564	17428670	25180	58,38,30,21,49,37,51	152,73,100,21,130,70,97	35,37,39,38,41,58,44	126,145,144,130,121,173,143	165	99	0.00118542667389	0.0455099814067	0.186,0.238,0.153,0.375,0.184,0.241,0.24	0.143,0.133,0.14,0.149,0.169,0.167,0.156	0.08
25193	ENSG00000006071	ABCC8	chr11	-	17430813	17431032	17430813	17430959	17432203	17432244	25193	5,21,10,8,24,36,40	212,92,132,49,202,78,125	15,17,8,13,9,10,15	142,149,172,164,162,216,211	172	99	3.66586062173e-07	9.74490492131e-05	0.013,0.116,0.042,0.086,0.064,0.21,0.156	0.057,0.062,0.026,0.044,0.031,0.026,0.039	0.057
25344	ENSG00000291060	NA	chr16	+	22466196	22466269	22466203	22466269	22465692	22465818	25344	1,1,2,1,2,0,2	0,0,0,0,2,1,3	0,5,2,0,6,0,0	2,1,4,6,1,2,2	106	99	9.19849440539e-06	0.00131665833766	1.0,1.0,1.0,1.0,0.483,0.0,0.384	0.0,0.824,0.318,0.0,0.849,0.0,0.0	0.411
25366	ENSG00000171163	ZNF692	chr1	-	248857827	248858034	248857827	248857859	248858130	248858321	25366	248,217,342,178,278,286,368	37,15,49,20,37,22,29	305,254,294,236,249,324,192	51,43,40,55,32,53,26	274	99	0.00107102706303	0.0428595087933	0.708,0.839,0.716,0.763,0.731,0.824,0.821	0.684,0.681,0.726,0.608,0.738,0.688,0.727	0.079
25523	ENSG00000125846	ZNF133	chr20	+	18305660	18305807	18305680	18305807	18289898	18290074	25523	13,8,14,6,22,12,10	1,1,0,0,1,0,0	14,10,9,10,13,12,16	4,8,2,5,3,0,1	119	99	2.61251098532e-09	1.70632425149e-06	0.915,0.869,1.0,1.0,0.948,1.0,1.0	0.744,0.51,0.789,0.625,0.783,1.0,0.93	0.193
25524	ENSG00000125846	ZNF133	chr20	+	18305667	18305807	18305680	18305807	18289898	18290074	25524	4,5,12,5,15,7,8	1,1,0,0,1,0,0	8,5,4,4,7,8,9	4,8,2,5,3,0,1	112	99	8.42288572223e-10	6.26932230077e-07	0.78,0.815,1.0,1.0,0.93,1.0,1.0	0.639,0.356,0.639,0.414,0.673,1.0,0.888	0.274
25525	ENSG00000125846	ZNF133	chr20	+	18305667	18305807	18305680	18305807	18297984	18298062	25525	4,7,11,5,14,7,9	2,0,0,0,3,0,1	8,6,6,9,8,8,10	3,2,4,1,0,0,5	112	99	3.36068098927e-05	0.00355315635502	0.639,1.0,1.0,1.0,0.805,1.0,0.888	0.702,0.726,0.57,0.888,1.0,1.0,0.639	0.115
25571	ENSG00000171097	KYAT1	chr9	-	128845352	128845517	128845352	128845411	128881896	128882036	25571	23,11,27,14,37,31,53	53,51,54,38,63,40,60	18,20,19,28,20,30,25	76,68,67,79,89,68,75	205	99	0.000428421595162	0.021747488432	0.173,0.094,0.194,0.151,0.221,0.272,0.299	0.103,0.124,0.12,0.146,0.098,0.176,0.139	0.071
25592	ENSG00000232677	LINC00665	chr19	-	36324906	36325887	36324906	36325764	36330252	36330492	25592	42,97,57,62,67,82,66	56,84,70,59,65,70,85	56,66,55,54,52,71,64	79,83,119,117,125,77,117	222	99	1.80647134219e-05	0.0022115012326	0.251,0.34,0.266,0.319,0.315,0.343,0.257	0.24,0.262,0.171,0.171,0.156,0.291,0.196	0.086
25598	ENSG00000232677	LINC00665	chr19	-	36324923	36327275	36324923	36327225	36330252	36330492	25598	7,3,1,1,13,3,10	13,23,14,8,19,38,12	2,5,1,1,5,1,2	19,23,15,28,34,26,25	149	99	0.000581258349209	0.0275217693692	0.263,0.08,0.045,0.077,0.313,0.05,0.356	0.065,0.126,0.042,0.023,0.089,0.025,0.05	0.109
25707	ENSG00000268751	SCGB1B2P	chr19	-	34576728	34577031	34576728	34577028	34577265	34577456	25707	14,3,3,14,6,16,10	1,1,1,0,0,0,1	9,5,11,11,9,15,7	3,4,2,0,3,4,5	102	99	4.5868359555e-08	1.7070368692e-05	0.931,0.744,0.744,1.0,1.0,1.0,0.907	0.744,0.548,0.842,1.0,0.744,0.784,0.576	0.155
25755	ENSG00000119397	CNTRL	chr9	+	121157457	121157600	121157469	121157600	121154720	121154913	25755	0,1,3,0,4,0,0	25,24,25,6,27,2,13	1,6,3,2,5,3,1	18,20,16,20,14,18,8	111	99	0.000136628963461	0.00989257491083	0.0,0.036,0.097,0.0,0.117,0.0,0.0	0.047,0.211,0.143,0.082,0.242,0.129,0.1	-0.101
25907	ENSG00000227953	LINC01341	chr1	+	246789512	246789698	246789616	246789698	246783877	246784043	25907	41,23,62,24,41,63,69	0,0,1,0,2,0,0	17,35,40,18,26,24,45	3,0,5,3,1,3,0	203	99	2.18899103891e-05	0.00253652533672	1.0,1.0,0.968,1.0,0.909,1.0,1.0	0.734,1.0,0.796,0.745,0.927,0.796,1.0	0.126
26019	ENSG00000175309	PHYKPL	chr5	-	178222354	178222580	178222354	178222492	178222851	178222934	26019	93,93,194,98,144,104,160	3,0,7,2,6,6,5	156,179,122,283,119,85,115	28,6,4,6,7,6,13	187	99	0.000852675491622	0.0354957171098	0.943,1.0,0.936,0.963,0.927,0.902,0.944	0.747,0.94,0.942,0.961,0.9,0.882,0.824	0.06
26091	ENSG00000170390	DCLK2	chr4	+	150220702	150220778	150220705	150220778	150198001	150198103	26091	2,9,1,3,4,0,2	7,0,1,1,1,4,1	3,10,3,9,3,4,7	4,1,0,1,0,0,0	102	99	6.48362623291e-05	0.00566419328366	0.217,1.0,0.493,0.744,0.795,0.0,0.66	0.421,0.907,1.0,0.897,1.0,1.0,1.0	-0.331
26156	ENSG00000116560	SFPQ	chr1	-	35176377	35176474	35176377	35176471	35177988	35178036	26156	4,3,1,4,4,5,10	0,0,0,0,0,4,0	9,2,1,4,6,2,5	0,2,5,1,0,7,0	102	99	0.000161990680715	0.0112895977032	1.0,1.0,1.0,1.0,1.0,0.548,1.0	1.0,0.493,0.163,0.795,1.0,0.217,1.0	0.269
