33	ENSG00000075702	WDR62	chr19	+	36083062	36083241	36083062	36083188	36084652	36084744	33	11,3,13,8,6,13,4	3,1,0,0,3,0,0	3,8,6,14,11,7,10	4,0,3,4,2,0,7	152	99	0.000610915324139	0.0267067737386	0.705,0.661,1.0,1.0,0.566,1.0,1.0	0.328,1.0,0.566,0.695,0.782,1.0,0.482	0.154
59	ENSG00000225683	PACRG-AS3	chr6	-	163187672	163190982	163190907	163190982	163184824	163184918	59	186,320,626,224,195,189,562	0,1,6,1,0,0,0	168,451,232,705,560,436,85	0,6,7,7,3,1,1	3334	99	0.000213305616124	0.0122538719473	1.0,0.905,0.756,0.869,1.0,1.0,1.0	1.0,0.691,0.496,0.749,0.847,0.928,0.716	0.158
69	ENSG00000149564	ESAM	chr11	-	124754629	124754763	124754640	124754763	124754213	124754340	69	32,29,19,42,59,48,36	137,142,91,137,248,315,241	46,44,47,63,59,66,44	160,164,112,235,180,258,147	110	99	0.000350919389257	0.0175893101046	0.174,0.155,0.158,0.216,0.176,0.121,0.119	0.206,0.194,0.274,0.194,0.228,0.187,0.212	-0.054
117	ENSG00000293186	NA	chr19	+	53511962	53512695	53511962	53512148	53512858	53513047	117	25,13,67,22,26,25,48	0,7,2,0,0,3,0	42,14,30,41,49,25,14	0,1,0,1,1,0,0	646	99	0.000874933631522	0.0347241010037	1.0,0.222,0.837,1.0,1.0,0.561,1.0	1.0,0.682,1.0,0.863,0.882,1.0,1.0	-0.115
228	ENSG00000198826	ARHGAP11A	chr15	+	32629594	32629762	32629594	32629675	32632978	32633108	228	22,13,15,26,17,8,10	1,1,0,0,1,0,1	11,21,21,15,31,27,25	1,2,4,1,4,1,1	186	99	0.000119851506578	0.00787180679688	0.921,0.874,1.0,1.0,0.9,1.0,0.842	0.854,0.848,0.736,0.889,0.805,0.935,0.93	0.077
285	ENSG00000164941	INTS8	chr8	+	94865505	94865700	94865505	94865690	94867139	94867196	285	7,2,2,6,3,3,7	4,2,0,0,4,1,0	3,6,2,3,4,15,7	0,0,0,0,0,0,0	109	99	0.000635749415825	0.0272663093649	0.614,0.476,1.0,1.0,0.405,0.732,1.0	1.0,1.0,1.0,1.0,1.0,1.0,1.0	-0.253
298	ENSG00000245729	LINC02226	chr5	-	8457349	8457565	8457448	8457565	8452222	8452280	298	2,0,0,2,2,0,0	5,4,7,6,2,2,8	1,1,5,6,5,1,1	5,7,4,9,9,4,7	198	99	0.000259463037386	0.0142479985745	0.167,0.0,0.0,0.143,0.333,0.0,0.0	0.091,0.067,0.385,0.25,0.217,0.111,0.067	-0.078
398	ENSG00000272970	NA	chr3	+	184734034	184734240	184734034	184734100	184737551	184737771	398	14,20,11,9,11,18,22	0,0,0,0,1,0,1	6,12,11,11,13,18,10	1,0,7,2,2,0,0	239	99	0.000198816491775	0.0115801401992	1.0,1.0,1.0,1.0,0.82,1.0,0.901	0.713,1.0,0.394,0.695,0.729,1.0,1.0	0.17
415	ENSG00000058673	ZC3H11A	chr1	+	203796292	203796601	203796292	203796496	203801574	203801628	415	68,46,62,40,93,46,63	30,44,27,14,51,26,23	13,62,41,49,63,69,61	12,45,37,56,62,52,38	204	99	0.00105378265376	0.0396637247363	0.524,0.337,0.527,0.581,0.469,0.462,0.571	0.345,0.401,0.35,0.298,0.33,0.392,0.438	0.131
478	ENSG00000120913	PDLIM2	chr8	+	22579129	22579527	22579129	22579209	22580602	22580697	478	37,10,30,9,61,27,17	0,0,0,0,1,0,0	31,35,39,37,22,38,33	0,2,6,0,1,4,2	417	99	2.67554364664e-07	5.70525671498e-05	1.0,1.0,1.0,1.0,0.935,1.0,1.0	1.0,0.806,0.607,1.0,0.839,0.693,0.797	0.17
541	ENSG00000260572	PPM1L-DT	chr3	-	160754515	160755151	160754593	160755151	160740552	160741123	541	17,11,16,6,17,8,10	1,6,3,0,1,4,7	28,21,14,20,14,13,12	1,2,0,0,2,0,0	177	99	8.95075186191e-08	2.16556556105e-05	0.905,0.506,0.749,1.0,0.905,0.528,0.444	0.94,0.855,1.0,1.0,0.797,1.0,1.0	-0.222
686	ENSG00000197912	SPG7	chr16	+	89540943	89541027	89540943	89540977	89541152	89542279	686	45,30,49,13,57,22,23	5,2,4,4,3,4,4	19,29,42,53,51,53,36	0,0,2,5,3,2,0	149	99	0.000678714401833	0.0286540466089	0.857,0.909,0.891,0.683,0.927,0.785,0.793	1.0,1.0,0.933,0.876,0.919,0.946,1.0	-0.118
706	ENSG00000158201	ABHD3	chr18	-	21663677	21664230	21664117	21664230	21659169	21659343	706	74,111,125,111,52,173,136	16,24,36,28,30,28,35	66,76,75,63,59,88,81	28,27,25,47,31,35,28	539	99	0.00137499484825	0.0473940005091	0.459,0.459,0.389,0.421,0.241,0.532,0.416	0.302,0.341,0.355,0.198,0.259,0.316,0.347	0.114
779	ENSG00000165795	NDRG2	chr14	-	21023975	21024096	21023985	21024096	21023240	21023321	779	11,25,67,30,14,19,60	51,92,142,100,52,44,145	14,27,16,37,16,14,14	92,70,104,153,45,76,126	109	99	0.00062398992202	0.0268849904416	0.164,0.198,0.3,0.214,0.196,0.282,0.273	0.121,0.259,0.123,0.18,0.244,0.143,0.092	0.066
788	ENSG00000185880	TRIM69	chr15	+	44756367	44758854	44756367	44756463	44759639	44759662	788	510,362,419,524,400,608,562	4,4,0,2,1,0,0	868,457,346,355,384,535,468	5,5,2,6,8,4,3	2490	99	5.14099293658e-05	0.00401731876616	0.835,0.783,1.0,0.912,0.941,1.0,1.0	0.873,0.784,0.873,0.702,0.656,0.842,0.861	0.126
1023	ENSG00000272414	FAM47E-STBD1	chr4	+	76268659	76268813	76268659	76268768	76271567	76271768	1023	137,134,166,157,225,145,95	38,15,27,36,37,23,32	165,233,220,131,179,226,238	24,17,27,21,22,20,25	144	99	5.20322908552e-05	0.00404085340277	0.713,0.86,0.809,0.75,0.807,0.813,0.671	0.825,0.904,0.849,0.811,0.848,0.886,0.867	-0.081
1034	ENSG00000251372	LINC00499	chr4	+	138313290	138313401	138313290	138313324	138339011	138339257	1034	22,13,38,13,25,59,38	2,0,4,6,2,4,5	14,3,17,19,2,8,17	0,0,0,0,0,0,4	176	99	2.44084340129e-06	0.000316579905481	0.861,1.0,0.842,0.549,0.875,0.892,0.81	1.0,1.0,1.0,1.0,1.0,1.0,0.705	-0.125
1114	ENSG00000291129	PPIEL	chr1	-	39529015	39529164	39529054	39529164	39522282	39522543	1114	59,29,49,29,44,31,50	0,1,0,4,2,2,3	26,35,33,57,54,49,47	4,2,3,12,2,7,2	138	99	0.000392733773259	0.0191510992301	1.0,0.954,1.0,0.839,0.94,0.917,0.923	0.823,0.926,0.888,0.773,0.951,0.834,0.944	0.062
1530	ENSG00000198912	C1orf174	chr1	-	3892740	3892996	3892882	3892996	3891625	3891779	1530	27,19,34,6,23,13,44	8,1,3,0,0,0,5	12,10,29,32,23,29,18	0,0,0,2,0,2,2	241	99	4.56836014362e-05	0.00368426531839	0.581,0.886,0.823,1.0,1.0,1.0,0.783	1.0,1.0,1.0,0.868,1.0,0.856,0.787	-0.063
1637	ENSG00000064012	CASP8	chr2	+	201276826	201277104	201276826	201276968	201284815	201285317	1637	118,39,45,62,123,98,115	2,7,4,8,2,3,2	160,30,128,99,116,104,30	0,0,2,1,1,5,2	235	99	0.000145163376057	0.00913150217087	0.961,0.701,0.826,0.766,0.963,0.932,0.96	1.0,1.0,0.964,0.977,0.98,0.898,0.863	-0.082
1713	ENSG00000182165	TP53TG1	chr7	-	87341354	87341684	87341522	87341684	87326262	87326449	1713	7,3,6,10,2,6,11	0,0,2,1,0,0,0	4,4,5,5,10,6,7	2,0,1,0,8,0,1	267	99	0.00106244934712	0.0396637247363	1.0,1.0,0.527,0.788,1.0,1.0,1.0	0.426,1.0,0.65,1.0,0.317,1.0,0.722	0.171
2257	ENSG00000141030	COPS3	chr17	-	17270757	17271008	17270895	17271008	17267884	17268045	2257	23,19,25,19,25,8,20	0,0,3,0,6,0,3	15,21,25,27,31,19,13	0,0,0,0,0,0,1	237	99	0.000885582764382	0.0349022336665	1.0,1.0,0.777,1.0,0.635,1.0,0.736	1.0,1.0,1.0,1.0,1.0,1.0,0.844	-0.099
2259	ENSG00000230091	TMEM254-AS1	chr10	-	80056249	80056405	80056318	80056405	80053373	80053586	2259	3,3,2,0,4,1,0	5,2,4,2,7,1,1	0,1,1,2,1,0,0	2,3,10,7,2,2,1	168	99	0.000493325547988	0.0227345374331	0.261,0.469,0.228,0.0,0.252,0.371,0.0	0.0,0.164,0.056,0.144,0.228,0.0,0.0	0.141
2511	ENSG00000214548	MEG3	chr14	+	100829033	100829787	100829033	100829749	100831015	100831094	2511	92,63,91,33,114,50,58	3,3,10,2,10,5,9	92,118,89,113,86,104,84	60,5,15,45,9,23,14	137	99	4.92279298301e-05	0.00390349425986	0.957,0.938,0.868,0.923,0.892,0.878,0.823	0.526,0.945,0.811,0.645,0.873,0.766,0.813	0.129
2534	ENSG00000269293	ZSCAN16-AS1	chr6	-	28123081	28123211	28123083	28123211	28120512	28120676	2534	4,8,8,11,2,1,3	0,1,1,1,1,0,1	10,5,7,4,7,4,4	0,0,4,1,5,1,2	101	99	0.000544433412677	0.0242890665422	1.0,0.887,0.887,0.915,0.662,1.0,0.746	1.0,1.0,0.632,0.797,0.578,0.797,0.662	0.09
2613	ENSG00000127054	INTS11	chr1	-	1322891	1323287	1323180	1323287	1320995	1321093	2613	26,17,37,14,44,23,21	2,0,0,2,1,0,1	20,19,23,29,37,19,25	1,2,4,0,7,2,1	388	99	2.05427311736e-05	0.001914430377	0.768,1.0,1.0,0.641,0.918,1.0,0.843	0.836,0.708,0.595,1.0,0.574,0.708,0.864	0.126
2747	ENSG00000293311	SMPD4BP	chr2	+	131501357	131501508	131501357	131501419	131506356	131506442	2747	108,89,111,30,172,68,77	4,1,1,0,7,2,3	78,78,92,135,118,131,89	2,2,11,6,7,13,5	188	99	0.000370628188531	0.0183577686611	0.934,0.979,0.983,1.0,0.928,0.947,0.931	0.954,0.954,0.815,0.922,0.899,0.841,0.904	0.059
2762	ENSG00000181513	ACBD4	chr17	+	45135686	45136232	45135686	45135953	45136499	45136620	2762	224,164,187,154,223,146,181	2,1,2,1,2,2,2	256,198,229,194,185,229,226	3,6,14,6,2,1,9	378	99	2.76007574084e-05	0.00248032234968	0.967,0.977,0.961,0.976,0.967,0.95,0.96	0.957,0.896,0.811,0.894,0.96,0.984,0.868	0.055
2764	ENSG00000177082	WDR73	chr15	-	84645972	84646348	84646183	84646348	84645470	84645836	2764	190,155,270,167,192,201,318	70,56,88,60,78,56,63	185,145,124,177,147,163,151	134,103,120,154,71,98,134	310	99	1.03805852802e-13	1.3059814341e-10	0.464,0.469,0.495,0.471,0.44,0.534,0.617	0.306,0.31,0.248,0.268,0.398,0.347,0.265	0.193
2868	ENSG00000248309	MEF2C-AS1	chr5	+	89150723	89150777	89150723	89150773	89168249	89168680	2868	5,16,14,24,14,12,28	0,0,0,1,0,0,1	18,18,9,15,11,9,37	2,0,4,1,0,1,6	103	99	0.000571126213746	0.0252117154215	1.0,1.0,1.0,0.958,1.0,1.0,0.964	0.896,1.0,0.684,0.935,1.0,0.896,0.856	0.094
3120	ENSG00000290831	NSUN5P2	chr7	-	72948663	72948808	72948667	72948808	72948297	72948592	3120	3,3,5,2,5,8,6	0,1,0,0,0,0,0	4,4,11,5,13,5,1	1,0,1,7,4,1,3	103	99	3.59297465335e-07	6.95434063289e-05	1.0,0.742,1.0,1.0,1.0,1.0,1.0	0.794,1.0,0.914,0.407,0.758,0.828,0.243	0.257
3243	ENSG00000168216	LMBRD1	chr6	-	69708849	69709231	69709156	69709231	69701888	69701953	3243	14,13,50,35,29,24,30	0,2,1,2,3,5,0	16,18,42,34,27,25,21	1,0,0,1,0,0,2	406	99	8.64956484413e-05	0.00627728101254	1.0,0.613,0.924,0.81,0.702,0.539,1.0	0.796,1.0,1.0,0.892,1.0,1.0,0.719	-0.117
3320	ENSG00000170581	STAT2	chr12	-	56354989	56355351	56355275	56355351	56354777	56354863	3320	330,301,452,264,387,278,425	77,70,51,29,117,67,75	601,445,301,509,431,291,289	235,144,123,131,97,95,98	385	99	0.000171246057984	0.0104584789102	0.524,0.525,0.695,0.701,0.46,0.516,0.593	0.397,0.443,0.386,0.5,0.533,0.441,0.431	0.126
3321	ENSG00000170581	STAT2	chr12	-	56355088	56355351	56355275	56355351	56354777	56354863	3321	239,207,317,186,252,194,311	77,70,51,29,117,67,75	408,314,196,357,302,209,211	235,144,123,131,97,95,98	286	99	0.000344030990231	0.0173130155524	0.518,0.506,0.683,0.689,0.427,0.501,0.589	0.375,0.43,0.356,0.485,0.519,0.432,0.427	0.127
3330	ENSG00000113649	TCERG1	chr5	+	146482591	146482808	146482591	146482727	146483539	146483629	3330	78,51,51,39,56,51,66	326,180,194,106,292,103,146	26,56,45,39,44,61,59	156,251,277,216,224,304,265	180	99	2.65639063443e-05	0.00240432018502	0.116,0.135,0.126,0.168,0.095,0.214,0.199	0.084,0.109,0.082,0.09,0.098,0.099,0.109	0.055
3402	ENSG00000099956	SMARCB1	chr22	+	23800943	23801964	23800943	23801135	23803294	23803422	3402	122,222,218,182,207,420,312	11,16,16,18,21,25,30	91,163,140,209,209,156,95	31,25,26,27,19,13,15	928	99	0.000845762458433	0.0339491472477	0.542,0.597,0.592,0.519,0.513,0.642,0.526	0.238,0.41,0.365,0.452,0.54,0.561,0.403	0.137
3619	ENSG00000107862	GBF1	chr10	+	102376559	102376788	102376559	102376784	102376934	102377140	3619	10,4,8,9,19,11,10	2,1,0,0,2,0,2	13,9,10,15,17,6,12	4,5,1,5,2,0,0	103	99	0.000326729608194	0.0167544846149	0.828,0.794,1.0,1.0,0.901,1.0,0.828	0.758,0.634,0.906,0.743,0.891,1.0,1.0	0.06
3646	ENSG00000164877	MICALL2	chr7	-	1437433	1437608	1437534	1437608	1436741	1436856	3646	26,38,56,23,38,58,68	101,88,183,74,130,105,198	27,19,20,23,25,33,35	213,102,76,182,98,101,136	200	99	2.90229526012e-06	0.000354502686093	0.113,0.176,0.132,0.133,0.126,0.215,0.145	0.059,0.084,0.115,0.059,0.112,0.139,0.113	0.051
3806	ENSG00000297007	NA	chr11	-	65726919	65727470	65727232	65727470	65722095	65722924	3806	101,76,65,44,99,78,55	3,1,1,2,1,5,11	46,97,67,69,77,118,86	0,0,0,1,3,0,2	412	99	1.03303378862e-06	0.000160451828329	0.89,0.948,0.94,0.841,0.96,0.789,0.546	1.0,1.0,1.0,0.943,0.86,1.0,0.912	-0.114
3989	ENSG00000166770	ZNF667-AS1	chr19	+	56494162	56494347	56494162	56494342	56495047	56495437	3989	25,17,25,16,13,27,25	129,105,243,169,145,263,180	27,16,21,23,14,18,28	257,227,401,419,214,400,610	104	99	1.35237053223e-07	3.09348612109e-05	0.156,0.134,0.089,0.083,0.079,0.089,0.117	0.091,0.063,0.047,0.05,0.059,0.041,0.042	0.051
4107	ENSG00000079263	SP140	chr2	+	230244987	230245080	230244987	230245071	230245862	230245940	4107	1,2,2,3,2,2,3	0,0,0,0,1,2,3	2,0,0,4,1,6,2	0,6,1,4,2,0,2	108	99	0.000171198078761	0.0104584789102	1.0,1.0,1.0,1.0,0.647,0.478,0.478	1.0,0.0,0.0,0.478,0.314,1.0,0.478	0.333
4128	ENSG00000050426	LETMD1	chr12	+	51048326	51048518	51048326	51048371	51049033	51049185	4128	224,157,108,162,216,143,140	15,1,6,3,5,0,4	198,183,227,206,216,215,206	13,18,17,11,7,16,13	246	99	1.79623999149e-05	0.00169913498744	0.857,0.984,0.879,0.956,0.946,1.0,0.934	0.86,0.804,0.843,0.883,0.925,0.844,0.864	0.076
4143	ENSG00000293310	NA	chr10	+	122880670	122881012	122880670	122880739	122881597	122881667	4143	12,15,15,9,17,6,5	0,1,2,0,0,0,1	9,17,17,17,14,21,29	1,2,1,0,0,2,6	372	99	0.000272653219909	0.0145588319808	1.0,0.8,0.666,1.0,1.0,1.0,0.571	0.705,0.693,0.819,1.0,1.0,0.736,0.563	0.074
4153	ENSG00000047346	ATOSA	chr15	-	52587055	52587219	52587150	52587219	52584744	52584944	4153	70,109,85,98,90,156,154	93,30,62,40,67,16,43	66,100,62,66,88,70,46	56,50,78,83,58,111,65	194	99	0.000728075473789	0.030230750943	0.278,0.65,0.412,0.556,0.407,0.833,0.646	0.376,0.505,0.289,0.289,0.436,0.243,0.265	0.197
4269	ENSG00000271147	NA	chrX	+	102599705	102599859	102599705	102599847	102601879	102601977	4269	12,6,6,13,6,2,6	5,0,1,0,5,3,1	16,12,6,9,10,13,10	1,0,1,3,0,1,0	111	99	0.000403220349677	0.0193622718293	0.682,1.0,0.843,1.0,0.517,0.373,0.843	0.935,1.0,0.843,0.728,1.0,0.921,1.0	-0.167
4285	ENSG00000139998	RAB15	chr14	-	64950578	64951151	64951073	64951151	64950324	64950414	4285	805,1018,436,443,958,1173,970	635,793,369,387,787,552,608	563,821,828,467,868,1180,873	915,1047,999,739,941,1008,993	594	99	1.11022302463e-16	4.65590529096e-13	0.174,0.176,0.165,0.16,0.169,0.262,0.21	0.093,0.116,0.121,0.095,0.133,0.163,0.128	0.067
4286	ENSG00000139998	RAB15	chr14	-	64950942	64951151	64951073	64951151	64950324	64950414	4286	234,392,119,135,370,509,337	635,793,369,387,787,552,608	221,333,313,177,300,412,303	915,1047,999,739,941,1008,993	230	99	4.84819412394e-08	1.3259810929e-05	0.137,0.175,0.122,0.131,0.168,0.284,0.193	0.094,0.12,0.119,0.093,0.121,0.15,0.116	0.057
4502	ENSG00000213918	DNASE1	chr16	+	3657719	3657867	3657719	3657816	3662645	3662804	4502	73,36,31,16,47,40,38	0,1,3,0,4,0,0	25,42,57,39,47,51,49	0,1,6,4,6,2,7	150	99	3.07297731115e-05	0.00268480052442	1.0,0.96,0.872,1.0,0.886,1.0,1.0	1.0,0.965,0.862,0.866,0.838,0.944,0.822	0.06
4538	ENSG00000129187	DCTD	chr4	-	182916285	182916539	182916418	182916539	182915880	182915888	4538	39,37,32,21,51,54,43	35,34,27,14,43,20,25	27,29,38,34,42,50,34	40,43,51,36,43,40,48	232	99	0.00142850642363	0.0487047135927	0.322,0.317,0.336,0.39,0.336,0.535,0.423	0.224,0.223,0.241,0.287,0.294,0.348,0.232	0.116
4620	ENSG00000283503	LINC01902	chr18	+	39865768	39866037	39865768	39865911	39867128	39867374	4620	3,2,5,0,11,4,5	4,3,1,1,6,0,0	8,1,3,8,7,4,5	0,2,2,1,0,0,0	225	99	0.00027656341567	0.0146811997154	0.248,0.227,0.688,0.0,0.446,1.0,1.0	1.0,0.18,0.398,0.779,1.0,1.0,1.0	-0.25
4764	ENSG00000285756	NA	chrX	-	3826484	3826729	3826600	3826729	3818656	3818703	4764	11,15,25,11,32,23,18	0,0,0,1,0,0,0	24,8,16,32,6,20,17	1,3,5,2,0,1,2	215	99	3.40761356177e-06	0.000404445153025	1.0,1.0,1.0,0.835,1.0,1.0,1.0	0.917,0.551,0.596,0.88,1.0,0.902,0.796	0.17
4790	ENSG00000213963	NA	chr2	-	177323084	177323373	177323238	177323373	177311232	177311328	4790	18,23,15,12,15,12,9	1,0,1,0,2,0,1	18,26,15,28,21,16,10	0,6,1,5,4,3,4	253	99	5.22229924971e-07	9.38596383723e-05	0.876,1.0,0.854,1.0,0.746,1.0,0.779	1.0,0.629,0.854,0.687,0.673,0.676,0.495	0.177
4816	ENSG00000214078	CPNE1	chr20	-	35632162	35632385	35632310	35632385	35631944	35632025	4816	305,291,278,254,301,285,352	34,21,56,37,45,65,34	427,335,357,303,325,327,341	34,36,31,27,31,27,35	247	99	0.00145257744386	0.0493915589762	0.782,0.847,0.666,0.733,0.728,0.637,0.806	0.834,0.789,0.822,0.818,0.808,0.829,0.796	-0.071
5110	ENSG00000233639	PANTR1	chr2	-	104745850	104747151	104746738	104747151	104741056	104742033	5110	84,85,60,72,117,79,84	0,0,0,0,3,1,4	102,61,76,78,41,54,117	0,1,2,6,2,1,0	987	99	0.000743807680853	0.0305263601222	1.0,1.0,1.0,1.0,0.796,0.888,0.678	1.0,0.86,0.792,0.566,0.673,0.844,1.0	0.09
5261	ENSG00000293477	CRYZL2P	chr1	-	178026142	178026255	178026154	178026255	178022439	178022668	5261	1,0,0,0,2,1,0	4,3,14,1,9,2,5	2,2,1,0,4,3,3	0,3,3,3,2,4,2	111	99	3.31532979958e-08	1.01732107826e-05	0.182,0.0,0.0,0.0,0.165,0.308,0.0	1.0,0.373,0.229,0.0,0.641,0.401,0.572	-0.366
5310	ENSG00000251209	LINC00923	chr15	-	97427650	97427952	97427842	97427952	97397656	97397740	5310	14,8,12,21,24,28,16	0,0,0,0,0,0,0	39,13,21,12,17,28,32	3,0,1,3,2,2,3	291	99	9.79080550856e-07	0.000155099763025	1.0,1.0,1.0,1.0,1.0,1.0,1.0	0.816,1.0,0.877,0.576,0.743,0.826,0.784	0.197
5765	ENSG00000255545	B3GAT1-DT	chr11	+	134469486	134469601	134469486	134469531	134480844	134480911	5765	13,2,6,3,12,2,5	0,0,1,0,1,1,0	7,5,12,5,7,18,11	2,1,6,0,5,0,0	169	99	3.94880564215e-05	0.00331199491893	1.0,1.0,0.779,1.0,0.875,0.54,1.0	0.672,0.745,0.54,1.0,0.451,1.0,1.0	0.112
5811	ENSG00000128159	TUBGCP6	chr22	-	50220191	50221874	50220250	50221874	50219956	50220015	5811	169,176,296,138,273,223,276	109,67,72,60,105,76,79	251,190,163,188,213,214,144	150,130,129,120,96,86,100	158	99	0.000137557879796	0.00875826551561	0.493,0.622,0.72,0.59,0.62,0.648,0.686	0.512,0.478,0.442,0.495,0.582,0.609,0.474	0.112
5829	ENSG00000169981	ZNF35	chr3	+	44648740	44648834	44648740	44648811	44650943	44651259	5829	3,8,2,1,4,2,12	1,6,2,0,2,2,0	3,6,3,11,2,0,4	0,0,2,0,1,1,0	122	99	0.000715978888547	0.0300257679894	0.709,0.52,0.448,1.0,0.619,0.448,1.0	1.0,1.0,0.549,1.0,0.619,0.0,1.0	-0.061
6013	ENSG00000197603	CPLANE1	chr5	-	37139339	37142480	37142309	37142480	37138719	37138848	6013	174,118,166,93,208,144,161	0,0,0,0,0,2,2	116,249,156,178,149,205,299	8,10,0,0,2,2,8	3069	99	6.0751491171e-08	1.52862902084e-05	1.0,1.0,1.0,1.0,1.0,0.699,0.722	0.319,0.445,1.0,1.0,0.706,0.768,0.547	0.234
6186	ENSG00000266578	NA	chr18	+	3326543	3326731	3326543	3326646	3330839	3330984	6186	2,8,8,4,4,4,3	0,1,0,1,0,0,2	0,5,4,4,3,1,4	2,0,1,1,2,0,3	184	99	0.00124503804062	0.0439995044636	1.0,0.811,1.0,0.683,1.0,1.0,0.447	0.0,1.0,0.683,0.683,0.447,1.0,0.418	0.244
6202	ENSG00000255931	NA	chr11	+	61499762	61499881	61499762	61499835	61505761	61506649	6202	2,4,3,4,2,4,7	7,4,18,22,5,13,10	2,4,0,0,0,2,1	12,19,4,5,1,6,12	145	99	0.00108131396085	0.0400128480344	0.163,0.406,0.102,0.11,0.215,0.174,0.323	0.102,0.126,0.0,0.0,0.0,0.185,0.054	0.147
6280	ENSG00000183426	NPIPA1	chr16	+	14948929	14949936	14948929	14949037	14950049	14950110	6280	126,140,146,104,217,157,257	6,1,3,1,3,0,2	123,109,131,288,98,82,114	11,8,6,4,2,5,2	998	99	0.000308965568088	0.016129028266	0.676,0.933,0.828,0.912,0.878,1.0,0.927	0.526,0.575,0.684,0.877,0.829,0.619,0.85	0.171
6309	ENSG00000291203	NA	chr4	+	119528739	119528867	119528739	119528789	119551887	119552025	6309	9,13,5,5,16,12,5	1,0,0,0,0,2,0	6,17,11,6,4,11,7	3,2,5,0,3,4,2	177	99	8.72931504858e-10	4.22398125485e-07	0.834,1.0,1.0,1.0,1.0,0.77,1.0	0.528,0.826,0.552,1.0,0.427,0.606,0.662	0.286
6348	ENSG00000132950	ZMYM5	chr13	-	19851354	19852190	19851688	19852190	19835476	19835689	6348	128,42,53,37,76,49,67	1,6,1,2,4,0,3	32,45,35,39,57,61,42	1,0,1,2,0,0,0	433	99	2.79953716887e-05	0.00249794163983	0.967,0.615,0.924,0.809,0.813,1.0,0.836	0.88,1.0,0.889,0.817,1.0,1.0,1.0	-0.089
6380	ENSG00000119979	DENND10	chr10	+	119104763	119105022	119104763	119105006	119107967	119108164	6380	3,2,7,4,5,11,6	1,7,0,2,2,0,1	15,6,10,17,5,4,9	1,1,3,0,0,0,0	115	99	0.000455617745137	0.0213366353306	0.721,0.197,1.0,0.633,0.683,1.0,0.838	0.928,0.838,0.742,1.0,1.0,1.0,1.0	-0.205
6416	ENSG00000134532	SOX5	chr12	-	23895792	23896024	23895897	23896024	23845982	23846193	6416	56,47,22,14,59,35,32	1,1,3,1,1,0,2	8,51,34,35,36,45,57	2,10,2,9,5,4,4	204	99	1.28324966764e-06	0.00018772748917	0.965,0.958,0.781,0.872,0.966,1.0,0.886	0.66,0.712,0.892,0.654,0.777,0.845,0.874	0.145
6562	ENSG00000188243	COMMD6	chr13	-	75537498	75537675	75537663	75537675	75530310	75530408	6562	17,18,29,17,16,33,7	0,2,4,2,0,3,3	32,18,27,24,26,40,24	2,2,0,0,0,1,0	264	99	2.8205513608e-06	0.000351340165052	1.0,0.771,0.731,0.761,1.0,0.805,0.467	0.857,0.771,1.0,1.0,1.0,0.938,1.0	-0.147
6685	ENSG00000162066	AMDHD2	chr16	+	2528451	2528718	2528451	2528559	2528993	2529095	6685	137,105,227,156,209,166,194	15,17,24,7,15,12,14	233,207,258,274,245,204,275	27,32,55,37,32,29,55	258	99	4.1643309845e-05	0.0034468057971	0.778,0.703,0.784,0.895,0.842,0.841,0.842	0.768,0.713,0.643,0.74,0.746,0.73,0.657	0.098
6807	ENSG00000142512	SIGLEC10	chr19	-	51415897	51416357	51416309	51416357	51415567	51415615	6807	58,42,14,11,27,59,38	0,5,0,0,1,5,1	70,74,49,66,19,61,48	0,3,0,0,0,2,0	511	99	0.00106790258177	0.0397493561575	1.0,0.619,1.0,1.0,0.84,0.696,0.88	1.0,0.827,1.0,1.0,1.0,0.855,1.0	-0.092
6907	ENSG00000147687	TATDN1	chr8	-	124518741	124518881	124518817	124518881	124515886	124516030	6907	73,58,68,70,44,82,56	130,143,129,115,159,93,134	73,84,75,69,50,59,65	286,203,214,173,157,211,174	175	99	0.000388695572355	0.0190637772543	0.241,0.187,0.23,0.256,0.135,0.333,0.191	0.126,0.19,0.165,0.184,0.153,0.137,0.174	0.063
7088	ENSG00000092931	MFSD11	chr17	+	76754046	76754204	76754046	76754087	76767385	76767451	7088	19,6,16,12,7,20,15	64,65,61,58,84,45,48	12,11,8,3,8,4,7	68,102,97,70,66,84,103	216	99	8.40950977077e-07	0.000141066723235	0.12,0.041,0.107,0.087,0.037,0.169,0.125	0.075,0.047,0.036,0.019,0.053,0.021,0.03	0.058
7121	ENSG00000167419	LPO	chr17	+	58242977	58244081	58242977	58243055	58247477	58247638	7121	38,10,29,24,46,31,31	0,0,2,0,2,0,0	57,41,40,48,49,40,77	0,3,0,5,1,1,3	1125	99	2.37868816433e-06	0.000311732039536	1.0,1.0,0.561,1.0,0.669,1.0,1.0	1.0,0.546,1.0,0.458,0.812,0.779,0.693	0.135
7168	ENSG00000072518	MARK2	chr11	+	63906087	63907567	63906087	63906114	63908259	63908304	7168	186,187,369,112,285,176,377	10,2,9,5,15,3,5	168,168,191,339,195,145,127	5,9,16,20,16,12,14	1552	99	0.00038942776841	0.0190637772543	0.543,0.856,0.723,0.588,0.548,0.789,0.828	0.682,0.544,0.432,0.52,0.437,0.435,0.367	0.208
7295	ENSG00000177542	SLC25A22	chr11	-	796042	796237	796113	796237	794986	795169	7295	86,138,102,71,132,95,140	2,2,1,0,0,0,2	170,215,150,110,114,96,205	58,0,0,36,1,0,0	170	99	2.49893528803e-06	0.000320807192436	0.962,0.976,0.983,1.0,1.0,1.0,0.976	0.631,1.0,1.0,0.64,0.985,1.0,1.0	0.092
7568	ENSG00000144559	TAMM41	chr3	-	11817079	11817337	11817191	11817337	11810775	11810897	7568	5,4,14,1,12,4,5	0,0,2,2,0,0,1	7,6,8,10,2,8,3	1,1,3,2,1,1,6	211	99	4.39562479748e-05	0.00359888181354	1.0,1.0,0.767,0.19,1.0,1.0,0.701	0.767,0.738,0.556,0.701,0.484,0.79,0.19	0.205
7592	ENSG00000006282	SPATA20	chr17	+	50547719	50547954	50547719	50547767	50548042	50548161	7592	119,37,10,5,16,65,6	0,0,2,1,2,0,2	5,75,5,12,88,7,6	5,1,2,6,1,3,1	286	99	7.67671022898e-05	0.00578327493358	1.0,1.0,0.634,0.634,0.735,1.0,0.509	0.257,0.963,0.464,0.409,0.968,0.447,0.675	0.19
7669	ENSG00000232480	TGFB2-AS1	chr1	-	218345125	218345388	218345174	218345388	218344189	218344462	7669	4,3,5,4,4,2,5	4,3,4,7,6,5,2	14,5,1,11,2,4,12	2,1,5,0,2,0,0	148	99	0.000112354717239	0.00751880158289	0.401,0.401,0.455,0.277,0.308,0.211,0.626	0.824,0.77,0.118,1.0,0.401,1.0,1.0	-0.348
7977	ENSG00000106477	CEP41	chr7	-	130426628	130426759	130426645	130426759	130416918	130416966	7977	2,0,0,2,5,1,2	1,3,1,1,0,0,0	3,4,0,0,0,2,3	1,1,7,2,3,4,1	116	99	0.000445957392068	0.0210134455041	0.631,0.0,0.0,0.631,1.0,1.0,1.0	0.719,0.773,0.0,0.0,0.0,0.299,0.719	0.25
7980	ENSG00000135297	MTO1	chr6	+	73461730	73462071	73461730	73461794	73466208	73466408	7980	189,219,115,80,239,181,178	8,2,3,4,4,8,5	189,237,224,254,188,225,218	12,9,17,15,14,11,8	376	99	0.000334633972655	0.0169759274596	0.862,0.966,0.91,0.84,0.94,0.856,0.904	0.806,0.874,0.776,0.817,0.78,0.843,0.878	0.072
7981	ENSG00000135297	MTO1	chr6	+	73461736	73462173	73461736	73461794	73466208	73466408	7981	132,143,82,59,165,133,135	8,2,3,4,4,8,5	140,167,154,182,144,147,138	12,9,17,15,14,11,8	478	99	0.000611362438337	0.0267067737386	0.774,0.937,0.85,0.753,0.895,0.775,0.848	0.707,0.794,0.652,0.715,0.681,0.735,0.781	0.11
8323	ENSG00000187266	EPOR	chr19	-	11382846	11383232	11383096	11383232	11381929	11382105	8323	13,22,41,17,49,23,80	0,2,1,5,2,1,9	26,10,27,59,16,17,31	2,0,1,0,0,0,1	349	99	2.96965600555e-07	6.22687370097e-05	1.0,0.757,0.921,0.491,0.874,0.867,0.716	0.787,1.0,0.885,1.0,1.0,1.0,0.898	-0.135
8761	ENSG00000178971	CTC1	chr17	-	8228724	8228892	8228726	8228892	8228502	8228629	8761	8,10,15,20,17,27,32	66,76,85,65,147,105,101	33,14,8,20,3,7,14	177,102,91,139,97,106,111	101	99	0.00139504497708	0.0478230541053	0.106,0.114,0.147,0.232,0.102,0.201,0.237	0.155,0.119,0.079,0.124,0.029,0.061,0.11	0.066
8919	ENSG00000088179	PTPN4	chr2	+	119915178	119916690	119915178	119915242	119932423	119932549	8919	3,3,7,5,16,4,8	0,1,0,0,0,1,2	9,4,9,13,13,3,15	1,0,0,3,3,4,0	1547	99	0.00134180859663	0.0463771811929	1.0,0.161,1.0,1.0,1.0,0.204,0.204	0.365,1.0,1.0,0.217,0.217,0.046,1.0	0.103
8988	ENSG00000197062	ZSCAN26	chr6	+	28271853	28272336	28271853	28271934	28272669	28272787	8988	252,289,399,252,426,381,492	33,59,29,9,52,18,32	131,343,267,295,306,314,172	45,58,38,61,34,47,42	501	99	0.000142192305196	0.00898955473201	0.601,0.492,0.731,0.847,0.618,0.807,0.752	0.365,0.539,0.581,0.489,0.64,0.569,0.447	0.174
8989	ENSG00000197062	ZSCAN26	chr6	+	28271853	28272339	28271853	28271934	28272669	28272787	8989	279,328,442,273,488,460,545	33,59,29,9,52,18,32	160,387,299,334,355,339,194	45,58,38,61,34,47,42	504	99	9.71076493699e-05	0.00671269965232	0.624,0.522,0.75,0.856,0.648,0.834,0.77	0.411,0.567,0.607,0.518,0.672,0.586,0.476	0.167
9014	ENSG00000122966	CIT	chr12	-	119784188	119785065	119784959	119785065	119783907	119784051	9014	1324,772,199,164,891,607,378	260,322,86,44,302,244,217	393,1029,779,662,775,1521,958	104,271,173,144,199,304,190	870	99	2.36293064282e-06	0.000311732039536	0.367,0.214,0.208,0.298,0.251,0.221,0.165	0.301,0.302,0.339,0.343,0.307,0.363,0.365	-0.085
9020	ENSG00000166888	STAT6	chr12	-	57109940	57110110	57110042	57110110	57108162	57108299	9020	12,5,7,4,20,4,8	0,3,0,0,1,0,0	23,18,7,14,8,3,20	3,1,3,4,0,1,0	201	99	0.00119265768477	0.0429937717252	1.0,0.451,1.0,1.0,0.908,1.0,1.0	0.791,0.899,0.535,0.633,1.0,0.596,1.0	0.129
9045	ENSG00000214719	NA	chr17	+	30600413	30601012	30600413	30600916	30607551	30607665	9045	35,31,36,47,30,51,41	3,4,8,1,2,0,1	32,31,47,61,59,56,53	18,6,9,15,3,7,7	195	99	0.000327362666383	0.0167544846149	0.856,0.797,0.696,0.96,0.884,1.0,0.954	0.474,0.724,0.726,0.674,0.909,0.802,0.794	0.149
9259	ENSG00000168026	TTC21A	chr3	+	39118068	39118177	39118068	39118153	39119921	39120020	9259	0,0,0,0,0,3,0	9,2,15,2,16,5,6	2,0,1,6,1,2,1	9,12,9,10,6,20,4	123	99	0.000790226673655	0.0320704573589	0.0,0.0,0.0,0.0,0.0,0.326,0.0	0.152,0.0,0.082,0.326,0.118,0.074,0.168	-0.085
9292	ENSG00000119778	ATAD2B	chr2	-	23786026	23786223	23786041	23786223	23782868	23783028	9292	12,9,9,2,10,6,10	4,0,2,0,1,0,0	2,5,12,7,7,11,2	1,4,0,0,2,3,5	114	99	0.0004022823051	0.0193622718293	0.723,1.0,0.796,1.0,0.897,1.0,1.0	0.635,0.521,1.0,1.0,0.752,0.761,0.258	0.213
9469	ENSG00000161513	FDXR	chr17	-	74872768	74872968	74872865	74872968	74872035	74872133	9469	12,12,15,16,17,9,23	18,21,19,9,29,15,39	14,15,8,13,11,8,8	33,28,35,34,26,26,32	196	99	0.00126139736088	0.0443286039029	0.252,0.224,0.285,0.473,0.228,0.233,0.23	0.176,0.213,0.104,0.162,0.176,0.135,0.112	0.121
9626	ENSG00000288768	NA	chr13	+	53432147	53432423	53432147	53432260	53468569	53468743	9626	5,2,12,8,11,3,10	2,0,0,6,2,2,5	10,8,31,15,7,5,22	0,0,3,0,0,1,0	262	99	1.3809116739e-08	4.96378564838e-06	0.486,1.0,1.0,0.335,0.675,0.362,0.43	1.0,1.0,0.796,1.0,1.0,0.654,1.0	-0.309
9669	ENSG00000224078	SNHG14	chr15	+	25053827	25054866	25053827	25053967	25054969	25055230	9669	38,40,36,4,29,30,16	0,3,0,0,2,0,0	18,45,15,28,25,28,37	0,3,0,4,2,1,1	998	99	3.89428377385e-05	0.0032881868563	1.0,0.569,1.0,1.0,0.59,1.0,1.0	1.0,0.598,1.0,0.41,0.554,0.735,0.786	0.154
9711	ENSG00000259964	THSD4-AS1	chr15	-	71185404	71185506	71185424	71185506	71182532	71184212	9711	1,1,0,1,2,0,1	1,0,5,1,4,2,2	2,1,3,2,1,2,1	1,2,3,2,0,1,1	119	99	0.000565333578853	0.0250438794209	0.454,1.0,0.0,0.454,0.294,0.0,0.294	0.625,0.294,0.454,0.454,1.0,0.625,0.454	-0.201
9713	ENSG00000236404	VLDLR-AS1	chr9	-	2493074	2493425	2493239	2493425	2425396	2425540	9713	4,16,11,12,12,17,10	0,1,0,0,2,0,0	5,7,24,9,15,19,12	0,0,1,6,3,6,1	264	99	2.38323552004e-08	7.49587151941e-06	1.0,0.857,1.0,1.0,0.692,1.0,1.0	1.0,1.0,0.9,0.36,0.652,0.543,0.818	0.182
9810	ENSG00000291100	NA	chr20	-	28602319	28602763	28602608	28602763	28600391	28600461	9810	6,5,6,5,2,2,3	37,64,26,13,38,13,30	3,77,9,48,5,73,8	62,43,48,61,47,63,39	388	99	4.07285735138e-08	1.15968630952e-05	0.04,0.02,0.056,0.089,0.013,0.038,0.025	0.012,0.314,0.046,0.167,0.026,0.228,0.05	-0.08
9812	ENSG00000291100	NA	chr20	-	28602319	28602843	28602608	28602843	28601602	28601756	9812	6,6,3,6,2,2,3	99,112,88,22,69,17,54	3,89,9,66,8,85,11	89,138,114,73,119,144,110	388	99	1.11022302463e-15	2.32795264548e-12	0.015,0.013,0.009,0.065,0.007,0.029,0.014	0.009,0.141,0.02,0.187,0.017,0.131,0.025	-0.054
10081	ENSG00000106278	PTPRZ1	chr7	+	122010333	122013889	122010333	122011309	122019123	122019268	10081	5386,5162,2930,605,5393,1708,6436	67,81,51,19,96,55,160	1603,4484,4741,8494,2878,3451,4466	21,29,27,97,35,37,63	2679	99	5.17711031933e-07	9.38596383723e-05	0.748,0.702,0.68,0.541,0.675,0.534,0.598	0.738,0.851,0.866,0.764,0.752,0.775,0.724	-0.142
10513	ENSG00000140522	RLBP1	chr15	-	89219736	89219859	89219795	89219859	89218963	89219075	10513	15,28,24,40,21,11,63	0,0,1,4,2,1,2	36,12,17,88,13,15,38	3,2,6,19,3,2,6	158	99	2.12487491102e-06	0.000287452164038	1.0,1.0,0.938,0.862,0.868,0.873,0.952	0.883,0.79,0.64,0.744,0.731,0.825,0.799	0.154
10534	ENSG00000181929	PRKAG1	chr12	-	49018523	49018748	49018731	49018748	49013061	49013110	10534	102,95,85,120,92,156,115	198,163,152,121,174,110,145	157,87,104,72,80,125,115	234,251,253,232,211,215,211	307	99	1.13427749056e-05	0.0011416276087	0.142,0.158,0.153,0.242,0.146,0.314,0.204	0.178,0.101,0.117,0.091,0.109,0.158,0.149	0.065
10691	ENSG00000248455	LINC02217	chr5	+	17404043	17404592	17404043	17404320	17441007	17441082	10691	124,71,49,98,84,36,55	0,1,0,1,1,0,0	95,73,122,108,129,106,108	4,0,0,5,2,1,4	371	99	0.000340048882214	0.0171813453299	1.0,0.95,1.0,0.963,0.957,1.0,1.0	0.864,1.0,1.0,0.852,0.945,0.966,0.878	0.052
10695	ENSG00000118518	RNF146	chr6	+	127266863	127267044	127266863	127266925	127280230	127280340	10695	185,154,113,102,180,141,146	66,62,59,51,90,65,68	83,159,129,147,148,172,160	48,100,91,123,90,80,97	218	99	0.000767869007542	0.0313654544931	0.56,0.53,0.465,0.476,0.476,0.496,0.494	0.44,0.419,0.392,0.352,0.428,0.494,0.428	0.078
10758	ENSG00000291096	NA	chr3	-	125933547	125933696	125933574	125933696	125932649	125932709	10758	0,0,0,0,0,0,0	14,7,24,9,13,14,10	5,1,1,0,3,4,2	14,20,7,26,11,10,30	126	99	4.40527620448e-05	0.00359888181354	0.0,0.0,0.0,0.0,0.0,0.0,0.0	0.219,0.038,0.101,0.0,0.176,0.239,0.05	-0.118
10764	ENSG00000167595	PROSER3	chr19	+	35762252	35762477	35762252	35762356	35764853	35764936	10764	30,17,12,15,20,23,14	30,16,19,9,32,11,28	9,19,6,20,16,5,9	37,26,38,46,26,40,33	220	99	7.67263790569e-06	0.000818046249928	0.31,0.323,0.221,0.429,0.22,0.485,0.184	0.099,0.247,0.066,0.164,0.217,0.053,0.109	0.174
10924	ENSG00000177133	PRDM16-DT	chr1	-	3060500	3061331	3061106	3061331	3060229	3060283	10924	109,325,558,203,233,225,446	12,33,67,24,19,48,55	406,168,189,828,93,123,278	36,11,3,40,10,5,18	705	99	8.74906709257e-05	0.00628982931952	0.561,0.58,0.539,0.543,0.633,0.397,0.532	0.613,0.682,0.898,0.744,0.566,0.776,0.684	-0.168
10980	ENSG00000293541	NA	chr6	+	109337395	109337939	109337395	109337449	109338447	109338615	10980	14,11,17,15,9,14,16	0,1,0,1,1,1,0	21,15,15,15,13,14,14	1,3,3,1,2,2,2	589	99	4.61531772911e-07	8.53901652205e-05	1.0,0.649,1.0,0.716,0.602,0.702,1.0	0.779,0.457,0.457,0.716,0.522,0.541,0.541	0.237
10990	ENSG00000291186	NA	chr11	+	71789782	71789986	71789782	71789845	71791738	71791819	10990	6,10,4,5,3,2,7	0,0,0,0,3,0,0	13,4,8,5,6,10,6	0,1,14,8,0,0,0	240	99	0.0013301109313	0.0462268663721	1.0,1.0,1.0,1.0,0.292,1.0,1.0	1.0,0.623,0.191,0.205,1.0,1.0,1.0	0.182
10998	ENSG00000188039	NWD1	chr19	+	16744420	16745147	16744420	16744718	16749138	16750411	10998	4,7,10,4,2,17,13	7,16,13,7,12,15,54	1,2,0,3,2,2,7	15,4,5,16,8,9,20	528	99	0.0010405482022	0.039431135337	0.097,0.076,0.126,0.097,0.03,0.175,0.043	0.012,0.086,0.0,0.034,0.045,0.04,0.062	0.052
11135	ENSG00000138303	ASCC1	chr10	-	72215781	72216109	72215835	72216109	72213186	72213331	11135	55,51,53,54,75,57,66	29,27,0,0,0,0,0	33,82,79,148,87,101,53	0,0,0,0,0,0,0	153	99	3.79022977004e-07	7.11714637864e-05	0.551,0.55,1.0,1.0,1.0,1.0,1.0	1.0,1.0,1.0,1.0,1.0,1.0,1.0	-0.128
11233	ENSG00000188732	FAM221A	chr7	+	23692182	23694913	23692182	23692253	23698191	23698299	11233	270,142,382,57,219,34,131	4,2,7,2,0,0,6	93,124,93,215,128,262,88	1,1,2,1,0,0,0	2759	99	2.71254028938e-06	0.000344711811926	0.708,0.718,0.662,0.506,1.0,1.0,0.439	0.769,0.816,0.625,0.885,1.0,1.0,1.0	-0.152
11261	ENSG00000121988	ZRANB3	chr2	-	135227811	135228015	135227817	135228015	135224425	135224517	11261	10,19,22,15,25,14,29	3,0,0,2,1,1,1	10,25,16,24,16,29,23	2,5,4,3,5,2,2	105	99	0.000290523393218	0.0152932000422	0.759,1.0,1.0,0.876,0.959,0.93,0.965	0.825,0.825,0.79,0.883,0.751,0.932,0.916	0.081
11334	ENSG00000163608	NEPRO	chr3	-	113013948	113014032	113013952	113014032	113011044	113011406	11334	0,0,1,0,0,0,0	3,12,1,4,7,1,9	3,2,3,2,0,4,3	6,11,12,12,13,5,9	103	99	3.10498956213e-07	6.30062478728e-05	0.0,0.0,0.49,0.0,0.0,0.0,0.0	0.325,0.149,0.194,0.138,0.0,0.435,0.243	-0.142
11351	ENSG00000225697	SLC26A6	chr3	-	48631648	48631801	48631762	48631801	48631223	48631306	11351	28,31,43,36,56,39,41	0,1,3,2,0,0,2	68,43,30,57,46,36,36	1,1,5,4,2,2,6	213	99	0.000512144912202	0.0232548415118	1.0,0.935,0.869,0.893,1.0,1.0,0.905	0.969,0.952,0.736,0.869,0.914,0.893,0.736	0.076
11396	ENSG00000116198	CEP104	chr1	-	3829132	3829373	3829265	3829373	3828884	3828971	11396	17,11,11,11,14,11,15	0,0,1,0,1,0,1	4,8,7,10,10,6,14	1,3,0,2,4,1,0	232	99	9.03056633876e-05	0.00641884492135	1.0,1.0,0.824,1.0,0.857,1.0,0.865	0.631,0.532,1.0,0.681,0.516,0.719,1.0	0.21
11397	ENSG00000116198	CEP104	chr1	-	3836494	3837519	3837291	3837519	3834924	3835092	11397	231,210,181,130,242,148,197	8,1,9,2,1,4,10	187,282,263,229,231,228,252	2,2,1,1,3,1,0	896	99	7.48967244779e-07	0.000127334552791	0.761,0.959,0.69,0.878,0.964,0.803,0.685	0.912,0.94,0.967,0.962,0.895,0.962,1.0	-0.128
11621	ENSG00000270240	NA	chr17	+	35884381	35884533	35884381	35884460	35884686	35884779	11621	5,2,9,4,8,14,14	0,1,2,1,3,3,2	12,3,8,10,1,3,10	3,1,0,1,0,0,0	172	99	0.000616987207907	0.0268592251304	1.0,0.535,0.721,0.697,0.606,0.729,0.801	0.697,0.633,1.0,0.852,1.0,1.0,1.0	-0.156
11631	ENSG00000164039	BDH2	chr4	-	103085348	103086540	103086479	103086540	103082870	103082929	11631	434,586,993,989,651,487,1019	1,1,1,13,3,12,9	791,397,487,1673,488,392,485	0,1,0,6,1,0,2	1230	99	1.18059112419e-06	0.00017682163016	0.972,0.979,0.988,0.86,0.946,0.766,0.901	1.0,0.97,1.0,0.957,0.975,1.0,0.951	-0.063
11733	ENSG00000107959	PITRM1	chr10	-	3171760	3172782	3172181	3172782	3170103	3170206	11733	4,1,2,2,10,4,2	3,0,0,0,0,1,1	2,1,2,0,15,7,0	7,7,6,2,2,8,6	520	99	1.22912515345e-05	0.00120809559028	0.202,1.0,1.0,1.0,1.0,0.432,0.276	0.052,0.026,0.06,0.0,0.588,0.143,0.0	0.577
11796	ENSG00000177410	ZFAS1	chr20	+	49280484	49280964	49280484	49280570	49289044	49289260	11796	351,323,495,709,438,490,390	74,94,133,160,92,119,100	876,453,461,468,444,384,505	96,78,85,97,66,50,87	493	99	3.76613662634e-06	0.000438720045333	0.488,0.408,0.428,0.471,0.489,0.453,0.439	0.647,0.538,0.521,0.492,0.575,0.607,0.538	-0.106
11842	ENSG00000100744	GSKIP	chr14	+	96379687	96379788	96379687	96379755	96382246	96382505	11842	242,257,94,194,265,109,219	3,1,81,0,1,76,0	177,368,346,298,361,346,355	0,0,0,0,0,0,2	132	99	1.43419449528e-06	0.000205570988775	0.984,0.995,0.465,1.0,0.995,0.518,1.0	1.0,1.0,1.0,1.0,1.0,1.0,0.993	-0.148
12006	ENSG00000227888	FAM66A	chr8	+	12441587	12442285	12441587	12442225	12444755	12444894	12006	5,28,16,6,14,5,12	1,1,2,5,7,5,3	14,23,24,9,12,9,22	0,0,1,1,5,3,0	159	99	0.000868190578801	0.0345655242781	0.757,0.946,0.833,0.428,0.555,0.384,0.714	1.0,1.0,0.937,0.849,0.599,0.651,1.0	-0.203
12066	ENSG00000004975	DVL2	chr17	-	7230045	7230155	7230057	7230155	7229807	7229943	12066	114,114,114,75,112,82,130	19,29,44,24,34,15,20	86,105,78,130,92,102,102	34,36,30,53,42,36,38	111	99	0.00062213172732	0.0268849904416	0.843,0.778,0.698,0.736,0.746,0.83,0.853	0.693,0.722,0.699,0.686,0.661,0.716,0.705	0.086
12099	ENSG00000225889	NA	chr2	+	64251118	64251337	64251118	64251263	64251800	64251983	12099	8,15,35,10,12,2,5	0,0,0,0,0,0,0	5,15,19,27,28,17,19	0,5,0,2,0,2,4	173	99	0.000213150723846	0.0122538719473	1.0,1.0,1.0,1.0,1.0,1.0,1.0	1.0,0.632,1.0,0.885,1.0,0.829,0.731	0.132
12134	ENSG00000197530	MIB2	chr1	+	1623388	1623699	1623388	1623482	1623773	1623945	12134	591,646,433,326,807,772,721	61,29,30,33,59,11,17	575,441,627,621,555,740,680	43,36,59,58,60,53,68	316	99	0.000152654380512	0.0095549490608	0.752,0.875,0.819,0.756,0.811,0.956,0.93	0.807,0.793,0.769,0.77,0.743,0.814,0.758	0.064
12135	ENSG00000197530	MIB2	chr1	+	1623430	1623679	1623430	1623482	1623773	1623945	12135	383,382,259,211,478,440,424	61,29,30,33,59,11,17	300,236,337,342,309,428,487	43,36,59,58,60,53,68	296	99	0.00013783773723	0.00875826551561	0.677,0.815,0.743,0.681,0.73,0.93,0.893	0.7,0.687,0.656,0.664,0.633,0.73,0.705	0.099
12260	ENSG00000288930	NA	chr5	+	784824	785054	784824	784912	785412	786286	12260	39,13,82,43,51,54,54	0,0,0,0,3,0,1	90,54,77,294,122,37,383	1,5,6,41,2,0,14	241	99	4.97890240148e-09	1.95748659728e-06	1.0,1.0,1.0,1.0,0.875,1.0,0.957	0.974,0.816,0.841,0.747,0.962,1.0,0.918	0.082
12302	ENSG00000291137	GBA1LP	chr1	-	155218366	155218479	155218387	155218479	155217963	155218049	12302	14,20,19,14,25,18,33	19,8,12,13,37,15,16	34,15,21,60,26,22,12	32,31,32,122,50,44,40	120	99	0.000239935524488	0.0134161281493	0.378,0.673,0.566,0.47,0.358,0.497,0.63	0.467,0.285,0.351,0.289,0.3,0.292,0.198	0.199
12464	ENSG00000291069	BMS1P1	chr10	+	46803845	46803986	46803845	46803947	46808995	46809088	12464	6,2,1,2,2,1,1	4,0,0,0,0,0,0	5,3,8,8,7,10,6	0,4,5,6,2,2,3	138	99	9.27349881552e-07	0.000149576780254	0.518,1.0,1.0,1.0,1.0,1.0,1.0	1.0,0.35,0.534,0.489,0.715,0.782,0.589	0.294
12482	ENSG00000148337	CIZ1	chr9	-	128178988	128179415	128179072	128179415	128178708	128178904	12482	418,346,290,215,472,352,340	71,80,36,43,52,150,78	439,450,348,425,398,387,395	56,43,41,65,49,72,42	183	99	0.000950822856019	0.0368070841587	0.761,0.701,0.813,0.73,0.831,0.559,0.702	0.809,0.85,0.821,0.78,0.815,0.744,0.836	-0.08
12521	ENSG00000241163	LINC00877	chr3	-	72060509	72061094	72060802	72061094	72059686	72060109	12521	8,8,23,14,7,7,3	0,0,0,0,0,0,1	8,5,11,14,10,4,5	1,0,6,0,0,2,2	392	99	0.0002177602638	0.0124529176312	1.0,1.0,1.0,1.0,1.0,1.0,0.431	0.669,1.0,0.316,1.0,1.0,0.336,0.387	0.246
12590	ENSG00000008130	NADK	chr1	-	1756738	1756882	1756778	1756882	1756502	1756608	12590	14,9,10,1,8,15,7	0,1,0,0,0,1,0	10,8,16,9,11,7,8	2,2,2,4,1,0,1	139	99	0.000250153987904	0.0138642613296	1.0,0.865,1.0,1.0,1.0,0.914,1.0	0.781,0.74,0.851,0.616,0.887,1.0,0.851	0.15
12684	ENSG00000092108	SCFD1	chr14	+	30700187	30702375	30700187	30700258	30705822	30705885	12684	495,365,445,423,402,387,397	5,7,8,8,4,2,1	588,556,470,505,391,486,538	4,2,3,0,4,3,1	2216	99	0.000879756265746	0.0348057030797	0.816,0.7,0.713,0.703,0.818,0.896,0.947	0.868,0.925,0.875,1.0,0.814,0.879,0.96	-0.104
12718	ENSG00000139531	SUOX	chr12	+	55999332	55999590	55999332	55999458	56002211	56002271	12718	19,13,21,9,26,28,37	13,12,5,8,15,15,24	10,5,2,15,8,27,7	20,11,17,11,7,17,13	231	99	0.00124876076192	0.0440074485874	0.385,0.317,0.643,0.325,0.426,0.444,0.398	0.176,0.163,0.048,0.369,0.329,0.405,0.188	0.18
12744	ENSG00000130511	SSBP4	chr19	+	18433709	18433932	18433709	18433817	18434216	18434562	12744	215,263,200,252,217,328,299	540,416,583,493,505,256,452	270,136,175,153,197,223,233	700,384,594,527,495,579,650	214	99	1.407429004e-05	0.00137262513948	0.156,0.226,0.137,0.191,0.166,0.372,0.234	0.151,0.141,0.12,0.118,0.155,0.151,0.142	0.072
12940	ENSG00000148153	INIP	chr9	-	112701787	112701880	112701831	112701880	112694130	112694233	12940	30,22,14,21,39,22,19	0,3,1,1,0,4,0	18,19,23,14,16,21,26	2,2,6,3,4,1,3	143	99	0.000802812390846	0.0324764716696	1.0,0.835,0.906,0.936,1.0,0.792,1.0	0.862,0.868,0.726,0.764,0.735,0.936,0.857	0.103
13327	ENSG00000102312	PORCN	chrX	+	48512834	48514365	48512834	48512852	48514524	48514625	13327	495,481,562,388,538,431,558	11,5,5,6,5,6,11	661,590,554,607,561,532,561	1,7,2,0,2,6,5	1612	99	0.000116463432556	0.00771171813151	0.734,0.855,0.873,0.799,0.869,0.815,0.757	0.976,0.838,0.944,1.0,0.945,0.845,0.873	-0.103
13350	ENSG00000103723	AP3B2	chr15	-	82688987	82689232	82689157	82689232	82688735	82688831	13350	154,141,70,64,183,193,157	395,384,208,136,471,281,354	121,144,127,87,130,188,116	435,585,522,504,442,494,548	269	99	1.40460976183e-11	1.17809302757e-08	0.125,0.119,0.11,0.148,0.125,0.202,0.14	0.093,0.083,0.082,0.06,0.098,0.123,0.072	0.051
13445	ENSG00000289811	FAM95A	chr2	-	94755956	94756146	94756052	94756146	94755325	94755629	13445	12,3,7,14,10,32,9	0,0,0,0,0,0,1	24,10,3,4,6,9,16	8,0,1,4,0,1,0	195	99	0.000131808623017	0.00850402198039	1.0,1.0,1.0,1.0,1.0,1.0,0.82	0.604,1.0,0.604,0.337,1.0,0.82,1.0	0.208
13526	ENSG00000198015	MRPL42	chr12	+	93470485	93470590	93470485	93470505	93476953	93477017	13526	9,5,7,6,14,4,11	0,2,0,0,2,3,0	15,13,0,9,11,11,12	4,2,6,4,2,4,1	184	99	0.000478681940584	0.0223048055351	1.0,0.574,1.0,1.0,0.79,0.418,1.0	0.669,0.778,0.0,0.548,0.747,0.597,0.866	0.225
13551	ENSG00000291079	SDHAP3	chr5	-	1632532	1632901	1632844	1632901	1630408	1630566	13551	120,83,60,63,157,142,44	0,1,2,0,3,0,0	67,140,56,156,26,155,32	1,5,5,11,0,0,6	411	99	3.29052670112e-07	6.4859846142e-05	1.0,0.952,0.878,1.0,0.927,1.0,1.0	0.942,0.871,0.73,0.774,1.0,1.0,0.562	0.125
13599	ENSG00000135838	NPL	chr1	+	182806144	182806531	182806144	182806232	182812155	182812213	13599	26,58,16,25,27,64,84	56,29,56,51,66,40,118	17,10,18,24,12,21,24	50,48,43,99,39,68,57	398	99	3.68309250698e-06	0.000433055951685	0.104,0.332,0.066,0.109,0.092,0.285,0.15	0.078,0.049,0.094,0.057,0.071,0.071,0.095	0.089
13635	ENSG00000138002	IFT172	chr2	-	27471232	27472362	27472249	27472362	27470927	27471095	13635	271,189,150,123,234,216,238	45,62,31,37,58,43,69	155,199,191,166,182,252,209	67,103,57,72,79,83,74	1116	99	2.88440240437e-06	0.000354502686093	0.348,0.213,0.3,0.228,0.264,0.308,0.234	0.17,0.146,0.229,0.17,0.17,0.212,0.2	0.085
13636	ENSG00000138002	IFT172	chr2	-	27484027	27484266	27484226	27484266	27483871	27483937	13636	21,20,18,14,22,31,18	81,73,44,25,82,39,59	16,18,19,13,17,20,12	61,97,74,76,81,110,77	298	99	0.000129450460383	0.00839492908288	0.079,0.083,0.12,0.157,0.082,0.209,0.092	0.08,0.058,0.079,0.054,0.065,0.057,0.049	0.054
13656	ENSG00000304176	NA	chr7	+	74891255	74892074	74891255	74891351	74894117	74894257	13656	1,8,13,4,15,15,3	1,1,1,0,2,0,0	17,18,19,14,11,5,12	1,2,2,1,0,2,2	822	99	1.09179504857e-05	0.00110773173436	0.107,0.491,0.61,1.0,0.475,1.0,1.0	0.672,0.52,0.534,0.628,1.0,0.231,0.419	0.097
13777	ENSG00000178104	PDE4DIP	chr1	+	149009567	149010595	149009567	149009791	149012590	149012776	13777	463,466,248,189,600,402,401	13,15,2,5,14,15,12	458,554,536,407,478,574,488	0,6,14,6,6,8,4	903	99	0.000103546246657	0.00700384585587	0.796,0.773,0.931,0.806,0.825,0.746,0.786	1.0,0.91,0.808,0.881,0.897,0.887,0.93	-0.093
13922	ENSG00000168214	RBPJ	chr4	+	26383884	26384608	26383884	26383960	26386352	26386391	13922	22,14,21,14,18,16,28	0,2,1,0,3,0,0	7,16,9,9,12,19,13	3,4,0,2,0,1,3	747	99	0.000260475293866	0.0142479985745	1.0,0.481,0.736,1.0,0.443,1.0,1.0	0.236,0.346,1.0,0.374,1.0,0.716,0.365	0.232
14158	ENSG00000170074	FAM153A	chr5	-	177714053	177714177	177714068	177714177	177713747	177713916	14158	173,101,79,1,23,44,11	33,19,103,54,82,42,80	156,35,91,79,102,92,121	34,72,6,11,19,118,25	114	99	0.000547665640018	0.0243469308024	0.82,0.822,0.4,0.016,0.196,0.476,0.107	0.799,0.297,0.929,0.862,0.823,0.404,0.808	-0.298
14286	ENSG00000127990	SGCE	chr7	-	94597748	94598004	94597929	94598004	94588688	94588732	14286	22,10,2,13,12,9,4	7,1,0,4,0,0,0	4,2,16,4,4,21,10	10,4,4,8,1,3,1	280	99	0.00108134236799	0.0400128480344	0.526,0.78,1.0,0.535,1.0,1.0,1.0	0.124,0.15,0.586,0.15,0.586,0.712,0.78	0.393
14414	ENSG00000283103	NA	chr19	-	58325160	58325361	58325274	58325361	58322361	58322494	14414	25,19,27,24,35,29,31	0,1,0,2,0,2,0	40,28,13,14,46,19,24	7,0,2,0,5,0,2	213	99	5.11228313749e-06	0.00057943814552	1.0,0.898,1.0,0.848,1.0,0.871,1.0	0.726,1.0,0.751,1.0,0.81,1.0,0.848	0.069
14416	ENSG00000283103	NA	chr19	-	58325171	58325361	58325274	58325361	58322361	58322494	14416	24,18,26,24,32,25,33	0,1,0,2,0,2,0	39,26,12,13,42,18,22	7,0,2,0,5,0,2	202	99	4.69094538924e-06	0.000536516217655	1.0,0.898,1.0,0.855,1.0,0.86,1.0	0.732,1.0,0.746,1.0,0.805,1.0,0.844	0.069
14417	ENSG00000283103	NA	chr19	-	58325246	58325361	58325274	58325361	58322361	58322494	14417	14,11,13,14,15,17,10	0,1,0,2,0,2,0	22,16,4,9,21,8,10	7,0,2,0,5,0,2	127	99	6.79474005194e-06	0.000749865128013	1.0,0.896,1.0,0.845,1.0,0.869,1.0	0.71,1.0,0.609,1.0,0.766,1.0,0.796	0.104
14555	ENSG00000062485	CS	chr12	-	56299827	56300023	56299925	56300023	56298608	56298691	14555	9,5,9,6,16,7,26	0,0,2,0,1,0,0	7,14,14,12,11,26,12	0,1,6,0,0,2,3	197	99	0.00072609211356	0.030230750943	1.0,1.0,0.693,1.0,0.889,1.0,1.0	1.0,0.876,0.54,1.0,1.0,0.867,0.668	0.09
14613	ENSG00000125434	SLC25A35	chr17	-	8290602	8290678	8290614	8290678	8289853	8289984	14613	0,2,8,2,7,1,6	1,0,1,0,0,0,2	4,6,6,13,3,3,4	0,6,2,3,1,7,0	111	99	3.24921363798e-05	0.00279988745065	0.0,1.0,0.877,1.0,1.0,1.0,0.728	1.0,0.471,0.728,0.794,0.728,0.277,1.0	0.087
14682	ENSG00000111445	RFC5	chr12	+	118017689	118017852	118017689	118017815	118017994	118018053	14682	21,12,10,6,19,16,13	0,2,0,1,5,0,2	12,16,13,12,17,21,12	4,4,5,3,3,3,4	136	99	0.00137992326069	0.0474339195157	1.0,0.814,1.0,0.814,0.734,1.0,0.826	0.686,0.744,0.654,0.744,0.805,0.836,0.686	0.148
14687	ENSG00000179532	DNHD1	chr11	+	6533680	6534173	6533680	6533806	6538611	6538810	14687	29,29,51,9,55,43,37	0,0,2,0,1,0,0	16,21,26,35,51,39,42	2,0,0,4,3,2,1	466	99	0.000169099916126	0.010447571073	1.0,1.0,0.844,1.0,0.921,1.0,1.0	0.63,1.0,1.0,0.65,0.783,0.806,0.899	0.142
14693	ENSG00000115661	STK16	chr2	+	219245478	219245796	219245478	219245522	219245895	219246085	14693	63,49,61,61,79,66,54	51,51,55,62,79,56,51	49,46,59,109,59,41,68	113,78,94,84,59,68,85	373	99	0.00122883714194	0.0436968777405	0.247,0.203,0.227,0.207,0.21,0.238,0.219	0.103,0.135,0.143,0.256,0.21,0.138,0.175	0.056
14811	ENSG00000162105	SHANK2	chr11	-	70490275	70490387	70490302	70490387	70489327	70489348	14811	120,90,21,26,121,46,49	6,1,1,0,4,1,0	43,103,90,76,77,118,119	0,5,2,6,10,9,19	126	99	9.56017449349e-06	0.000994021118203	0.94,0.986,0.943,1.0,0.96,0.973,1.0	1.0,0.942,0.972,0.909,0.858,0.912,0.831	0.054
15007	ENSG00000290763	SDHAP1	chr3	-	195983909	195984276	195984111	195984276	195981581	195982310	15007	0,1,0,0,5,0,1	59,28,32,18,62,28,47	0,0,4,2,7,59,0	41,42,47,52,42,29,31	301	99	1.46779723865e-05	0.00141846805628	0.0,0.012,0.0,0.0,0.026,0.0,0.007	0.0,0.0,0.027,0.012,0.052,0.401,0.0	-0.064
15115	ENSG00000231074	HCG18	chr6	-	30296124	30296237	30296131	30296237	30291548	30292599	15115	0,0,1,0,2,0,0	5,7,5,4,3,13,10	0,3,2,0,2,5,4	5,1,6,1,7,4,4	106	99	1.20680359039e-07	2.81162888346e-05	0.0,0.0,0.157,0.0,0.384,0.0,0.0	0.0,0.737,0.237,0.0,0.211,0.539,0.483	-0.238
15125	ENSG00000231074	HCG18	chr6	-	30326008	30326386	30326353	30326386	30304070	30304272	15125	172,59,42,79,78,51,42	0,5,1,2,0,1,0	117,80,87,51,90,88,81	8,1,2,2,4,5,4	444	99	0.000599527083535	0.0263729029299	1.0,0.725,0.904,0.898,1.0,0.919,1.0	0.765,0.947,0.907,0.85,0.834,0.797,0.819	0.075
15126	ENSG00000231074	HCG18	chr6	-	30326008	30326386	30326150	30326386	30314268	30314482	15126	75,24,18,38,23,25,18	1,2,0,4,6,7,7	62,27,35,22,38,36,27	1,2,0,1,2,3,1	241	99	0.000356492092297	0.0177977262428	0.969,0.831,1.0,0.796,0.612,0.595,0.514	0.962,0.847,1.0,0.9,0.886,0.831,0.917	-0.147
15331	ENSG00000122783	CYREN	chr7	-	135168748	135169060	135168785	135169060	135167731	135167807	15331	64,54,58,39,78,33,58	9,6,16,18,15,10,15	65,63,75,89,75,78,64	7,9,9,6,4,10,5	136	99	2.52021785997e-05	0.00231436940849	0.838,0.868,0.725,0.612,0.791,0.706,0.738	0.871,0.836,0.858,0.915,0.932,0.85,0.903	-0.127
15369	ENSG00000133107	TRPC4	chr13	-	37651249	37651459	37651264	37651459	37639257	37639299	15369	0,1,0,0,0,0,0	16,12,7,4,13,11,9	0,3,3,5,2,2,1	14,10,13,14,13,11,9	114	99	1.94768007744e-06	0.00026634525059	0.0,0.067,0.0,0.0,0.0,0.0,0.0	0.0,0.207,0.167,0.237,0.118,0.136,0.088	-0.127
15402	ENSG00000007168	PAFAH1B1	chr17	+	2662780	2663054	2662780	2662834	2665371	2665456	15402	5,0,9,2,2,3,6	2,2,0,0,0,0,0	1,1,4,0,1,1,4	1,3,0,5,0,2,2	319	99	1.04637796983e-07	2.48386438461e-05	0.437,0.0,1.0,1.0,1.0,1.0,1.0	0.237,0.094,1.0,0.0,1.0,0.134,0.383	0.37
15551	ENSG00000182400	TRAPPC6B	chr14	-	39159449	39159550	39159482	39159550	39158284	39158402	15551	28,25,31,19,68,31,25	220,220,111,74,287,124,120	19,38,24,21,29,34,19	138,317,261,176,252,296,325	132	99	1.60490154055e-07	3.54232741784e-05	0.087,0.079,0.173,0.161,0.151,0.158,0.135	0.094,0.082,0.065,0.082,0.079,0.079,0.042	0.06
15570	ENSG00000231312	MAP4K3-DT	chr2	+	39516413	39517152	39516413	39516541	39665086	39665343	15570	50,35,37,15,22,63,64	0,1,3,2,6,4,7	61,43,25,21,20,56,27	1,1,0,0,3,2,0	710	99	0.000270534360105	0.0145478658192	1.0,0.83,0.632,0.511,0.338,0.687,0.56	0.895,0.857,1.0,1.0,0.482,0.796,1.0	-0.21
15616	ENSG00000206573	THUMPD3-AS1	chr3	-	9390279	9390497	9390289	9390497	9388086	9388127	15616	10,6,8,10,9,22,9	13,11,18,4,0,45,10	10,7,10,10,10,7,10	69,13,17,30,33,30,45	109	99	0.000642477062035	0.0273074456671	0.411,0.331,0.288,0.694,1.0,0.307,0.45	0.116,0.328,0.348,0.232,0.216,0.175,0.168	0.271
15617	ENSG00000206573	THUMPD3-AS1	chr3	-	9391426	9391826	9391678	9391826	9388873	9390497	15617	279,250,443,265,367,322,379	24,22,37,30,28,16,15	366,300,281,371,360,380,343	43,27,33,57,54,30,67	351	99	8.63742235916e-05	0.00627728101254	0.766,0.762,0.772,0.714,0.787,0.85,0.877	0.706,0.758,0.706,0.647,0.653,0.781,0.591	0.098
15619	ENSG00000206573	THUMPD3-AS1	chr3	-	9391595	9391826	9391678	9391826	9390013	9390497	15619	94,80,131,74,114,99,134	24,22,37,30,28,16,15	107,93,97,112,112,120,110	43,27,33,57,54,30,67	182	99	0.00101690326478	0.0390050608969	0.681,0.664,0.658,0.573,0.689,0.771,0.829	0.575,0.652,0.615,0.517,0.53,0.685,0.472	0.117
15620	ENSG00000206573	THUMPD3-AS1	chr3	-	9391597	9391826	9391678	9391826	9390013	9390497	15620	97,80,128,72,115,94,131	24,22,37,30,28,16,15	106,92,99,116,111,120,109	43,27,33,57,54,30,67	180	99	0.00132760303125	0.0462268663721	0.69,0.667,0.655,0.569,0.693,0.764,0.828	0.576,0.652,0.623,0.528,0.531,0.687,0.472	0.114
15624	ENSG00000206573	THUMPD3-AS1	chr3	-	9390884	9391826	9391488	9391826	9390289	9390497	15624	412,318,577,371,487,363,430	4,5,5,0,5,7,6	358,359,316,456,372,478,362	11,12,4,11,9,5,6	703	99	0.00109066616698	0.040239504536	0.936,0.9,0.942,1.0,0.932,0.88,0.91	0.821,0.808,0.918,0.854,0.853,0.931,0.895	0.06
15626	ENSG00000206573	THUMPD3-AS1	chr3	-	9390884	9391826	9391678	9391826	9390289	9390497	15626	616,508,893,552,757,601,712	24,22,37,30,28,16,15	618,576,515,704,614,760,601	43,27,33,57,54,30,67	893	99	1.47698366881e-05	0.00141846805628	0.74,0.719,0.728,0.671,0.75,0.806,0.84	0.614,0.703,0.634,0.578,0.558,0.737,0.499	0.133
15632	ENSG00000206573	THUMPD3-AS1	chr3	-	9391346	9391826	9391678	9391826	9390289	9390497	15632	329,295,495,301,419,355,423	24,22,37,30,28,16,15	402,336,305,423,399,458,380	43,27,33,57,54,30,67	431	99	9.24351968683e-05	0.00650558242714	0.759,0.755,0.754,0.697,0.775,0.836,0.866	0.682,0.741,0.68,0.63,0.629,0.778,0.566	0.105
15640	ENSG00000206573	THUMPD3-AS1	chr3	-	9391488	9391826	9391678	9391826	9390289	9390497	15640	208,195,321,181,275,245,288	24,22,37,30,28,16,15	271,229,203,259,251,287,245	43,27,33,57,54,30,67	289	99	0.00016940660511	0.010447571073	0.748,0.752,0.748,0.674,0.771,0.84,0.868	0.683,0.744,0.678,0.609,0.614,0.766,0.556	0.107
15704	ENSG00000196756	SNHG17	chr20	-	38421351	38422368	38422290	38422368	38420590	38421098	15704	110,96,306,135,175,145,244	0,53,2,0,1,1,5	127,96,113,217,180,149,129	162,65,73,4,0,1,59	1038	99	0.000660617517074	0.0279839359674	1.0,0.147,0.936,1.0,0.943,0.933,0.823	0.07,0.123,0.129,0.838,1.0,0.934,0.173	0.359
15715	ENSG00000196756	SNHG17	chr20	-	38422086	38422368	38422290	38422368	38421005	38421098	15715	60,34,129,79,83,68,102	0,53,2,0,1,1,5	25,40,53,104,87,73,51	162,65,73,4,0,1,59	303	99	0.000319367648871	0.0165348328825	1.0,0.173,0.955,1.0,0.964,0.957,0.87	0.048,0.167,0.192,0.895,1.0,0.96,0.22	0.348
15717	ENSG00000196756	SNHG17	chr20	-	38422091	38422368	38422290	38422368	38421005	38421098	15717	53,21,131,83,80,59,111	0,53,2,0,1,1,5	21,38,37,86,87,77,55	162,65,73,4,0,1,59	298	99	0.00031665261475	0.0164620105214	1.0,0.116,0.956,1.0,0.964,0.951,0.881	0.041,0.163,0.144,0.877,1.0,0.962,0.236	0.349
15718	ENSG00000196756	SNHG17	chr20	-	38422095	38422368	38422290	38422368	38421005	38421098	15718	39,16,106,57,61,47,82	0,53,2,0,1,1,5	19,23,31,73,62,49,38	162,65,73,4,0,1,59	294	99	0.000360710523194	0.0179371505625	1.0,0.092,0.947,1.0,0.954,0.941,0.847	0.038,0.106,0.125,0.86,1.0,0.943,0.178	0.362
15803	ENSG00000080561	MID2	chrX	+	107917505	107917739	107917505	107917649	107924342	107924504	15803	26,23,9,12,26,20,15	26,21,21,14,52,24,20	2,12,16,13,4,16,14	17,27,43,29,32,55,43	189	99	6.26483853516e-06	0.000697503837264	0.344,0.365,0.183,0.31,0.208,0.304,0.282	0.058,0.189,0.163,0.19,0.061,0.132,0.146	0.151
15840	ENSG00000172239	PAIP1	chr5	-	43556581	43557077	43556818	43557077	43555829	43555999	15840	282,240,137,178,251,218,182	104,79,48,54,86,55,74	108,160,191,186,162,196,251	72,99,127,128,99,81,113	336	99	1.9127906703e-08	6.51334519682e-06	0.444,0.472,0.457,0.493,0.462,0.539,0.42	0.307,0.323,0.307,0.3,0.325,0.416,0.396	0.13
15977	ENSG00000162104	ADCY9	chr16	-	3993348	3993510	3993405	3993510	3992145	3992363	15977	26,14,6,2,24,15,12	92,77,19,12,88,39,90	7,49,30,17,25,52,22	32,82,97,38,65,100,36	156	99	7.9009061874e-05	0.00588173377182	0.152,0.103,0.167,0.096,0.148,0.196,0.078	0.122,0.275,0.164,0.221,0.196,0.248,0.279	-0.081
15991	ENSG00000223960	CHROMR	chr2	+	178426365	178426661	178426365	178426505	178430769	178430889	15991	22,41,34,30,24,15,17	0,0,1,1,0,0,0	66,35,40,32,29,31,18	2,8,2,0,2,7,3	255	99	1.88259274836e-09	8.16720667832e-07	1.0,1.0,0.93,0.921,1.0,1.0,1.0	0.928,0.629,0.886,1.0,0.849,0.632,0.7	0.175
15992	ENSG00000223960	CHROMR	chr2	+	178426365	178426680	178426365	178426505	178430769	178430889	15992	20,39,35,29,38,23,34	0,0,1,1,0,0,0	73,40,43,39,36,30,20	2,8,2,0,2,7,3	274	99	1.50555079514e-09	6.76476234059e-07	1.0,1.0,0.927,0.913,1.0,1.0,1.0	0.93,0.644,0.886,1.0,0.867,0.608,0.707	0.171
15993	ENSG00000223960	CHROMR	chr2	+	178426365	178426703	178426365	178426505	178430769	178430889	15993	23,36,34,27,32,25,29	0,0,1,1,0,0,0	71,31,39,32,33,34,23	2,8,2,0,2,7,3	297	99	7.10997150044e-10	3.57802205788e-07	1.0,1.0,0.919,0.9,1.0,1.0,1.0	0.922,0.564,0.867,1.0,0.846,0.618,0.719	0.183
16125	ENSG00000293514	CUTALP	chr9	+	120844992	120845887	120844992	120845196	120847293	120847353	16125	223,171,174,109,372,54,205	6,0,4,0,2,1,0	198,379,343,199,236,184,303	2,8,9,2,9,3,8	790	99	0.000620049827183	0.0268849904416	0.823,1.0,0.845,1.0,0.959,0.871,1.0	0.925,0.856,0.827,0.926,0.767,0.885,0.826	0.069
16139	ENSG00000064601	CTSA	chr20	+	45894993	45895138	45894993	45895133	45898004	45898109	16139	2,7,15,2,7,1,10	1,0,3,0,1,1,2	6,10,3,11,9,9,4	3,6,2,4,5,0,7	104	99	0.000456208163415	0.0213366353306	0.656,1.0,0.826,1.0,0.87,0.488,0.826	0.656,0.613,0.588,0.724,0.631,1.0,0.352	0.157
16265	ENSG00000092529	CAPN3	chr15	+	42408210	42408437	42408210	42408324	42409302	42409380	16265	142,88,483,268,218,75,173	186,127,447,216,205,62,171	140,226,239,434,252,110,95	219,291,320,700,375,176,168	212	99	1.59549583478e-06	0.000223032589971	0.263,0.244,0.335,0.367,0.332,0.361,0.321	0.23,0.266,0.259,0.225,0.239,0.226,0.209	0.081
16294	ENSG00000091592	NLRP1	chr17	-	5521480	5521786	5521523	5521786	5517745	5517887	16294	1,4,0,0,1,0,1	5,6,2,1,8,2,7	3,0,5,5,1,3,3	11,4,6,15,5,10,10	142	99	0.00121272119434	0.0433444470057	0.122,0.317,0.0,0.0,0.08,0.0,0.091	0.16,0.0,0.367,0.189,0.122,0.173,0.173	-0.082
16295	ENSG00000091592	NLRP1	chr17	-	5521491	5521786	5521523	5521786	5517745	5517887	16295	1,3,0,0,0,0,1	5,6,2,1,8,2,7	6,0,4,5,1,3,1	11,4,6,15,5,10,10	131	99	1.01148937952e-05	0.00104307769539	0.131,0.274,0.0,0.0,0.0,0.0,0.097	0.292,0.0,0.335,0.201,0.131,0.185,0.07	-0.102
16359	ENSG00000130779	CLIP1	chr12	-	122340752	122341697	122340980	122341697	122334647	122334705	16359	114,137,112,55,151,159,148	165,180,66,87,181,127,98	58,129,87,93,48,152,111	98,168,173,165,149,217,162	327	99	5.88952557512e-06	0.000661572511255	0.173,0.187,0.339,0.161,0.202,0.275,0.314	0.152,0.189,0.132,0.146,0.089,0.175,0.172	0.085
16361	ENSG00000174547	MRPL11	chr11	-	66438631	66438848	66438709	66438848	66438163	66438259	16361	381,335,255,432,407,347,401	24,13,22,40,55,9,25	515,211,393,312,298,295,362	68,82,49,44,51,77,48	177	99	1.10550457677e-10	6.95417654017e-08	0.899,0.935,0.866,0.858,0.805,0.956,0.9	0.809,0.59,0.818,0.799,0.766,0.682,0.808	0.135
16381	ENSG00000178338	ZNF354B	chr5	+	178885613	178885737	178885613	178885733	178887620	178888122	16381	4,2,4,0,1,2,3	9,9,17,21,23,18,24	0,0,3,0,2,0,0	19,24,17,18,13,18,14	103	99	0.000284421022705	0.015034877675	0.299,0.176,0.184,0.0,0.04,0.096,0.107	0.0,0.0,0.145,0.0,0.129,0.0,0.0	0.09
16758	ENSG00000055950	MRPL43	chr10	-	100983947	100984074	100984033	100984074	100983754	100983817	16758	51,45,51,28,60,46,50	0,0,0,1,1,0,0	79,45,70,91,62,80,45	11,2,9,10,4,12,1	185	99	3.14193115969e-14	4.94107949001e-11	1.0,1.0,1.0,0.937,0.97,1.0,1.0	0.794,0.923,0.806,0.83,0.892,0.781,0.96	0.132
16759	ENSG00000055950	MRPL43	chr10	-	100986686	100986975	100986748	100986975	100983754	100983817	16759	496,404,508,574,602,527,596	7,8,20,18,13,10,4	657,489,468,503,597,440,582	159,7,120,163,9,117,12	161	99	1.00697228334e-13	1.3059814341e-10	0.978,0.969,0.94,0.951,0.966,0.97,0.989	0.718,0.977,0.706,0.655,0.976,0.698,0.968	0.152
16812	ENSG00000125462	MIR9-1HG	chr1	-	156414078	156414298	156414124	156414298	156407841	156407975	16812	82,79,119,56,81,39,99	2,0,2,1,0,0,2	50,69,89,139,60,58,92	14,4,1,2,2,3,3	145	99	3.01765729971e-06	0.000365049485458	0.966,1.0,0.976,0.975,1.0,1.0,0.971	0.709,0.922,0.984,0.979,0.953,0.93,0.954	0.065
16941	ENSG00000278175	GLIDR	chr9	-	39809485	39810116	39809730	39810116	39778330	39778566	16941	101,90,46,106,98,41,96	2,0,0,1,0,2,1	38,54,84,112,133,55,93	2,7,4,1,2,2,1	344	99	9.25601505809e-05	0.00650558242714	0.936,1.0,1.0,0.968,1.0,0.855,0.965	0.845,0.689,0.858,0.97,0.95,0.888,0.964	0.08
17247	ENSG00000166224	SGPL1	chr10	+	70868344	70869424	70868344	70868433	70869791	70869897	17247	127,115,120,41,157,79,104	42,45,38,22,46,34,52	35,90,73,140,98,133,82	21,53,41,86,49,60,55	1090	99	0.000398385574184	0.0192772650339	0.215,0.188,0.223,0.145,0.237,0.174,0.154	0.131,0.134,0.139,0.129,0.154,0.168,0.119	0.052
17315	ENSG00000010361	FUZ	chr19	-	49812446	49812736	49812614	49812736	49812250	49812335	17315	122,190,195,230,165,74,307	106,66,154,78,133,129,91	60,214,56,174,171,135,38	190,94,195,203,148,107,166	267	99	0.000197276323312	0.0115438763888	0.299,0.516,0.319,0.522,0.315,0.175,0.556	0.105,0.458,0.096,0.241,0.3,0.319,0.078	0.158
17316	ENSG00000010361	FUZ	chr19	-	49812446	49812736	49812637	49812736	49812250	49812335	17316	159,221,249,253,216,104,361	24,12,23,5,30,24,13	105,246,93,222,214,164,77	24,22,44,44,22,22,41	290	99	0.000425397415756	0.0201959429722	0.693,0.863,0.787,0.945,0.711,0.597,0.905	0.599,0.792,0.419,0.633,0.769,0.718,0.391	0.169
17322	ENSG00000122390	NAA60	chr16	+	3443705	3443893	3443705	3443827	3448470	3448540	17322	32,24,6,12,37,10,16	67,30,31,16,66,26,46	11,95,13,7,8,11,19	69,168,55,63,81,51,51	165	99	0.000896517871485	0.035137356203	0.223,0.324,0.104,0.31,0.252,0.188,0.173	0.087,0.253,0.124,0.063,0.056,0.115,0.183	0.099
17381	ENSG00000129484	PARP2	chr14	+	20344931	20345126	20344931	20345087	20345393	20345464	17381	7,316,2,0,450,7,3	551,250,362,254,300,329,412	4,2,6,2,0,5,15	484,588,580,441,540,652,474	138	99	7.19474571031e-07	0.000123996021618	0.009,0.476,0.004,0.0,0.518,0.015,0.005	0.006,0.002,0.007,0.003,0.0,0.005,0.022	0.14
17424	ENSG00000188004	SNHG28	chr1	-	159838364	159840866	159840710	159840866	159837916	159838027	17424	450,359,360,83,655,153,461	35,42,19,14,37,19,34	143,351,294,414,278,572,319	42,57,37,35,59,50,49	2445	99	0.00100770072749	0.0387702839528	0.342,0.257,0.434,0.194,0.418,0.246,0.354	0.121,0.2,0.243,0.324,0.16,0.317,0.209	0.096
17445	ENSG00000132429	POPDC3	chr6	-	105161424	105162160	105161795	105162160	105159710	105159819	17445	410,544,327,620,391,740,540	125,99,82,124,107,89,72	526,619,567,425,521,394,557	165,156,132,147,135,136,226	470	99	0.000638518111476	0.0272663093649	0.409,0.536,0.457,0.513,0.435,0.637,0.612	0.402,0.455,0.475,0.378,0.448,0.379,0.342	0.103
17474	ENSG00000087470	DNM1L	chr12	+	32737864	32738053	32737864	32737942	32740063	32740240	17474	164,94,114,62,134,81,134	379,254,111,154,252,194,152	72,118,112,109,87,132,115	198,333,278,197,297,345,433	210	99	0.000266764566144	0.0145288528427	0.169,0.149,0.326,0.16,0.2,0.164,0.294	0.146,0.143,0.16,0.207,0.121,0.153,0.111	0.06
17616	ENSG00000104960	PTOV1	chr19	+	49850734	49851096	49850734	49850955	49854405	49854543	17616	39,40,36,45,39,60,67	13,25,20,26,15,16,25	54,42,38,73,45,48,40	10,21,15,2,7,8,0	240	99	0.000396703802155	0.0192700020653	0.553,0.398,0.426,0.417,0.517,0.607,0.525	0.69,0.452,0.511,0.938,0.726,0.712,1.0	-0.227
17675	ENSG00000171766	GATM	chr15	-	45375650	45376819	45376600	45376819	45373235	45373331	17675	123,35,174,120,81,48,80	2,2,5,1,2,1,0	88,115,79,178,111,79,84	1,0,0,3,0,1,0	1049	99	0.000505453129756	0.023040238498	0.853,0.623,0.767,0.919,0.793,0.819,1.0	0.893,1.0,1.0,0.848,1.0,0.882,1.0	-0.121
17681	ENSG00000100038	TOP3B	chr22	-	21975904	21976187	21975980	21976187	21975639	21975807	17681	13,19,14,3,9,18,16	2,2,0,1,0,6,1	6,4,14,17,5,6,5	2,0,0,1,0,0,0	175	99	0.00102714838129	0.039159253894	0.786,0.843,1.0,0.629,1.0,0.629,0.901	0.629,1.0,1.0,0.906,1.0,1.0,1.0	-0.107
17732	ENSG00000143248	RGS5	chr1	-	163152537	163152716	163152549	163152716	163111120	163111317	17732	3,15,3,5,8,2,2	3,0,4,2,0,4,2	2,2,9,3,6,8,8	0,0,4,0,0,2,1	111	99	0.000639341965079	0.0272663093649	0.471,1.0,0.401,0.69,1.0,0.308,0.471	1.0,1.0,0.667,1.0,1.0,0.781,0.877	-0.283
