ID	GeneID	geneSymbol	chr	strand	longExonStart_0base	longExonEnd	shortES	shortEE	flankingES	flankingEE	ID	IJC_SAMPLE_1	SJC_SAMPLE_1	IJC_SAMPLE_2	SJC_SAMPLE_2	IncFormLen	SkipFormLen	PValue	FDR	IncLevel1	IncLevel2	IncLevelDifference
234	ENSG00000289234	ZNF496-DT	chr1	+	247374656	247377221	247375185	247377221	247374006	247374143	234	39,34,26	2,6,0	36,27,26	0,0,0	678	149	2.25336069516e-05	0.00443417416794	0.811,0.555,1.0	1.0,1.0,1.0	-0.211
352	ENSG00000109065	NAT9	chr17	-	74773575	74773688	74773575	74773685	74775598	74775707	352	0,0,1	3,3,3	8,3,7	6,5,6	152	149	3.73263848585e-06	0.00158499617389	0.0,0.0,0.246	0.567,0.37,0.534	-0.408
509	ENSG00000132740	IGHMBP2	chr11	+	68935298	68935422	68935330	68935422	68934463	68934558	509	140,95,97	3,3,0	192,156,83	6,16,5	181	149	0.000420986980608	0.0279549214777	0.975,0.963,1.0	0.963,0.889,0.932	0.051
569	ENSG00000176840	MIR7-3HG	chr19	+	4770528	4770614	4770548	4770614	4770282	4770449	569	11,6,11	0,2,0	5,3,9	2,5,3	169	149	8.28739232738e-05	0.0100545385409	1.0,0.726,1.0	0.688,0.346,0.726	0.322
573	ENSG00000176840	MIR7-3HG	chr19	+	4770523	4770614	4770548	4770614	4770347	4770449	573	11,6,11	0,2,0	3,3,9	2,5,3	174	149	4.14125104417e-05	0.00668232268487	1.0,0.72,1.0	0.562,0.339,0.72	0.366
605	ENSG00000147813	NAPRT	chr8	-	143574784	143575093	143574784	143574900	143575422	143575525	605	62,36,32	1,0,5	39,33,19	7,8,10	342	149	8.61192969934e-05	0.0102934887132	0.964,1.0,0.736	0.708,0.642,0.453	0.299
606	ENSG00000147813	NAPRT	chr8	-	143574784	143575345	143574784	143574900	143575422	143575525	606	268,151,136	1,0,5	207,210,162	7,8,10	594	149	0.000199955698088	0.0176310663626	0.985,1.0,0.872	0.881,0.868,0.803	0.102
734	ENSG00000204147	ASAH2B	chr10	+	50745127	50745274	50745201	50745274	50744696	50744732	734	10,5,10	10,2,0	4,9,10	0,0,0	223	149	5.86612607856e-06	0.00215126841826	0.401,0.626,1.0	1.0,1.0,1.0	-0.324
737	ENSG00000177000	MTHFR	chr1	-	11802880	11803129	11802880	11803126	11805346	11805936	737	19,45,16	1,3,6	17,18,9	8,11,11	152	149	0.000106093048283	0.0113372015039	0.949,0.936,0.723	0.676,0.616,0.445	0.29
963	ENSG00000216937	CCDC7	chr10	+	32728886	32728997	32728931	32728997	32726733	32726832	963	7,1,6	4,0,4	6,3,2	0,0,0	194	149	3.55652096173e-06	0.00155102762807	0.573,1.0,0.535	1.0,1.0,1.0	-0.297
1013	ENSG00000290770	MFSD14CP	chr9	-	96942912	96943154	96942912	96943141	96949554	96949682	1013	43,48,44	2,3,8	79,47,26	0,0,3	162	149	0.000788134264157	0.043853618206	0.952,0.936,0.835	1.0,1.0,0.889	-0.055
1034	ENSG00000168890	TMEM150A	chr2	-	85601020	85601482	85601020	85601107	85601883	85602064	1034	402,394,227	22,30,22	567,332,427	16,15,13	524	149	0.000174002827227	0.0161362621847	0.839,0.789,0.746	0.91,0.863,0.903	-0.101
1040	ENSG00000197619	ZNF615	chr19	-	52004416	52004849	52004416	52004723	52007292	52007330	1040	1,9,6	0,7,2	3,1,3	0,1,0	275	149	0.000392150380131	0.0263204254383	1.0,0.411,0.619	1.0,0.351,1.0	-0.107
1211	ENSG00000137474	MYO7A	chr11	+	77201447	77201638	77201450	77201638	77199648	77199818	1211	13,10,10	0,0,2	6,6,8	0,2,5	152	149	0.000742969042872	0.0429697077985	1.0,1.0,0.831	1.0,0.746,0.611	0.158
1594	ENSG00000101327	PDYN	chr20	-	1982955	1983103	1982955	1983100	1992583	1992643	1594	21,40,26	13,11,6	5,2,18	12,8,26	152	149	5.04624101771e-06	0.00193871773957	0.613,0.781,0.809	0.29,0.197,0.404	0.437
1601	ENSG00000023041	ZDHHC6	chr10	-	112442191	112442351	112442191	112442259	112443514	112443606	1601	365,403,322	43,40,32	442,417,391	12,26,34	241	149	0.000469879224693	0.0302325057558	0.84,0.862,0.862	0.958,0.908,0.877	-0.06
1668	ENSG00000206417	H1-10-AS1	chr3	+	129317773	129318310	129317931	129318310	129317153	129317345	1668	72,100,80	20,41,26	119,60,71	16,11,10	307	149	0.000177741508964	0.0163887827922	0.636,0.542,0.599	0.783,0.726,0.775	-0.169
1673	ENSG00000206417	H1-10-AS1	chr3	+	129317823	129318310	129317931	129318310	129317153	129317345	1673	43,60,46	20,41,26	78,32,36	16,11,10	257	149	0.000828936441804	0.0447348442306	0.555,0.459,0.506	0.739,0.628,0.676	-0.174
1747	ENSG00000179406	LINC00174	chr7	-	66400922	66401027	66400922	66400980	66402456	66402545	1747	6,2,6	4,1,1	2,1,7	1,0,0	196	149	0.000622296840628	0.0376219767197	0.533,0.603,0.82	0.603,1.0,1.0	-0.216
2087	ENSG00000197798	FAM118B	chr11	+	126261424	126261484	126261427	126261484	126256566	126256852	2087	297,312,208	100,115,75	293,265,212	163,138,112	152	149	0.000765274805296	0.0431764834205	0.744,0.727,0.731	0.638,0.653,0.65	0.087
2659	ENSG00000213996	TM6SF2	chr19	-	19269686	19270442	19269686	19270389	19271021	19271125	2659	12,15,21	0,0,0	11,12,14	4,0,3	202	149	0.000306482318598	0.0222796490577	1.0,1.0,1.0	0.67,1.0,0.775	0.185
2847	ENSG00000293313	ZNF37BP	chr10	-	42551989	42552451	42551989	42552280	42552569	42552596	2847	39,39,24	16,10,5	38,35,53	1,6,3	320	149	0.000552673644187	0.0342997766254	0.532,0.645,0.691	0.947,0.731,0.892	-0.234
2859	ENSG00000138380	CARF	chr2	+	202924296	202924415	202924356	202924415	202917876	202918043	2859	4,4,2	14,19,4	9,5,12	4,6,4	209	149	0.000101476358325	0.0110872998081	0.169,0.131,0.263	0.616,0.373,0.681	-0.369
2920	ENSG00000109113	RAB34	chr17	-	28717212	28717425	28717212	28717291	28718121	28718268	2920	731,662,555	58,39,35	914,856,738	122,79,75	283	149	0.000325685870234	0.0232533946995	0.869,0.899,0.893	0.798,0.851,0.838	0.058
3078	ENSG00000181135	ZNF707	chr8	+	143691596	143691713	143691609	143691713	143691072	143691199	3078	16,10,9	0,2,0	4,22,8	2,5,3	162	149	0.000373060509301	0.0256579887215	1.0,0.821,1.0	0.648,0.802,0.71	0.22
3161	ENSG00000071553	ATP6AP1	chrX	+	154434830	154435050	154434985	154435050	154434207	154434446	3161	36,32,25	0,2,0	17,7,13	4,3,0	304	149	0.00061511422415	0.037596526973	1.0,0.887,1.0	0.676,0.534,1.0	0.226
3164	ENSG00000137269	LRRC1	chr6	+	53897284	53897359	53897288	53897359	53896828	53896892	3164	69,75,34	2,1,0	106,65,57	11,5,3	153	149	0.000148616395243	0.0142742509145	0.971,0.986,1.0	0.904,0.927,0.949	0.059
3181	ENSG00000042753	AP2S1	chr19	-	46839464	46839620	46839464	46839578	46850133	46850316	3181	50,18,39	10,8,6	31,26,22	19,16,17	191	149	0.000841313031008	0.0450743655488	0.796,0.637,0.835	0.56,0.559,0.502	0.216
3259	ENSG00000241962	NA	chr2	+	99321125	99321265	99321152	99321265	99215997	99216114	3259	7,6,3	0,2,0	4,4,2	4,4,2	176	149	2.82861458605e-05	0.00536970881888	1.0,0.717,1.0	0.458,0.458,0.458	0.448
3335	ENSG00000029534	ANK1	chr8	-	41672353	41672529	41672353	41672426	41684543	41684690	3335	42,38,30	19,16,17	38,27,45	6,5,9	252	149	0.000719786902265	0.0420814545469	0.567,0.584,0.511	0.789,0.761,0.747	-0.212
3344	ENSG00000035115	SH3YL1	chr2	-	263210	263372	263210	263368	263563	263762	3344	0,1,0	4,0,1	2,2,0	0,0,2	153	149	0.000173551508214	0.0161362621847	0.0,1.0,0.0	1.0,1.0,0.0	-0.333
3553	ENSG00000083799	CYLD	chr16	+	50749548	50750202	50749575	50750202	50742761	50742822	3553	6,2,4	3,4,2	4,2,2	1,0,0	176	149	3.30506507279e-05	0.00592561444606	0.629,0.297,0.629	0.772,1.0,1.0	-0.406
3874	ENSG00000164066	INTU	chr4	+	127685441	127687867	127687677	127687867	127684408	127684486	3874	390,394,281	55,75,28	277,281,268	55,94,83	2385	149	7.7429531679e-05	0.00961079171671	0.307,0.247,0.385	0.239,0.157,0.168	0.125
3943	ENSG00000221914	PPP2R2A	chr8	+	26358906	26359032	26358911	26359032	26354467	26354633	3943	0,1,0	2,5,5	2,2,3	3,1,5	154	149	6.66841931507e-06	0.00217994281488	0.0,0.162,0.0	0.392,0.659,0.367	-0.419
4045	ENSG00000185499	MUC1	chr1	-	155188162	155188231	155188162	155188212	155188327	155188503	4045	7,9,8	0,2,0	4,7,5	3,0,5	168	149	0.000833977125091	0.0448568496349	1.0,0.8,1.0	0.542,1.0,0.47	0.263
4114	ENSG00000149474	KAT14	chr20	+	18161819	18162239	18161822	18162239	18150820	18150942	4114	11,0,1	4,8,0	3,6,4	0,0,0	152	149	3.71553788132e-05	0.00632752605983	0.729,0.0,1.0	1.0,1.0,1.0	-0.424
4133	ENSG00000092068	SLC7A8	chr14	-	23128018	23128364	23128018	23128196	23129649	23129799	4133	0,2,0	29,18,33	9,3,3	42,12,19	317	149	8.00896690714e-05	0.00981031324326	0.0,0.05,0.0	0.092,0.105,0.069	-0.072
4281	ENSG00000159214	CCDC24	chr1	+	43993886	43993964	43993889	43993964	43991846	43992004	4281	3,0,1	19,14,12	2,5,10	12,6,5	152	149	0.000245318435609	0.019856592992	0.134,0.0,0.076	0.14,0.45,0.662	-0.347
4387	ENSG00000291027	UBE2Q2P1	chr15	-	84569504	84569683	84569504	84569679	84570598	84570643	4387	12,12,10	0,1,0	4,7,13	0,6,3	153	149	9.55790163073e-05	0.0107850559939	1.0,0.921,1.0	1.0,0.532,0.808	0.194
4409	ENSG00000245526	MIR9-2HG	chr5	-	88540509	88541120	88540509	88541041	88542034	88542070	4409	28,23,19	0,4,4	12,17,19	0,1,0	228	149	0.000817447644865	0.044411903022	1.0,0.79,0.756	1.0,0.917,1.0	-0.124
4814	ENSG00000085998	POMGNT1	chr1	-	46196011	46196849	46196011	46196077	46196969	46197084	4814	830,796,649	16,42,19	807,830,815	15,12,12	921	149	0.000990331370706	0.0496143250267	0.894,0.754,0.847	0.897,0.918,0.917	-0.079
4912	ENSG00000048740	CELF2	chr10	+	11321188	11321386	11321206	11321386	11320856	11320898	4912	23,8,8	14,5,2	15,24,9	0,2,2	167	149	9.20886625025e-05	0.0106760463597	0.594,0.588,0.781	1.0,0.915,0.801	-0.251
5162	ENSG00000089091	DZANK1	chr20	-	18465249	18465452	18465249	18465379	18466861	18467001	5162	2,1,0	7,0,2	1,8,1	0,0,3	222	149	0.000586344207798	0.0361116417444	0.161,1.0,0.0	1.0,1.0,0.183	-0.341
5212	ENSG00000099953	MMP11	chr22	+	23781787	23782483	23782225	23782483	23781192	23781409	5212	18,22,26	73,105,62	6,5,10	135,85,112	587	149	5.2935069661e-09	1.22022897721e-05	0.059,0.05,0.096	0.011,0.015,0.022	0.052
5276	ENSG00000141252	VPS53	chr17	-	667409	670807	667409	669887	697417	697484	5276	25,14,11	1,0,0	10,7,14	2,4,0	1069	149	2.65362010636e-05	0.00515889325738	0.777,1.0,1.0	0.411,0.196,1.0	0.39
5345	ENSG00000278053	DDX52	chr17	-	37619767	37621277	37619767	37619839	37621397	37621520	5345	597,569,439	7,0,5	583,591,549	0,1,0	1587	149	0.000221314186368	0.0183587255817	0.889,1.0,0.892	1.0,0.982,1.0	-0.067
5494	ENSG00000130299	GTPBP3	chr19	+	17337873	17338255	17338007	17338255	17337558	17337576	5494	20,37,26	3,1,0	12,18,20	8,6,3	283	149	9.79361492772e-05	0.0109742896162	0.778,0.951,1.0	0.441,0.612,0.778	0.299
5509	ENSG00000237441	RGL2	chr6	-	33293412	33293699	33293412	33293524	33293794	33293916	5509	261,283,182	2,3,4	277,251,204	3,3,26	324	149	0.000998145304991	0.0496143250267	0.984,0.977,0.954	0.977,0.975,0.783	0.06
5915	ENSG00000118495	PLAGL1	chr6	-	143966157	143966285	143966157	143966212	143968906	143968978	5915	39,64,75	2,7,7	32,30,45	8,15,8	222	149	0.000848061039766	0.0451627489692	0.929,0.86,0.878	0.729,0.573,0.791	0.191
5989	ENSG00000136811	ODF2	chr9	+	128460512	128460666	128460549	128460666	128459566	128459657	5989	357,387,428	78,75,57	404,400,306	36,35,33	186	149	1.08927838454e-05	0.00278450766242	0.786,0.805,0.857	0.9,0.902,0.881	-0.078
6054	ENSG00000100307	CBX7	chr22	-	39134400	39134752	39134400	39134473	39138635	39138702	6054	105,61,53	1,0,0	94,86,53	5,3,8	428	149	1.92044106095e-06	0.00106855989515	0.973,1.0,1.0	0.867,0.909,0.698	0.166
6180	ENSG00000050426	LETMD1	chr12	+	51053777	51053860	51053811	51053860	51052091	51052207	6180	64,97,52	4,2,10	82,73,67	0,0,1	183	149	1.32395138782e-05	0.00305189708484	0.929,0.975,0.809	1.0,1.0,0.982	-0.09
6401	ENSG00000075413	MARK3	chr14	+	103489052	103491107	103490951	103491107	103480386	103480490	6401	345,298,233	8,2,5	127,358,286	0,0,1	2048	149	2.22765621771e-06	0.0011981820243	0.758,0.916,0.772	1.0,1.0,0.954	-0.169
6528	ENSG00000276170	NA	chr17	-	38451305	38451525	38451305	38451393	38451625	38451756	6528	2,0,0	4,2,1	3,3,12	2,12,0	281	149	0.000338081841622	0.0240321083542	0.21,0.0,0.0	0.443,0.117,1.0	-0.45
6637	ENSG00000255717	SNHG1	chr11	-	62851987	62852993	62851987	62852681	62853074	62853115	6637	209,266,180	19,14,6	243,189,175	47,23,27	461	149	8.43888487501e-06	0.00254233400557	0.78,0.86,0.907	0.626,0.726,0.677	0.173
6674	ENSG00000255717	SNHG1	chr11	-	62854518	62854938	62854518	62854551	62855132	62855216	6674	1119,1465,919	105,125,111	1336,1212,952	240,144,144	536	149	0.000354713933799	0.0245650816986	0.748,0.765,0.697	0.607,0.701,0.648	0.085
6725	ENSG00000146733	PSPH	chr7	-	56033960	56034106	56033960	56034103	56051313	56051467	6725	4,2,11	1,0,6	9,2,6	0,0,0	152	149	0.000208745821304	0.0178218125532	0.797,1.0,0.642	1.0,1.0,1.0	-0.187
6806	ENSG00000291035	RRP7BP	chr22	-	42555211	42556674	42555211	42555802	42574679	42574818	6806	176,268,138	4,5,1	204,154,167	9,9,13	1021	149	0.000186115686125	0.0168953799164	0.865,0.887,0.953	0.768,0.714,0.652	0.19
6853	ENSG00000243836	WDR86-AS1	chr7	+	151411966	151413048	151412718	151413048	151411669	151411792	6853	26,26,19	0,0,0	23,41,12	0,3,7	901	149	6.57745277044e-06	0.00217994281488	1.0,1.0,1.0	1.0,0.693,0.221	0.362
6881	ENSG00000105726	ATP13A1	chr19	-	19653968	19654144	19653968	19654074	19654542	19654700	6881	385,407,307	66,69,54	514,374,359	55,42,25	219	149	9.35019685381e-05	0.0107003387541	0.799,0.801,0.795	0.864,0.858,0.907	-0.078
6977	ENSG00000213930	GALT	chr9	+	34647491	34647567	34647540	34647567	34647088	34647258	6977	255,233,186	22,32,20	230,233,213	11,18,8	198	149	0.00100237171286	0.0496143250267	0.897,0.846,0.875	0.94,0.907,0.952	-0.06
6993	ENSG00000126218	F10	chr13	+	113140566	113141050	113140918	113141050	113139356	113139470	6993	10,4,3	31,22,12	1,2,2	45,35,22	501	149	0.000205649690494	0.0177452588546	0.088,0.051,0.069	0.007,0.017,0.026	0.053
7015	ENSG00000123416	TUBA1B	chr12	-	49130118	49130402	49130118	49130344	49131297	49131395	7015	4,18,4	1,1,0	0,1,9	8,6,0	207	149	3.17515457521e-05	0.00582207888927	0.742,0.928,1.0	0.0,0.107,1.0	0.521
7092	ENSG00000122008	POLK	chr5	+	75593877	75594049	75593965	75594049	75587025	75587058	7092	71,46,32	1,8,3	45,64,47	1,0,0	237	149	5.13997694794e-05	0.00740523821714	0.978,0.783,0.87	0.966,1.0,1.0	-0.112
7241	ENSG00000211456	SACM1L	chr3	+	45706779	45709647	45709596	45709647	45705134	45705209	7241	948,1164,829	0,0,0	841,902,881	8,2,1	2966	149	0.000190152173242	0.0170460859302	1.0,1.0,1.0	0.841,0.958,0.978	0.074
7243	ENSG00000211456	SACM1L	chr3	+	45707111	45709647	45709596	45709647	45705134	45705209	7243	692,808,574	0,0,0	561,618,567	8,2,1	2634	149	3.51307651745e-05	0.00616163072669	1.0,1.0,1.0	0.799,0.946,0.97	0.095
7330	ENSG00000100241	SBF1	chr22	-	50459254	50459410	50459254	50459381	50459469	50459666	7330	79,108,49	2,4,2	88,79,55	22,11,6	178	149	1.43384663909e-06	0.00089963543522	0.971,0.958,0.954	0.77,0.857,0.885	0.124
7356	ENSG00000288920	RPSA2	chr19	+	23868754	23869934	23869914	23869934	23865037	23865177	7356	173,127,70	0,0,2	119,129,119	1,6,3	1309	149	0.00038771050973	0.0261761371757	1.0,1.0,0.799	0.931,0.71,0.819	0.113
7398	ENSG00000068650	ATP11A	chr13	+	112881815	112887168	112881875	112887168	112875775	112875941	7398	89,95,49	50,47,28	68,108,78	17,38,18	209	149	0.000878031433987	0.0461649637305	0.559,0.59,0.555	0.74,0.67,0.755	-0.154
7435	ENSG00000173559	NABP1	chr2	+	191683289	191683804	191683728	191683804	191681945	191682017	7435	5,14,7	30,26,26	41,28,32	61,40,35	588	149	0.000467499668261	0.0302325057558	0.041,0.12,0.064	0.146,0.151,0.188	-0.087
7456	ENSG00000022355	GABRA1	chr5	+	161881731	161882701	161882557	161882701	161875559	161875642	7456	13,5,10	23,17,14	0,0,2	9,17,16	975	149	3.89521373656e-06	0.00161161971418	0.08,0.043,0.098	0.0,0.0,0.019	0.067
7611	ENSG00000197343	ZNF655	chr7	+	99562343	99562494	99562348	99562494	99561887	99561973	7611	14,7,7	0,1,0	4,5,7	3,4,0	154	149	0.000286711637491	0.0218225423705	1.0,0.871,1.0	0.563,0.547,1.0	0.254
7680	ENSG00000139174	PRICKLE1	chr12	-	42472384	42472564	42472384	42472561	42589464	42589746	7680	15,22,7	0,0,0	16,16,10	0,2,6	152	149	0.000306524670973	0.0222796490577	1.0,1.0,1.0	1.0,0.887,0.62	0.164
7706	ENSG00000293616	PCBP1-AS1	chr2	-	69993379	69994250	69993379	69994218	69996685	69996888	7706	3,9,4	0,0,0	5,11,5	4,2,1	181	149	4.19523483982e-05	0.00670240686885	1.0,1.0,1.0	0.507,0.819,0.805	0.29
7714	ENSG00000293616	PCBP1-AS1	chr2	-	70053730	70053812	70053730	70053792	70055713	70055910	7714	0,0,0	7,9,2	3,2,2	3,10,1	169	149	3.6499449986e-05	0.00632752605983	0.0,0.0,0.0	0.469,0.15,0.638	-0.419
7758	ENSG00000139546	TARBP2	chr12	+	53504611	53504815	53504697	53504815	53503712	53503808	7758	38,47,22	1,3,0	30,26,31	10,4,3	235	149	0.000262905697872	0.0209033365623	0.96,0.909,1.0	0.655,0.805,0.868	0.18
7994	ENSG00000142208	AKT1	chr14	-	104793126	104794261	104793126	104793210	104795010	104795044	7994	563,639,523	1,0,0	602,502,466	3,9,2	1200	149	9.14068318242e-05	0.0106760463597	0.986,1.0,1.0	0.961,0.874,0.967	0.061
8009	ENSG00000106628	POLD2	chr7	-	44114708	44116510	44114708	44114945	44121833	44122109	8009	170,148,137	1,9,8	162,144,98	0,0,3	1714	149	0.000483406999026	0.0307096666783	0.937,0.588,0.598	1.0,1.0,0.74	-0.206
8070	ENSG00000242808	SOX2-OT	chr3	+	181671417	181671747	181671506	181671747	181610860	181610929	8070	8,18,11	3,2,6	13,7,8	1,1,0	238	149	0.000374171738987	0.0256579887215	0.625,0.849,0.534	0.891,0.814,1.0	-0.232
8116	ENSG00000114626	ABTB1	chr3	+	127676966	127677286	127677167	127677286	127676535	127676581	8116	57,28,22	1,0,0	36,34,32	3,9,1	350	149	8.20451790717e-06	0.00254233400557	0.96,1.0,1.0	0.836,0.617,0.932	0.192
8138	ENSG00000159023	EPB41	chr1	+	28987430	28987905	28987447	28987905	28887123	28887210	8138	69,130,78	51,79,22	70,82,51	90,71,72	166	149	0.000753837737376	0.0429820697184	0.548,0.596,0.761	0.411,0.509,0.389	0.199
8255	ENSG00000184634	MED12	chrX	+	71137557	71137635	71137560	71137635	71137186	71137383	8255	55,47,40	1,1,2	81,79,31	5,11,6	152	149	0.000301826823089	0.0221376255335	0.982,0.979,0.951	0.941,0.876,0.835	0.087
8343	ENSG00000135409	AMHR2	chr12	+	53425685	53425919	53425688	53425919	53425454	53425487	8343	0,0,0	3,4,2	5,1,3	2,3,5	152	149	2.36617853644e-07	0.0002386291054	0.0,0.0,0.0	0.71,0.246,0.37	-0.442
8596	ENSG00000136986	DERL1	chr8	-	123014148	123019305	123014148	123015585	123021446	123021499	8596	1004,952,638	12,8,2	807,849,787	21,21,14	3869	149	0.000166963035534	0.0156634624499	0.763,0.821,0.925	0.597,0.609,0.684	0.206
8881	ENSG00000171798	KNDC1	chr10	+	133212669	133212922	133212715	133212922	133211678	133211858	8881	7,5,10	52,68,60	1,2,1	49,74,52	195	149	3.37364831263e-05	0.00598210870029	0.093,0.053,0.113	0.015,0.02,0.014	0.07
8923	ENSG00000164638	SLC29A4	chr7	+	5291692	5291821	5291729	5291821	5290731	5290863	8923	94,90,66	6,5,11	74,116,71	1,1,1	186	149	3.25903739085e-06	0.00150250935254	0.926,0.935,0.828	0.983,0.989,0.983	-0.089
8931	ENSG00000237187	NR2F1-AS1	chr5	-	93563363	93563463	93563363	93563460	93569889	93570002	8931	2,6,8	1,1,4	11,3,7	0,0,0	152	149	0.000460786918388	0.0301022579559	0.662,0.855,0.662	1.0,1.0,1.0	-0.274
9094	ENSG00000165282	PIGO	chr9	-	35091239	35091533	35091239	35091291	35092526	35092767	9094	142,130,140	10,1,6	137,150,181	3,0,0	391	149	3.98653268376e-05	0.00656394810053	0.844,0.98,0.899	0.946,1.0,1.0	-0.074
9339	ENSG00000236088	COX10-DT	chr17	-	13892724	13892842	13892724	13892839	14034007	14034416	9339	3,3,2	4,2,0	1,0,0	0,2,6	152	149	0.000339682048579	0.0240399541047	0.424,0.595,1.0	1.0,0.0,0.0	0.34
9458	ENSG00000197563	PIGN	chr18	-	62148213	62148338	62148213	62148253	62154544	62154651	9458	181,151,144	1,4,2	245,143,125	7,21,3	234	149	9.1090289616e-05	0.0106760463597	0.991,0.96,0.979	0.957,0.813,0.964	0.065
9469	ENSG00000161204	ABCF3	chr3	+	184187663	184187983	184187860	184187983	184186795	184186875	9469	23,28,27	1,2,6	24,21,18	0,0,0	346	149	9.54384611374e-06	0.00265516380847	0.908,0.858,0.66	1.0,1.0,1.0	-0.191
9578	ENSG00000180071	ANKRD18A	chr9	-	38542311	38543156	38542311	38543055	38543238	38543363	9578	4,14,5	0,1,0	4,6,11	0,2,4	250	149	0.000803894585437	0.044411903022	1.0,0.893,1.0	1.0,0.641,0.621	0.21
9580	ENSG00000261915	NA	chr17	-	7315330	7315778	7315330	7315655	7316275	7316327	9580	2,4,3	0,0,0	2,3,2	3,1,1	272	149	6.5103163461e-05	0.00868185657526	1.0,1.0,1.0	0.268,0.622,0.523	0.529
9587	ENSG00000028310	BRD9	chr5	-	869244	869404	869244	869394	870472	870575	9587	6,1,2	4,8,4	15,3,5	1,2,2	159	149	0.000862903441013	0.0458020063296	0.584,0.105,0.319	0.934,0.584,0.701	-0.404
9619	ENSG00000109381	ELF2	chr4	-	139071865	139072039	139071865	139072003	139073453	139073567	9619	95,68,75	227,310,252	112,118,95	214,222,186	185	149	8.02529343152e-05	0.00981031324326	0.252,0.15,0.193	0.297,0.3,0.291	-0.098
9642	ENSG00000243710	CFAP57	chr1	+	43172731	43172910	43172734	43172910	43172329	43172453	9642	3,2,6	8,8,4	0,1,1	7,2,12	152	149	0.000281601268803	0.021741234801	0.269,0.197,0.595	0.0,0.329,0.076	0.219
9737	ENSG00000269609	C10orf95-AS1	chr10	+	102451398	102452187	102452065	102452187	102450186	102450330	9737	25,25,19	4,2,0	17,9,19	1,0,0	816	149	0.000301776572036	0.0221376255335	0.533,0.695,1.0	0.756,1.0,1.0	-0.176
9922	ENSG00000267498	UQCRFS1-DT	chr19	+	29219295	29219716	29219452	29219716	29218866	29218978	9922	1,1,2	2,0,3	0,6,3	1,0,0	306	149	0.000343268806289	0.0241877094248	0.196,1.0,0.245	0.0,1.0,1.0	-0.186
9978	ENSG00000104221	BRF2	chr8	-	37845685	37845790	37845685	37845774	37846853	37847175	9978	1,1,2	2,0,0	1,0,1	5,5,0	165	149	3.24737214182e-05	0.0058875951551	0.311,1.0,1.0	0.153,0.0,1.0	0.386
10154	ENSG00000125967	NECAB3	chr20	-	33669374	33669712	33669374	33669472	33672397	33672422	10154	11,7,15	6,2,0	9,6,11	0,0,1	389	149	0.000105732963426	0.0113372015039	0.413,0.573,1.0	1.0,1.0,0.808	-0.274
10282	ENSG00000048162	NOP16	chr5	-	176383945	176384374	176383945	176384283	176385220	176385327	10282	504,476,467	63,45,85	547,546,419	123,121,85	240	149	0.000193097609199	0.0171852125456	0.832,0.868,0.773	0.734,0.737,0.754	0.083
10348	ENSG00000272690	LINC02018	chr3	+	75436159	75436352	75436218	75436352	75435281	75435413	10348	0,0,2	4,1,0	0,4,2	1,0,0	208	149	2.21629046515e-05	0.00441506949946	0.0,0.0,1.0	0.0,1.0,1.0	-0.333
10350	ENSG00000272690	LINC02018	chr3	+	75436130	75436352	75436218	75436352	75435282	75435413	10350	0,0,1	4,1,0	2,4,3	1,0,0	237	149	9.04719967942e-07	0.000688676300845	0.0,0.0,1.0	0.557,1.0,1.0	-0.519
10417	ENSG00000198759	EGFL6	chrX	+	13623820	13623925	13623823	13623925	13619162	13619243	10417	4,0,6	5,3,0	0,0,0	12,5,3	152	149	1.68818428488e-05	0.00368115427308	0.44,0.0,1.0	0.0,0.0,0.0	0.48
10574	ENSG00000147124	ZNF41	chrX	-	47456271	47456438	47456271	47456398	47483094	47483222	10574	10,10,1	0,0,0	4,5,2	2,2,2	189	149	3.72530351812e-05	0.00632752605983	1.0,1.0,1.0	0.612,0.663,0.441	0.428
10623	ENSG00000092931	MFSD11	chr17	+	76741993	76742048	76742018	76742048	76740956	76741064	10623	36,34,14	0,0,0	24,29,19	7,4,0	174	149	1.28721156242e-05	0.00301020953206	1.0,1.0,1.0	0.746,0.861,1.0	0.131
10775	ENSG00000267213	DPY19L3-DT	chr19	-	32391115	32391430	32391115	32391186	32399750	32399872	10775	5,2,6	3,7,5	0,1,0	3,7,4	393	149	1.78040773753e-05	0.00383048790037	0.387,0.098,0.313	0.0,0.051,0.0	0.249
10789	ENSG00000224592	MIR3659HG	chr1	+	38118728	38119524	38118962	38119524	38105631	38105752	10789	5,9,23	5,2,2	8,9,9	1,0,1	383	149	0.000955337710944	0.0486287990656	0.28,0.636,0.817	0.757,1.0,0.778	-0.267
10893	ENSG00000228203	GRASLND	chr2	-	6915822	6916044	6915822	6915967	6916849	6917224	10893	8,5,1	0,4,3	6,2,9	1,0,0	226	149	0.000132453119628	0.0131929848044	1.0,0.452,0.18	0.798,1.0,1.0	-0.389
11126	ENSG00000266714	MYO15B	chr17	+	75590906	75591246	75591171	75591246	75588057	75590385	11126	3,0,7	3,5,1	5,6,2	0,0,0	414	149	1.50333301363e-10	1.77315167216e-06	0.265,0.0,0.716	1.0,1.0,1.0	-0.673
11173	ENSG00000177943	MAMDC4	chr9	+	136856463	136856826	136856709	136856826	136856017	136856149	11173	70,69,40	18,7,8	42,45,31	0,2,0	395	149	5.53370820278e-08	7.44099296334e-05	0.595,0.788,0.654	1.0,0.895,1.0	-0.286
11296	ENSG00000233527	ZNF529-AS1	chr19	+	36593828	36593931	36593845	36593931	36577227	36577283	11296	0,2,3	1,2,2	1,1,1	0,0,0	166	149	0.000262975788432	0.0209033365623	0.0,0.473,0.574	1.0,1.0,1.0	-0.651
11353	ENSG00000187240	DYNC2H1	chr11	+	103192096	103192264	103192117	103192264	103191516	103191619	11353	68,79,22	28,20,12	68,64,53	6,8,12	170	149	0.000740285924175	0.0429697077985	0.68,0.776,0.616	0.909,0.875,0.795	-0.169
11919	ENSG00000149091	DGKZ	chr11	+	46368001	46368079	46368004	46368079	46367290	46367399	11919	14,4,5	0,0,0	6,5,2	3,4,0	152	149	5.09791930479e-05	0.00740523821714	1.0,1.0,1.0	0.662,0.551,1.0	0.262
12066	ENSG00000204536	CCHCR1	chr6	-	31157022	31157155	31157022	31157089	31158170	31158194	12066	9,11,4	3,1,4	10,6,11	1,1,0	215	149	0.000645386673448	0.0387400603652	0.675,0.884,0.409	0.874,0.806,1.0	-0.237
12148	ENSG00000149403	GRIK4	chr11	+	120653684	120653792	120653687	120653792	120564485	120564725	12148	13,32,9	2,11,3	21,13,5	1,0,0	152	149	3.40444447156e-06	0.00152594766647	0.864,0.74,0.746	0.954,1.0,1.0	-0.201
12341	ENSG00000285533	RELA-DT	chr11	+	65665420	65665543	65665445	65665543	65663426	65663683	12341	23,19,7	0,0,0	15,13,21	2,3,4	174	149	3.79154665248e-05	0.00637295799838	1.0,1.0,1.0	0.865,0.788,0.818	0.176
12343	ENSG00000285533	RELA-DT	chr11	+	65665426	65665543	65665445	65665543	65663426	65663683	12343	4,4,1	0,0,0	5,5,3	2,3,4	168	149	8.52335052537e-08	9.82377029124e-05	1.0,1.0,1.0	0.689,0.596,0.399	0.439
12563	ENSG00000203709	MIR29B2CHG	chr1	-	207806004	207806284	207806004	207806097	207815928	207816080	12563	0,1,2	3,0,4	6,1,6	0,0,0	336	149	2.3512659042e-08	3.79400266302e-05	0.0,1.0,0.181	1.0,1.0,1.0	-0.606
12584	ENSG00000198221	AFDN-DT	chr6	-	167825402	167825550	167825402	167825531	167826654	167826796	12584	24,29,22	0,0,1	25,8,25	0,4,4	168	149	0.000898919350499	0.0466397512529	1.0,1.0,0.951	1.0,0.639,0.847	0.155
12597	ENSG00000137221	TJAP1	chr6	+	43502587	43503508	43503400	43503508	43502282	43502349	12597	160,188,133	112,109,116	126,140,124	176,175,107	962	149	8.92370069805e-05	0.0105877084165	0.181,0.211,0.151	0.1,0.11,0.152	0.06
12990	ENSG00000101104	PABPC1L	chr20	+	44933056	44933185	44933071	44933185	44930517	44930726	12990	8,18,11	5,3,2	32,15,26	0,0,0	164	149	1.15050393035e-06	0.000807153540006	0.592,0.845,0.833	1.0,1.0,1.0	-0.243
13345	ENSG00000088179	PTPN4	chr2	+	119877442	119877542	119877463	119877542	119877322	119877365	13345	5,2,3	78,57,38	11,12,14	65,49,65	170	149	7.30285759191e-05	0.00927865433882	0.053,0.03,0.065	0.129,0.177,0.159	-0.106
13432	ENSG00000126822	PLEKHG3	chr14	+	64731360	64731806	64731713	64731806	64731037	64731169	13432	426,422,324	14,15,19	673,507,583	9,4,14	502	149	6.40351881255e-05	0.00868185657526	0.9,0.893,0.835	0.957,0.974,0.925	-0.076
13555	ENSG00000109046	WSB1	chr17	+	27307743	27309272	27309099	27309272	27306781	27306882	13555	10954,11046,8519	342,354,267	7453,8335,7363	550,421,383	1505	149	3.63101415601e-09	9.76500740356e-06	0.76,0.755,0.76	0.573,0.662,0.656	0.128
13564	ENSG00000140374	ETFA	chr15	-	76227712	76227918	76227712	76227897	76231332	76231398	13564	1,1,7	2,4,0	14,7,7	0,0,0	170	149	0.000227088274562	0.0186953897874	0.305,0.18,1.0	1.0,1.0,1.0	-0.505
13760	ENSG00000148180	GSN	chr9	+	121301923	121302167	121301962	121302167	121300055	121300126	13760	4,3,5	8,6,2	3,1,0	8,15,12	188	149	0.000927357878013	0.0476555628013	0.284,0.284,0.665	0.229,0.05,0.0	0.318
13764	ENSG00000196605	ZNF846	chr19	-	9763281	9763461	9763281	9763408	9764935	9765035	13764	4,4,1	79,81,53	11,8,9	74,61,54	202	149	0.000273709631849	0.0212414355883	0.036,0.035,0.014	0.099,0.088,0.109	-0.07
14086	ENSG00000161513	FDXR	chr17	-	74864147	74864347	74864147	74864345	74864823	74864931	14086	29,33,25	10,5,2	28,20,35	0,2,1	151	149	0.000115316923977	0.0120048637761	0.741,0.867,0.925	1.0,0.908,0.972	-0.116
14612	ENSG00000307069	NA	chrX	-	47125749	47125850	47125749	47125843	47126245	47126375	14612	1,0,1	3,9,1	2,1,0	0,0,1	156	149	6.99439446799e-05	0.00902892393084	0.241,0.0,0.489	1.0,1.0,0.0	-0.423
14796	ENSG00000079691	CARMIL1	chr6	+	25606060	25606273	25606078	25606273	25604811	25604893	14796	71,61,37	7,4,2	75,65,44	25,14,9	167	149	4.49852904529e-05	0.00697964083412	0.9,0.932,0.943	0.728,0.806,0.814	0.142
14812	ENSG00000178078	STAP2	chr19	-	4324454	4324667	4324454	4324664	4325215	4325308	14812	7,8,5	0,1,0	6,1,9	3,4,0	152	149	0.000815568684135	0.044411903022	1.0,0.887,1.0	0.662,0.197,1.0	0.343
14841	ENSG00000290873	LINC03009	chr7	+	76551419	76551522	76551463	76551522	76549716	76549861	14841	68,55,45	5,18,8	61,70,94	3,5,3	193	149	0.000271895631772	0.0212414355883	0.913,0.702,0.813	0.94,0.915,0.96	-0.129
14905	ENSG00000163701	IL17RE	chr3	+	9914401	9914599	9914547	9914599	9913955	9914024	14905	5,2,3	3,0,1	1,0,1	0,2,7	295	149	0.000788147575592	0.043853618206	0.457,1.0,0.602	1.0,0.0,0.067	0.331
14921	ENSG00000149781	FERMT3	chr11	+	64220407	64220669	64220435	64220669	64220219	64220326	14921	3,0,0	6,1,1	1,4,1	0,2,1	177	149	0.000751296985422	0.0429820697184	0.296,0.0,0.0	1.0,0.627,0.457	-0.596
14988	ENSG00000049192	ADAMTS6	chr5	-	65273339	65273447	65273339	65273443	65291328	65291470	14988	2,10,6	4,4,2	7,6,2	2,0,0	153	149	0.00049578234823	0.0312497811369	0.327,0.709,0.745	0.773,1.0,1.0	-0.331
15088	ENSG00000107521	HPS1	chr10	-	98445299	98445413	98445299	98445404	98446646	98446763	15088	43,31,38	5,10,2	51,21,27	0,0,3	158	149	0.000204175008867	0.0177127308768	0.89,0.745,0.947	1.0,1.0,0.895	-0.104
15450	ENSG00000172493	AFF1	chr4	+	87134470	87134694	87134473	87134694	87132270	87132408	15450	57,65,73	3,0,0	62,65,53	6,5,5	152	149	0.00013442003949	0.0133067592467	0.949,1.0,1.0	0.91,0.927,0.912	0.067
15465	ENSG00000290683	NA	chr1	-	247202015	247202113	247202015	247202095	247210690	247210872	15465	6,3,6	41,41,42	3,1,0	55,63,39	167	149	0.000494812261025	0.0312497811369	0.115,0.061,0.113	0.046,0.014,0.0	0.076
15618	ENSG00000116641	DOCK7	chr1	-	62477699	62477834	62477699	62477825	62488933	62489065	15618	119,129,94	32,14,36	140,170,133	12,16,18	158	149	0.000699346290254	0.0411848603633	0.778,0.897,0.711	0.917,0.909,0.874	-0.105
15669	ENSG00000104529	EEF1D	chr8	-	143590607	143590738	143590607	143590735	143597347	143597415	15669	10,3,12	0,1,0	8,11,8	2,4,1	152	149	0.000885990633619	0.0462664882333	1.0,0.746,1.0	0.797,0.729,0.887	0.111
15769	ENSG00000160058	BSDC1	chr1	-	32383829	32384048	32383829	32383997	32394079	32394140	15769	12,14,21	1,4,0	9,8,7	5,7,11	200	149	1.07989126212e-05	0.00278450766242	0.899,0.723,1.0	0.573,0.46,0.322	0.422
15781	ENSG00000146350	TBC1D32	chr6	-	121317494	121317690	121317494	121317672	121321632	121321794	15781	0,0,2	40,41,24	8,4,4	47,40,38	167	149	7.64342805922e-05	0.00958617146353	0.0,0.0,0.069	0.132,0.082,0.086	-0.077
15958	ENSG00000154556	SORBS2	chr4	-	185622913	185624494	185622913	185624457	185626831	185627019	15958	160,121,68	1,6,11	76,125,114	14,15,22	186	149	0.000115010801663	0.0120048637761	0.992,0.942,0.832	0.813,0.87,0.806	0.092
16012	ENSG00000167595	PROSER3	chr19	+	35767050	35768065	35767071	35768065	35766767	35766955	16012	5,28,24	104,157,123	8,5,10	127,128,127	170	149	0.0006030732092	0.0370007197857	0.04,0.135,0.146	0.052,0.033,0.065	0.057
16035	ENSG00000178026	LRRC75B	chr22	-	24588213	24589393	24588213	24588329	24589820	24589949	16035	300,289,222	68,53,36	268,228,177	81,86,66	1213	149	3.09236073405e-05	0.00580213172147	0.351,0.401,0.431	0.289,0.246,0.248	0.133
16297	ENSG00000273784	NA	chr13	+	52631423	52631982	52631428	52631982	52627437	52627578	16297	8,4,6	0,0,0	11,4,6	9,1,1	154	149	8.32001548656e-07	0.000681618566823	1.0,1.0,1.0	0.542,0.795,0.853	0.27
16321	ENSG00000187531	SIRT7	chr17	-	81914293	81914702	81914293	81914530	81915439	81915512	16321	172,179,127	6,5,4	151,114,119	12,15,10	321	149	0.000143721973736	0.0140550713778	0.93,0.943,0.936	0.854,0.779,0.847	0.11
16496	ENSG00000225484	NUTM2B-AS1	chr10	-	79716444	79723654	79716444	79716671	79766270	79766324	16496	357,401,323	1,4,5	316,335,418	0,2,0	7132	149	0.000239453533673	0.0196000039189	0.882,0.677,0.574	1.0,0.778,1.0	-0.215
16552	ENSG00000130305	NSUN5	chr7	-	73304229	73304408	73304229	73304404	73304958	73305097	16552	14,12,4	3,4,0	17,6,14	0,0,0	153	149	0.000441364267206	0.0289506252668	0.82,0.745,1.0	1.0,1.0,1.0	-0.145
16737	ENSG00000103253	HAGHL	chr16	+	728315	728604	728503	728604	728115	728233	16737	120,105,53	2,0,1	164,143,147	0,3,17	337	149	0.000696807663429	0.0411848603633	0.964,1.0,0.959	1.0,0.955,0.793	0.058
16943	ENSG00000162772	ATF3	chr1	+	212615147	212615261	212615151	212615261	212615021	212615060	16943	34,12,20	5,0,0	66,13,18	19,6,5	153	149	0.000208562859656	0.0178218125532	0.869,1.0,1.0	0.772,0.678,0.778	0.214
17008	ENSG00000089157	RPLP0	chr12	-	120198553	120198770	120198553	120198739	120198894	120199000	17008	84,110,81	2,0,1	107,107,102	14,7,2	180	149	1.23908692478e-05	0.00297614174109	0.972,1.0,0.985	0.864,0.927,0.977	0.063
17439	ENSG00000260565	ERVK13-1	chr16	-	2663083	2663430	2663083	2663407	2669410	2669561	17439	13,19,10	24,27,32	4,7,3	27,42,36	172	149	6.12191358287e-05	0.00844300833959	0.319,0.379,0.213	0.114,0.126,0.067	0.201
17504	ENSG00000107959	PITRM1	chr10	-	3165412	3165523	3165412	3165483	3166228	3166380	17504	86,74,55	22,15,12	83,101,62	6,6,8	189	149	0.000144592330733	0.0140550713778	0.755,0.795,0.783	0.916,0.93,0.859	-0.124
17545	ENSG00000251136	PARAIL	chr8	-	89722014	89722156	89722014	89722081	89724628	89724966	17545	5,5,3	3,3,1	7,8,10	0,0,1	224	149	1.46086820132e-05	0.00327396795785	0.526,0.526,0.666	1.0,1.0,0.869	-0.384
17564	ENSG00000143971	ETAA1	chr2	+	67403224	67405335	67405235	67405335	67402861	67402974	17564	1868,2431,1678	9,3,14	1860,1635,1688	31,13,20	2160	149	1.1512330274e-05	0.00281459032275	0.935,0.982,0.892	0.805,0.897,0.853	0.085
17565	ENSG00000143971	ETAA1	chr2	+	67404996	67405335	67405235	67405335	67402861	67402974	17565	191,294,224	9,3,14	219,180,193	31,13,20	388	149	2.21284674079e-05	0.00441506949946	0.891,0.974,0.86	0.731,0.842,0.787	0.122
17877	ENSG00000227888	FAM66A	chr8	+	12480714	12480935	12480828	12480935	12447087	12447211	17877	1,0,0	0,5,1	3,0,4	0,2,0	263	149	0.000211836590011	0.017990501139	1.0,0.0,0.0	1.0,0.0,1.0	-0.333
17884	ENSG00000227888	FAM66A	chr8	+	12570614	12570814	12570704	12570814	12530942	12531031	17884	2,3,3	3,3,4	1,1,0	3,4,11	239	149	0.000312206805789	0.022588075353	0.294,0.384,0.319	0.172,0.135,0.0	0.23
17886	ENSG00000105219	CCNP	chr19	-	40223387	40223642	40223387	40223546	40224487	40224643	17886	4,2,6	0,2,0	1,1,1	4,1,2	245	149	4.86333103977e-06	0.00191401730873	1.0,0.378,1.0	0.132,0.378,0.233	0.545
17918	ENSG00000154889	MPPE1	chr18	-	11886712	11886781	11886712	11886778	11886916	11887025	17918	18,16,24	70,62,56	29,28,24	41,47,27	152	149	0.00032324101375	0.0231814088794	0.201,0.202,0.296	0.409,0.369,0.466	-0.182
17950	ENSG00000135541	AHI1	chr6	-	135301407	135301539	135301407	135301504	135302711	135302817	17950	16,33,11	2,12,0	18,15,44	1,0,0	184	149	1.13728587173e-05	0.00281459032275	0.866,0.69,1.0	0.936,1.0,1.0	-0.127
17962	ENSG00000150627	WDR17	chr4	+	176168647	176168783	176168671	176168783	176166123	176166144	17962	1,1,0	57,38,45	6,3,3	20,37,41	173	149	0.000127228130772	0.0127512616033	0.015,0.022,0.0	0.205,0.065,0.059	-0.097
18023	ENSG00000167397	VKORC1	chr16	-	31093311	31093482	31093311	31093421	31094234	31094549	18023	16,15,11	8,4,0	19,15,21	0,0,0	210	149	1.38897103741e-06	0.00089963543522	0.587,0.727,1.0	1.0,1.0,1.0	-0.229
18118	ENSG00000185860	CCDC190	chr1	-	162855631	162855758	162855631	162855755	162859459	162859658	18118	2,3,0	0,0,2	0,0,0	16,4,6	152	149	6.33137715e-06	0.00217994281488	1.0,1.0,0.0	0.0,0.0,0.0	0.667
18592	ENSG00000139116	KIF21A	chr12	-	39315228	39315243	39315228	39315240	39315931	39315970	18592	9,5,8	2,8,7	1,0,0	0,3,5	152	149	0.00038225341137	0.0259161388482	0.815,0.38,0.528	1.0,0.0,0.0	0.241
18710	ENSG00000204713	TRIM27	chr6	-	28903001	28908840	28903001	28904665	28920011	28920242	18710	617,636,641	0,3,3	644,740,648	10,9,9	4324	149	5.08166333526e-05	0.00740523821714	1.0,0.88,0.88	0.689,0.739,0.713	0.206
19031	ENSG00000127419	TMEM175	chr4	+	950420	950518	950423	950518	948410	948615	19031	25,45,25	4,9,3	26,18,35	0,2,0	152	149	4.05549783093e-05	0.00661005181817	0.86,0.831,0.891	1.0,0.898,1.0	-0.105
19044	ENSG00000178222	RNF212	chr4	-	1071477	1073193	1071477	1073140	1073598	1073662	19044	2,1,5	8,8,6	0,0,0	10,4,2	202	149	5.44507087837e-05	0.00777536846844	0.156,0.084,0.381	0.0,0.0,0.0	0.207
19102	ENSG00000125912	NCLN	chr19	+	3206261	3206425	3206264	3206425	3205938	3206026	19102	2,1,8	0,0,0	3,5,2	0,8,2	152	149	1.02852959045e-05	0.00276605891192	1.0,1.0,1.0	1.0,0.38,0.495	0.375
19136	ENSG00000032444	PNPLA6	chr19	+	7535788	7536020	7535932	7536020	7535508	7535577	19136	41,56,52	140,124,86	9,45,15	168,157,120	293	149	4.53367346998e-08	6.65048682833e-05	0.13,0.187,0.235	0.027,0.127,0.06	0.113
19286	ENSG00000164746	C7orf57	chr7	+	48052699	48052923	48052747	48052923	48049879	48049977	19286	5,7,7	2,0,0	4,6,6	4,7,1	197	149	0.000163405404165	0.01551005648	0.654,1.0,1.0	0.431,0.393,0.819	0.337
19315	ENSG00000186566	GPATCH8	chr17	-	44467096	44467202	44467096	44467114	44473724	44473759	19315	19,12,11	9,3,3	4,9,12	19,10,10	237	149	0.000753306333331	0.0429820697184	0.57,0.715,0.697	0.117,0.361,0.43	0.358
19324	ENSG00000147481	SNTG1	chr8	+	50704573	50704752	50704604	50704752	50658591	50658663	19324	1,2,0	1,2,2	2,3,2	0,0,0	180	149	4.02210769646e-06	0.00162251824475	0.453,0.453,0.0	1.0,1.0,1.0	-0.698
19365	ENSG00000167522	ANKRD11	chr16	-	89291680	89291799	89291680	89291777	89305205	89305344	19365	88,106,77	141,171,122	66,73,74	248,172,155	171	149	0.00067593134698	0.0402465985789	0.352,0.351,0.355	0.188,0.27,0.294	0.102
19496	ENSG00000288704	NA	chr19	-	1247770	1247892	1247770	1247861	1248012	1248171	19496	1,1,9	1,6,0	6,5,1	0,0,0	180	149	0.00100048529013	0.0496143250267	0.453,0.121,1.0	1.0,1.0,1.0	-0.475
19497	ENSG00000288704	NA	chr19	-	1247770	1247911	1247770	1247861	1248012	1248171	19497	2,2,13	1,6,0	6,5,2	0,0,0	199	149	0.000947961411774	0.0485596994933	0.6,0.2,1.0	1.0,1.0,1.0	-0.4
19614	ENSG00000119801	YPEL5	chr2	+	30155814	30155910	30155849	30155910	30148244	30148541	19614	1,0,0	1,3,2	2,2,4	1,6,1	184	149	7.07483868582e-05	0.00906028547892	0.447,0.0,0.0	0.618,0.213,0.764	-0.383
19640	ENSG00000125676	THOC2	chrX	-	123600568	123603748	123600568	123601338	123613638	123613708	19640	1058,1166,909	2,2,9	868,950,874	0,0,0	2559	149	0.000112454660912	0.0118599242384	0.969,0.971,0.855	1.0,1.0,1.0	-0.068
19652	ENSG00000167676	PLIN4	chr19	-	4510445	4513704	4510445	4513701	4516616	4516678	19652	0,2,2	1,0,1	0,0,0	10,2,1	152	149	0.000123409609432	0.0125460023114	0.0,1.0,0.662	0.0,0.0,0.0	0.554
19706	ENSG00000139915	MDGA2	chr14	-	47035010	47035304	47035010	47035278	47061248	47061578	19706	82,16,21	0,0,0	34,52,27	6,2,3	175	149	5.08080866343e-05	0.00740523821714	1.0,1.0,1.0	0.828,0.957,0.885	0.11
19742	ENSG00000188092	GPR89B	chr1	+	147968874	147968963	147968894	147968963	147968331	147968428	19742	5,2,2	1,0,0	5,3,2	3,4,0	169	149	8.36574293293e-05	0.0100738528333	0.815,1.0,1.0	0.595,0.398,1.0	0.274
19787	ENSG00000164896	FASTK	chr7	-	151078561	151078701	151078561	151078699	151078922	151079021	19787	32,44,34	0,0,0	29,28,40	5,5,0	151	149	0.000187545988369	0.01690638027	1.0,1.0,1.0	0.851,0.847,1.0	0.101
20065	ENSG00000226833	PPP1CB-DT	chr2	-	28748819	28748963	28748819	28748943	28751295	28751501	20065	4,1,2	2,4,1	2,1,2	0,0,0	169	149	9.3894884845e-07	0.000688676300845	0.638,0.181,0.638	1.0,1.0,1.0	-0.514
20092	ENSG00000159753	CARMIL2	chr16	+	67657220	67657316	67657238	67657316	67656800	67656881	20092	1,0,0	36,35,40	4,3,5	31,31,42	167	149	0.000111600097997	0.0118472314558	0.024,0.0,0.0	0.103,0.079,0.096	-0.085
20113	ENSG00000026950	BTN3A1	chr6	+	26405357	26405648	26405371	26405648	26402274	26402412	20113	6,0,6	61,37,19	0,1,0	16,42,42	163	149	0.000285219888028	0.0218225423705	0.082,0.0,0.224	0.0,0.021,0.0	0.095
20312	ENSG00000007402	CACNA2D2	chr3	-	50366577	50366628	50366577	50366625	50367393	50367497	20312	2,0,0	2,2,1	2,2,3	0,0,0	152	149	1.72118450048e-07	0.000185153553998	0.495,0.0,0.0	1.0,1.0,1.0	-0.835
20414	ENSG00000155275	TRMT44	chr4	+	8449668	8449888	8449697	8449888	8446475	8446590	20414	76,57,42	48,49,50	54,60,54	27,24,17	178	149	0.000812456473577	0.044411903022	0.57,0.493,0.413	0.626,0.677,0.727	-0.185
20867	ENSG00000273032	DGCR5	chr22	+	18988090	18988195	18988097	18988195	18987756	18987900	20867	32,21,17	4,1,10	23,32,20	1,0,0	156	149	8.66561541313e-06	0.00254233400557	0.884,0.953,0.619	0.956,1.0,1.0	-0.167
21223	ENSG00000172613	RAD9A	chr11	+	67393690	67393790	67393722	67393790	67393495	67393610	21223	127,106,91	17,11,9	93,87,70	25,27,17	181	149	9.2628067077e-05	0.0106760463597	0.86,0.888,0.893	0.754,0.726,0.772	0.13
21402	ENSG00000189316	NA	chr7	-	64888541	64888914	64888541	64888817	64889065	64889187	21402	2,6,2	0,0,0	1,3,5	6,9,1	246	149	2.19775864174e-10	1.77315167216e-06	1.0,1.0,1.0	0.092,0.168,0.752	0.663
21611	ENSG00000156232	WHAMM	chr15	+	82826387	82826496	82826409	82826496	82823099	82823287	21611	11,20,17	84,71,88	4,6,10	135,130,83	171	149	6.5839328679e-06	0.00217994281488	0.102,0.197,0.144	0.025,0.039,0.095	0.095
21721	ENSG00000113971	NPHP3	chr3	-	132683398	132683544	132683398	132683524	132686259	132686387	21721	5,5,1	0,0,0	7,7,3	7,6,4	169	149	3.20028581413e-09	9.76500740356e-06	1.0,1.0,1.0	0.469,0.507,0.398	0.542
21753	ENSG00000086159	AQP6	chr12	+	49975071	49977139	49975464	49977139	49974745	49974826	21753	1,2,2	0,0,1	0,5,0	5,1,1	542	149	7.66370921415e-05	0.00958617146353	1.0,1.0,0.355	0.0,0.579,0.0	0.592
21889	ENSG00000105559	PLEKHA4	chr19	-	48861400	48861514	48861400	48861497	48861619	48861692	21889	8,6,9	1,5,3	5,4,8	1,0,0	166	149	6.58206332927e-05	0.00870558802304	0.878,0.519,0.729	0.818,1.0,1.0	-0.231
21939	ENSG00000290688	NA	chr15	+	84173978	84174157	84174007	84174157	84172571	84172961	21939	2,5,6	5,6,12	5,14,10	4,1,2	178	149	0.000301680623476	0.0221376255335	0.251,0.411,0.295	0.511,0.921,0.807	-0.427
21940	ENSG00000290688	NA	chr15	+	84173982	84174157	84174007	84174157	84172571	84172961	21940	2,4,2	5,6,12	5,11,8	4,1,2	174	149	5.94591382119e-05	0.00834289264511	0.255,0.363,0.125	0.517,0.904,0.774	-0.484
21942	ENSG00000290688	NA	chr15	+	84173978	84174157	84174007	84174157	84172959	84173074	21942	2,5,3	2,8,7	7,12,6	5,0,0	178	149	0.000116255984557	0.0120250420949	0.456,0.343,0.264	0.54,1.0,1.0	-0.492
22040	ENSG00000291154	NA	chr7	-	67254513	67255258	67254513	67255195	67292462	67292549	22040	5,4,4	0,0,0	2,2,8	4,0,3	212	149	4.2608887131e-05	0.00674055885045	1.0,1.0,1.0	0.26,1.0,0.652	0.363
22114	ENSG00000306911	NA	chr8	+	10857057	10858107	10857078	10858107	10856456	10856579	22114	23,23,19	0,0,0	19,10,22	6,0,2	170	149	0.000293756551377	0.0220412503534	1.0,1.0,1.0	0.735,1.0,0.906	0.12
22598	ENSG00000310533	NA	chr7	+	73009443	73009583	73009448	73009583	73006050	73006174	22598	0,5,4	4,0,2	6,3,2	0,0,0	154	149	0.000910245697091	0.0470760402829	0.0,1.0,0.659	1.0,1.0,1.0	-0.447
22773	ENSG00000130640	TUBGCP2	chr10	-	133295544	133295911	133295544	133295864	133297951	133298111	22773	7,12,8	0,1,0	8,5,13	5,2,5	196	149	1.7317257095e-06	0.00103493059439	1.0,0.901,1.0	0.549,0.655,0.664	0.344
22774	ENSG00000130640	TUBGCP2	chr10	-	133295544	133296208	133295544	133295864	133297951	133298111	22774	64,79,57	0,1,0	35,48,59	5,2,5	493	149	1.87192082735e-06	0.00106855989515	1.0,0.96,1.0	0.679,0.879,0.781	0.207
22935	ENSG00000163006	CCDC138	chr2	+	108804888	108805008	108804891	108805008	108798427	108798586	22935	212,233,176	7,6,12	175,128,130	29,14,21	152	149	6.45893442064e-08	8.01702813934e-05	0.967,0.974,0.935	0.855,0.9,0.859	0.087
23065	ENSG00000169592	INO80E	chr16	+	30001211	30001530	30001464	30001530	30000928	30001040	23065	224,231,196	16,13,6	219,182,202	0,1,7	402	149	2.04338202583e-05	0.00422718107292	0.838,0.868,0.924	1.0,0.985,0.914	-0.09
23303	ENSG00000291054	NA	chrX	+	137021167	137022141	137021411	137022141	137014917	137015022	23303	0,6,1	1,0,8	4,1,3	2,0,0	393	149	0.000870660869007	0.0460622419092	0.0,1.0,0.045	0.431,1.0,1.0	-0.462
23496	ENSG00000258366	RTEL1	chr20	+	63662395	63662627	63662473	63662627	63661849	63661943	23496	1,0,1	5,1,4	3,2,2	1,0,3	227	149	0.000150483278773	0.0143680366052	0.116,0.0,0.141	0.663,1.0,0.304	-0.57
23570	ENSG00000063177	RPL18	chr19	-	48616078	48616220	48616078	48616202	48617315	48617423	23570	63,69,63	43,50,50	53,50,33	129,52,65	167	149	0.000101124627927	0.0110872998081	0.567,0.552,0.529	0.268,0.462,0.312	0.202
23761	ENSG00000116580	GON4L	chr1	-	155815804	155816262	155815804	155815900	155820605	155820656	23761	189,177,140	8,4,13	145,163,164	3,3,0	511	149	0.000313567729243	0.022588075353	0.873,0.928,0.758	0.934,0.941,1.0	-0.105
23804	ENSG00000293427	NA	chr22	-	21476001	21476223	21476001	21476160	21476643	21476764	23804	4,1,1	59,47,42	8,10,10	43,46,43	212	149	9.03343859593e-06	0.00255725552954	0.045,0.015,0.016	0.116,0.133,0.14	-0.104
23859	ENSG00000169057	MECP2	chrX	-	154058398	154058566	154058398	154058548	154092183	154092307	23859	8,6,4	0,0,0	0,2,1	2,3,0	167	149	0.000117243042048	0.012049896347	1.0,1.0,1.0	0.0,0.373,1.0	0.542
23882	ENSG00000291085	TMEM191A	chr22	+	20703005	20703122	20703044	20703122	20702843	20702893	23882	13,2,12	4,0,4	7,20,14	0,0,1	188	149	6.82604088197e-05	0.00888266094125	0.72,1.0,0.704	1.0,1.0,0.917	-0.164
23883	ENSG00000291085	TMEM191A	chr22	+	20703008	20703122	20703044	20703122	20702843	20702893	23883	9,1,2	4,0,4	2,6,2	0,0,1	185	149	0.000186376897938	0.0168953799164	0.644,1.0,0.287	1.0,1.0,0.617	-0.229
23942	ENSG00000109689	STIM2	chr4	+	27019399	27021068	27021000	27021068	27017710	27017984	23942	272,219,160	2,5,3	253,207,235	0,0,0	1750	149	8.36315168717e-06	0.00254233400557	0.921,0.789,0.82	1.0,1.0,1.0	-0.157
24019	ENSG00000169231	THBS3	chr1	-	155201956	155202114	155201956	155202034	155202260	155202401	24019	54,82,65	144,127,116	53,42,61	228,196,148	229	149	0.000101693131606	0.0110872998081	0.196,0.296,0.267	0.131,0.122,0.211	0.098
24074	ENSG00000118473	SGIP1	chr1	+	66667495	66667541	66667529	66667541	66643543	66643719	24074	0,1,0	2,0,3	2,2,3	2,2,2	183	149	0.000705036503546	0.041368978259	0.0,1.0,0.0	0.449,0.449,0.55	-0.149
24087	ENSG00000144134	RABL2A	chr2	+	113641352	113641450	113641355	113641450	113634152	113634232	24087	32,17,40	0,1,0	29,32,42	6,4,0	152	149	0.000843607981887	0.0450743655488	1.0,0.943,1.0	0.826,0.887,1.0	0.077
24089	ENSG00000144134	RABL2A	chr2	+	113641352	113641450	113641355	113641450	113640893	113641005	24089	27,37,20	0,6,4	23,23,21	0,1,0	152	149	0.000393109973391	0.0263204254383	1.0,0.858,0.831	1.0,0.958,1.0	-0.09
24164	ENSG00000188938	FAM120AOS	chr9	-	93450478	93450599	93450478	93450587	93450741	93450983	24164	42,35,26	0,0,0	40,29,26	0,1,8	161	149	0.000999570999715	0.0496143250267	1.0,1.0,1.0	1.0,0.964,0.75	0.095
24182	ENSG00000230316	FEZF1-AS1	chr7	+	122307299	122307488	122307302	122307488	122306997	122307087	24182	144,121,72	20,9,12	84,123,70	3,6,3	152	149	0.000477454955573	0.0305486987112	0.876,0.929,0.855	0.965,0.953,0.958	-0.072
24394	ENSG00000141577	CEP131	chr17	-	81191192	81191350	81191192	81191335	81192317	81192392	24394	37,42,27	240,238,215	20,16,16	249,266,205	164	149	6.70932378788e-05	0.00880176005213	0.123,0.138,0.102	0.068,0.052,0.066	0.059
24431	ENSG00000068366	ACSL4	chrX	-	109683135	109683552	109683135	109683375	109696143	109696196	24431	262,279,342	156,152,134	270,175,129	255,147,130	326	149	2.82244804495e-06	0.00142321942667	0.434,0.456,0.538	0.326,0.352,0.312	0.146
24432	ENSG00000068366	ACSL4	chrX	-	109683135	109683666	109683135	109683375	109696143	109696196	24432	435,519,502	156,152,134	426,272,183	255,147,130	440	149	7.73543451515e-10	4.16063237788e-06	0.486,0.536,0.559	0.361,0.385,0.323	0.171
24599	ENSG00000136104	RNASEH2B	chr13	+	50959473	50960171	50960148	50960171	50949462	50949505	24599	11,14,0	1,3,2	7,2,7	1,0,0	824	149	4.44114055386e-05	0.00695749941525	0.665,0.458,0.0	0.559,1.0,1.0	-0.479
24641	ENSG00000125462	MIR9-1HG	chr1	-	156404257	156404639	156404257	156404601	156426797	156426872	24641	16,15,2	278,46,49	0,1,2	7,84,27	187	149	0.000291805382894	0.0220109482883	0.044,0.206,0.031	0.0,0.009,0.056	0.072
24705	ENSG00000310523	NA	chr2	+	113597125	113597638	113597490	113597638	113596670	113596829	24705	41,62,29	2,3,2	24,42,52	0,0,0	514	149	0.000347549676993	0.0242773228916	0.856,0.857,0.808	1.0,1.0,1.0	-0.16
24708	ENSG00000310523	NA	chr2	+	113597485	113597638	113597490	113597638	113596670	113596829	24708	7,5,7	2,3,2	3,4,9	0,0,0	154	149	5.03599132509e-05	0.00740523821714	0.772,0.617,0.772	1.0,1.0,1.0	-0.28
24710	ENSG00000310523	NA	chr2	+	113598376	113598466	113598397	113598466	113597405	113597638	24710	2,0,0	36,50,29	7,1,3	14,34,29	170	149	0.000221861148267	0.0183587255817	0.046,0.0,0.0	0.305,0.025,0.083	-0.122
24824	ENSG00000263072	ZNF213-AS1	chr16	-	3129247	3129337	3129247	3129310	3129460	3129653	24824	21,25,19	2,1,0	19,17,22	8,4,5	176	149	3.16573246024e-05	0.00582207888927	0.899,0.955,1.0	0.668,0.783,0.788	0.205
24879	ENSG00000249846	LINC02021	chr3	+	130119056	130120518	130119320	130120518	130116836	130117092	24879	10,9,2	1,0,0	11,11,4	9,0,4	413	149	4.63234597996e-05	0.00711881283168	0.783,1.0,1.0	0.306,1.0,0.265	0.404
24993	ENSG00000006071	ABCC8	chr11	-	17428564	17428702	17428564	17428670	17430813	17430959	24993	4,6,1	15,7,8	0,0,1	2,12,5	181	149	9.51007180805e-05	0.0107850559939	0.18,0.414,0.093	0.0,0.0,0.141	0.182
25056	ENSG00000279249	NA	chr16	+	49287366	49289655	49289537	49289655	49282059	49282232	25056	76,48,24	0,0,1	36,28,42	0,3,2	2320	149	0.000826720517882	0.0447348442306	1.0,1.0,0.607	1.0,0.375,0.574	0.219
25063	ENSG00000279249	NA	chr16	+	49287719	49289655	49289443	49289655	49287366	49287475	25063	52,34,14	5,1,0	27,19,32	1,0,0	1873	149	0.000266508721598	0.0210803173123	0.453,0.73,1.0	0.682,1.0,1.0	-0.166
25064	ENSG00000279249	NA	chr16	+	49287719	49289655	49289537	49289655	49287366	49287475	25064	55,38,17	4,3,4	33,23,38	0,2,0	1967	149	0.000497807103744	0.0312553129417	0.51,0.49,0.244	1.0,0.466,1.0	-0.407
25067	ENSG00000279249	NA	chr16	+	49287829	49289655	49289443	49289655	49287366	49287475	25067	44,33,11	5,1,0	21,21,33	1,0,0	1763	149	0.000298241760356	0.0221376255335	0.427,0.736,1.0	0.64,1.0,1.0	-0.159
25068	ENSG00000279249	NA	chr16	+	49287829	49289655	49289537	49289655	49287366	49287475	25068	47,37,14	4,3,4	27,25,39	0,2,0	1857	149	0.000291915154542	0.0220109482883	0.485,0.497,0.219	1.0,0.501,1.0	-0.433
25071	ENSG00000279249	NA	chr16	+	49289403	49289655	49289537	49289655	49287366	49287475	25071	6,4,3	4,3,4	8,5,8	0,2,0	283	149	2.77797526355e-05	0.00533635819674	0.441,0.412,0.283	1.0,0.568,1.0	-0.477
25073	ENSG00000279249	NA	chr16	+	49289443	49289655	49289537	49289655	49287366	49287475	25073	8,5,3	4,3,4	7,4,6	0,2,0	243	149	0.000193834201989	0.0171852125456	0.551,0.505,0.315	1.0,0.551,1.0	-0.393
25078	ENSG00000279249	NA	chr16	+	49289737	49290472	49289895	49290472	49289403	49289655	25078	24,7,13	3,2,3	2,9,8	0,0,0	307	149	5.20452147978e-06	0.00195302694413	0.795,0.629,0.678	1.0,1.0,1.0	-0.299
25119	ENSG00000132780	NASP	chr1	+	45604916	45605016	45604935	45605016	45591222	45591270	25119	11,0,0	39,48,36	1,1,0	82,75,52	168	149	0.000969084332782	0.0488660774805	0.2,0.0,0.0	0.011,0.012,0.0	0.059
25247	ENSG00000289405	NA	chr8	-	134799165	134799443	134799165	134799373	134808503	134808619	25247	9,21,20	0,0,0	16,27,26	1,7,0	219	149	0.000428713990068	0.0283513481301	1.0,1.0,1.0	0.916,0.724,1.0	0.12
25303	ENSG00000183833	CFAP91	chr3	+	119708590	119708674	119708609	119708674	119703050	119703222	25303	7,14,9	7,1,0	15,10,11	0,0,0	168	149	0.000813578074698	0.044411903022	0.47,0.925,1.0	1.0,1.0,1.0	-0.202
25372	ENSG00000127328	RAB3IP	chr12	+	69812777	69813033	69812963	69813033	69801608	69801721	25372	218,204,159	23,27,13	278,222,215	6,3,8	335	149	3.36533612089e-09	9.76500740356e-06	0.808,0.771,0.845	0.954,0.971,0.923	-0.141
25377	ENSG00000178694	NSUN3	chr3	+	94084106	94084450	94084354	94084450	94064436	94064546	25377	166,206,125	17,11,6	201,162,168	4,2,6	397	149	0.000418466693615	0.0279023907776	0.786,0.875,0.887	0.95,0.968,0.913	-0.094
25568	ENSG00000087470	DNM1L	chr12	+	32705824	32706814	32706689	32706814	32701414	32701562	25568	268,245,210	0,3,0	117,235,192	4,4,6	1014	149	5.63054382031e-05	0.0079696890425	1.0,0.923,1.0	0.811,0.896,0.825	0.13
25601	ENSG00000170364	SETMAR	chr3	+	4313646	4313761	4313666	4313761	4312897	4313229	25601	23,33,33	2,0,0	26,27,40	5,1,6	169	149	0.000269442990119	0.0212084492125	0.91,1.0,1.0	0.821,0.96,0.855	0.091
25727	ENSG00000111679	PTPN6	chr12	+	6951911	6952177	6951982	6952177	6951608	6951731	25727	3,0,3	1,1,0	0,0,0	3,2,1	220	149	1.37417809853e-05	0.00312306166167	0.67,0.0,1.0	0.0,0.0,0.0	0.557
25733	ENSG00000111679	PTPN6	chr12	+	6960662	6960945	6960805	6960945	6960343	6960435	25733	1,1,0	12,8,1	7,1,2	6,6,6	292	149	0.00050074883302	0.0313181518202	0.041,0.06,0.0	0.373,0.078,0.145	-0.165
25736	ENSG00000231160	KLF3-AS1	chr4	-	38624421	38624537	38624421	38624529	38625601	38625762	25736	0,1,6	4,1,4	11,2,3	0,0,0	157	149	2.0084604202e-08	3.60094637115e-05	0.0,0.487,0.587	1.0,1.0,1.0	-0.642
25737	ENSG00000231160	KLF3-AS1	chr4	-	38624421	38624572	38624421	38624529	38625601	38625762	25737	13,10,12	4,1,4	6,9,4	0,0,0	192	149	6.48719200369e-06	0.00217994281488	0.716,0.886,0.7	1.0,1.0,1.0	-0.233
25738	ENSG00000231160	KLF3-AS1	chr4	-	38624421	38624579	38624421	38624529	38625601	38625762	25738	18,16,19	4,1,4	8,13,4	0,0,0	199	149	2.1241149711e-05	0.0043385720473	0.771,0.923,0.781	1.0,1.0,1.0	-0.175
25739	ENSG00000231160	KLF3-AS1	chr4	-	38624421	38624627	38624421	38624529	38625601	38625762	25739	22,15,18	4,1,4	10,19,5	0,0,0	247	149	8.85804195105e-06	0.00255238151647	0.768,0.9,0.731	1.0,1.0,1.0	-0.2
25740	ENSG00000231160	KLF3-AS1	chr4	-	38624421	38625283	38624421	38624529	38625601	38625762	25740	83,108,94	4,1,4	69,94,37	0,0,0	903	149	2.03559062888e-05	0.00422718107292	0.774,0.947,0.795	1.0,1.0,1.0	-0.161
25741	ENSG00000231160	KLF3-AS1	chr4	-	38624421	38625503	38624421	38624529	38625601	38625762	25741	89,111,92	4,1,4	71,93,39	0,0,0	1123	149	1.10441553294e-05	0.00278450766242	0.747,0.936,0.753	1.0,1.0,1.0	-0.188
25743	ENSG00000231160	KLF3-AS1	chr4	-	38624421	38624579	38624421	38624537	38625601	38625762	25743	18,15,15	0,0,2	7,11,2	10,0,1	191	149	0.000750846883392	0.0429820697184	1.0,1.0,0.854	0.353,1.0,0.609	0.297
25744	ENSG00000231160	KLF3-AS1	chr4	-	38624421	38624627	38624421	38624537	38625601	38625762	25744	22,14,14	0,0,2	9,17,3	10,0,1	239	149	0.000963594159826	0.0488116130439	1.0,1.0,0.814	0.359,1.0,0.652	0.268
25745	ENSG00000231160	KLF3-AS1	chr4	-	38624421	38625283	38624421	38624537	38625601	38625762	25745	83,107,90	0,0,2	68,92,35	10,0,1	895	149	0.0006225252717	0.0376219767197	1.0,1.0,0.882	0.531,1.0,0.854	0.166
25746	ENSG00000231160	KLF3-AS1	chr4	-	38624421	38625503	38624421	38624537	38625601	38625762	25746	89,110,88	0,0,2	70,91,37	10,0,1	1115	149	0.00074130464708	0.0429697077985	1.0,1.0,0.855	0.483,1.0,0.832	0.18
