ID	GeneID	geneSymbol	chr	strand	riExonStart_0base	riExonEnd	upstreamES	upstreamEE	downstreamES	downstreamEE	ID	IJC_SAMPLE_1	SJC_SAMPLE_1	IJC_SAMPLE_2	SJC_SAMPLE_2	IncFormLen	SkipFormLen	PValue	FDR	IncLevel1	IncLevel2	IncLevelDifference
24	ENSG00000133460	SLC2A11	chr22	+	23882758	23884024	23882758	23882869	23883948	23884024	24	161,177,133	0,0,1	150,132,120	1,9,0	1228	149	0.000186042658514	0.0127178225986	1.0,1.0,0.942	0.948,0.64,1.0	0.118
41	ENSG00000075702	WDR62	chr19	+	36102947	36103981	36102947	36103074	36103342	36103981	41	21,18,11	0,0,0	13,7,15	5,2,0	417	149	3.49928481491e-05	0.00420888662168	1.0,1.0,1.0	0.482,0.556,1.0	0.321
66	ENSG00000099797	TECR	chr19	+	14564785	14565123	14564785	14564858	14565065	14565123	66	93,105,68	13,9,11	85,85,95	35,27,26	356	149	3.11273556409e-05	0.00389173859605	0.75,0.83,0.721	0.504,0.569,0.605	0.208
83	ENSG00000136003	ISCU	chr12	+	108564059	108564392	108564059	108564155	108564278	108564392	83	204,209,150	28,25,25	231,174,133	60,48,36	272	149	0.000102950121909	0.00903066126434	0.8,0.821,0.767	0.678,0.665,0.669	0.125
130	ENSG00000172575	RASGRP1	chr15	-	38516196	38518423	38516196	38516350	38518291	38518423	130	43,35,36	30,16,5	23,15,27	14,45,16	2090	149	0.0013220098576	0.0393561554507	0.093,0.135,0.339	0.105,0.023,0.107	0.111
149	ENSG00000103811	CTSH	chr15	-	78931450	78932458	78931450	78932041	78932371	78932458	149	13,2,0	2,2,1	11,3,9	1,1,0	479	149	0.000501079593831	0.0219528949871	0.669,0.237,0.0	0.774,0.483,1.0	-0.45
179	ENSG00000207751	NA	chr22	+	21657780	21658340	21657780	21657969	21658265	21658340	179	66,73,89	1,12,3	100,66,42	2,0,1	445	149	0.000735973121166	0.0272109595226	0.957,0.671,0.909	0.944,1.0,0.934	-0.114
180	ENSG00000207751	NA	chr22	+	21657780	21658340	21657780	21657972	21658265	21658340	180	65,72,89	9,11,4	98,62,41	4,0,1	442	149	0.000274267717507	0.0156500485823	0.709,0.688,0.882	0.892,1.0,0.933	-0.182
440	ENSG00000130714	POMT1	chr9	+	131506402	131509022	131506402	131506453	131507367	131509022	440	306,294,246	266,335,211	157,149,195	337,268,274	1063	149	3.10317201935e-08	3.27626005865e-05	0.139,0.11,0.14	0.061,0.072,0.091	0.055
443	ENSG00000130714	POMT1	chr9	+	131509742	131510415	131509742	131509808	131509902	131510415	443	70,58,53	227,266,174	42,43,28	281,211,219	243	149	0.000405770916286	0.0201865719715	0.159,0.118,0.157	0.084,0.111,0.073	0.055
535	ENSG00000162004	CCDC78	chr16	-	724321	724806	724321	724509	724680	724806	535	43,46,26	8,0,11	33,34,28	0,2,1	320	149	0.000911611744993	0.0310470781395	0.715,1.0,0.524	1.0,0.888,0.929	-0.193
619	ENSG00000115295	CLIP4	chr2	+	29174372	29175600	29174372	29174445	29174904	29175600	619	130,91,67	2,0,3	72,108,84	9,12,14	608	149	7.97955027609e-08	6.31847389362e-05	0.941,1.0,0.846	0.662,0.688,0.595	0.281
674	ENSG00000182944	EWSR1	chr22	+	29298732	29299851	29298732	29298895	29299598	29299851	674	527,557,467	0,3,1	379,466,443	9,7,7	852	149	1.91211740475e-06	0.000627467036168	1.0,0.97,0.988	0.88,0.921,0.917	0.08
730	ENSG00000013441	CLK1	chr2	-	200859679	200861466	200859679	200859746	200861237	200861466	730	4136,3724,3018	153,133,123	2707,3158,2670	171,146,168	1640	149	0.000152992185497	0.0115375535444	0.711,0.718,0.69	0.59,0.663,0.591	0.092
781	ENSG00000155066	PROM2	chr2	+	95277929	95279144	95277929	95278004	95278984	95279144	781	4,4,8	3,1,0	7,13,7	0,0,0	1129	149	0.000498514613811	0.0219528949871	0.15,0.346,1.0	1.0,1.0,1.0	-0.501
783	ENSG00000175344	CHRNA7	chr15	+	32158411	32159655	32158411	32158606	32159568	32159655	783	24,16,25	16,4,4	8,9,0	4,13,10	1111	149	0.000329673661398	0.017211863355	0.167,0.349,0.456	0.211,0.085,0.0	0.225
786	ENSG00000297106	NA	chr3	+	44477745	44478669	44477745	44478209	44478581	44478669	786	1,8,8	21,15,8	0,3,0	10,19,7	521	149	0.00050478358716	0.0219528949871	0.013,0.132,0.222	0.0,0.043,0.0	0.108
805	ENSG00000255794	RMST	chr12	+	97465094	97465727	97465094	97465189	97465667	97465727	805	64,173,125	1,1,1	97,64,75	6,2,2	627	149	0.0013377961659	0.0396004335464	0.938,0.976,0.967	0.793,0.884,0.899	0.102
838	ENSG00000189046	ALKBH2	chr12	-	109092506	109093472	109092506	109092937	109093246	109093472	838	186,170,143	67,90,70	144,149,118	118,134,85	458	149	4.33328171027e-05	0.00488328526498	0.475,0.381,0.399	0.284,0.266,0.311	0.131
944	ENSG00000291129	PPIEL	chr1	-	39559215	39559660	39559215	39559365	39559633	39559660	944	105,1,3	3,0,0	26,64,60	1,8,6	417	149	0.00118950035662	0.0368706660948	0.926,1.0,1.0	0.903,0.741,0.781	0.167
975	ENSG00000179406	LINC00174	chr7	-	66491030	66491471	66491030	66491239	66491349	66491471	975	17,30,17	7,0,3	4,25,33	0,0,0	259	149	1.24919282044e-05	0.00214339221023	0.583,1.0,0.765	1.0,1.0,1.0	-0.217
1089	ENSG00000150394	CDH8	chr16	-	61647241	61654101	61647241	61647888	61653881	61654101	1089	349,416,330	0,2,5	150,341,366	0,1,0	6142	149	0.000659936986465	0.0251042451077	1.0,0.835,0.616	1.0,0.892,1.0	-0.147
1317	ENSG00000241288	LINC02614	chr3	-	125914419	125915840	125914419	125914445	125915652	125915840	1317	13,11,20	0,0,0	7,7,19	2,4,0	1356	149	2.93230236426e-06	0.000819492266623	1.0,1.0,1.0	0.278,0.161,1.0	0.52
1323	ENSG00000258388	PPT2-EGFL8	chr6	+	32166137	32166620	32166137	32166232	32166497	32166620	1323	213,246,149	2,3,3	186,132,158	8,12,3	414	149	0.000502374604592	0.0219528949871	0.975,0.967,0.947	0.893,0.798,0.95	0.083
1335	ENSG00000214279	SCART1	chr10	+	133459486	133460170	133459486	133459804	133459877	133460170	1335	5,6,2	2,11,4	2,0,1	6,14,9	222	149	0.000185620224014	0.0127178225986	0.627,0.268,0.251	0.183,0.0,0.069	0.298
1362	ENSG00000143575	HAX1	chr1	+	154273335	154273961	154273335	154273598	154273749	154273961	1362	59,56,34	5,4,5	48,49,45	12,11,17	300	149	0.000577492417849	0.0235878500849	0.854,0.874,0.772	0.665,0.689,0.568	0.193
1382	ENSG00000163449	TMEM169	chr2	+	216081918	216082232	216081918	216081979	216082146	216082232	1382	131,157,105	2,13,3	96,143,110	0,0,0	316	149	1.91961657703e-06	0.000627467036168	0.969,0.851,0.943	1.0,1.0,1.0	-0.079
1423	ENSG00000236485	LINC01945	chr2	-	131993728	131994580	131993728	131993830	131994408	131994580	1423	1,2,2	2,1,0	14,1,4	0,0,0	727	149	0.00147581328813	0.0424944783752	0.093,0.291,1.0	1.0,1.0,1.0	-0.539
1447	ENSG00000140983	RHOT2	chr16	+	668352	668699	668352	668411	668655	668699	1447	258,278,192	45,63,47	204,209,181	93,102,51	393	149	0.000175710284829	0.0124399878408	0.685,0.626,0.608	0.454,0.437,0.574	0.151
1450	ENSG00000140983	RHOT2	chr16	+	668487	668699	668487	668569	668658	668699	1450	192,215,119	8,13,14	179,147,126	4,4,1	238	149	0.000154471723452	0.0115508652207	0.938,0.912,0.842	0.966,0.958,0.987	-0.073
1472	ENSG00000130813	SHFL	chr19	+	10091249	10091630	10091249	10091353	10091475	10091630	1472	40,20,26	8,19,3	13,21,17	21,29,22	271	149	0.000673860062135	0.0254088028191	0.733,0.367,0.827	0.254,0.285,0.298	0.363
1491	ENSG00000256269	HMBS	chr11	+	119092124	119092811	119092124	119092163	119092757	119092811	1491	226,211,131	0,4,0	121,122,145	1,4,7	743	149	0.00160460341913	0.0448439461429	1.0,0.914,1.0	0.96,0.859,0.806	0.096
1495	ENSG00000166579	NDEL1	chr17	+	8443926	8444357	8443926	8444176	8444259	8444357	1495	27,20,14	10,2,0	39,17,29	1,0,1	232	149	0.000172457164436	0.0124399878408	0.634,0.865,1.0	0.962,1.0,0.949	-0.137
1497	ENSG00000291207	NA	chr7	-	45723787	45724480	45723787	45723988	45724085	45724480	1497	45,35,33	9,4,5	24,35,28	1,1,1	246	149	0.000220450541196	0.0140585304862	0.752,0.841,0.8	0.936,0.955,0.944	-0.147
1535	ENSG00000092330	TINF2	chr14	-	24241019	24241776	24241019	24241116	24241674	24241776	1535	63,44,35	0,1,4	31,33,37	6,3,8	707	149	0.0015153766397	0.0433708097302	1.0,0.903,0.648	0.521,0.699,0.494	0.279
1555	ENSG00000293313	ZNF37BP	chr10	-	42551989	42552596	42551989	42552280	42552569	42552596	1555	127,159,97	16,10,5	102,124,142	1,6,3	438	149	0.00120550412781	0.0371679065723	0.73,0.844,0.868	0.972,0.875,0.942	-0.116
1647	ENSG00000115392	FANCL	chr2	-	58161521	58163517	58161521	58161638	58163433	58163517	1647	240,270,185	4,0,1	252,295,294	8,10,4	1944	149	0.00107642789026	0.0350690649888	0.821,1.0,0.934	0.707,0.693,0.849	0.169
1684	ENSG00000204435	CSNK2B	chr6	+	31666820	31668654	31666820	31666903	31668538	31668654	1684	99,84,67	0,0,0	77,80,81	2,0,4	1784	149	0.000798052965856	0.0290540202359	1.0,1.0,1.0	0.763,1.0,0.628	0.203
1829	ENSG00000145029	NICN1	chr3	-	49424948	49425438	49424948	49425146	49425366	49425438	1829	130,181,104	15,3,9	88,128,116	18,19,15	369	149	0.00183772774154	0.0478413397263	0.778,0.961,0.824	0.664,0.731,0.757	0.137
1852	ENSG00000227258	SMIM2-AS1	chr13	+	44142344	44143737	44142344	44142696	44143556	44143737	1852	9,1,4	0,1,0	5,8,4	2,7,0	1009	149	0.000485389050581	0.0219528949871	1.0,0.129,1.0	0.27,0.144,1.0	0.238
1897	ENSG00000114388	NPRL2	chr3	-	50349664	50350022	50349664	50349833	50349930	50350022	1897	26,22,38	160,137,82	16,19,15	189,123,139	246	149	0.000970145231907	0.0324588732168	0.09,0.089,0.219	0.049,0.086,0.061	0.067
1924	ENSG00000049089	COL9A2	chr1	-	40312058	40312479	40312058	40312112	40312455	40312479	1924	18,26,19	71,70,49	8,8,8	99,62,54	492	149	1.74249657416e-05	0.00271429548322	0.071,0.101,0.105	0.024,0.038,0.043	0.057
2090	ENSG00000033011	ALG1	chr16	+	5078756	5079807	5078756	5078878	5079747	5079807	2090	13,8,10	5,2,5	5,2,6	7,14,5	1018	149	0.000397043198129	0.0198563393085	0.276,0.369,0.226	0.095,0.02,0.149	0.202
2093	ENSG00000182310	SPACA6	chr19	+	51704029	51704480	51704029	51704186	51704269	51704480	2093	62,34,38	88,101,62	33,30,15	148,91,67	232	149	0.000277060723147	0.0156500485823	0.312,0.178,0.282	0.125,0.175,0.126	0.115
2106	ENSG00000143494	VASH2	chr1	+	212951338	212951818	212951338	212951392	212951588	212951818	2106	354,231,206	4,3,0	166,277,199	17,2,8	345	149	2.52239255977e-05	0.0034735904497	0.975,0.971,1.0	0.808,0.984,0.915	0.08
2227	ENSG00000146247	PHIP	chr6	-	78955612	78958600	78955612	78955682	78958474	78958600	2227	1211,1323,1095	121,144,114	881,929,943	149,147,121	2941	149	0.00080363438445	0.029145549317	0.336,0.318,0.327	0.231,0.243,0.283	0.075
2265	ENSG00000142046	TMEM91	chr19	+	41382771	41384083	41382771	41382921	41383714	41384083	2265	153,137,139	3,3,2	120,169,111	10,17,7	942	149	8.36926901926e-06	0.00180738168684	0.89,0.878,0.917	0.655,0.611,0.715	0.235
2308	ENSG00000290739	NA	chr16	+	90094966	90096354	90094966	90095133	90095810	90096354	2308	2,0,0	0,8,5	2,1,2	0,0,0	826	149	1.26777477405e-11	6.02319795151e-08	1.0,0.0,0.0	1.0,1.0,1.0	-0.667
2627	ENSG00000170581	STAT2	chr12	-	56356131	56356578	56356131	56356281	56356440	56356578	2627	1,1,0	3,1,2	7,1,1	2,2,1	308	149	0.00144478880425	0.0419944714416	0.139,0.326,0.0	0.629,0.195,0.326	-0.228
2668	ENSG00000117385	P3H1	chr1	-	42754868	42755217	42754868	42754990	42755164	42755217	2668	300,329,247	493,421,355	251,334,226	567,594,509	323	149	0.000428017937941	0.0209353539467	0.219,0.265,0.243	0.17,0.206,0.17	0.06
2689	ENSG00000290823	NA	chr15	+	101975923	101976559	101975923	101976032	101976132	101976559	2689	0,5,1	1,0,0	1,1,2	1,3,5	249	149	0.000287940519781	0.0159070396451	0.0,1.0,1.0	0.374,0.166,0.193	0.422
2701	ENSG00000099956	SMARCB1	chr22	+	23800943	23803422	23800943	23801964	23803294	23803422	2701	197,232,225	0,2,0	164,155,187	4,6,4	1479	149	3.51042992985e-06	0.000953031576955	1.0,0.921,1.0	0.805,0.722,0.825	0.19
2707	ENSG00000005961	ITGA2B	chr17	-	44384310	44384585	44384310	44384354	44384537	44384585	2707	1,4,5	10,20,18	0,1,0	18,16,5	332	149	0.00114710850868	0.0362120433537	0.043,0.082,0.111	0.0,0.027,0.0	0.07
2715	ENSG00000260001	TGFBR3L	chr19	+	7917472	7917859	7917472	7917599	7917700	7917859	2715	9,15,14	1,6,0	12,5,10	8,4,14	250	149	0.000500685399772	0.0219528949871	0.843,0.598,1.0	0.472,0.427,0.299	0.414
2802	ENSG00000092098	RNF31	chr14	+	24150597	24151379	24150597	24150888	24151130	24151379	2802	81,114,102	247,246,148	72,80,79	329,227,241	391	149	0.000607726789662	0.0241016651748	0.111,0.15,0.208	0.077,0.118,0.111	0.054
3001	ENSG00000140694	PARN	chr16	-	14591912	14593378	14591912	14592033	14593300	14593378	3001	41,20,8	0,0,0	18,9,21	0,4,4	1416	149	6.32738067607e-07	0.000353663359906	1.0,1.0,1.0	1.0,0.191,0.356	0.484
3068	ENSG00000230805	NA	chr14	-	101071977	101074129	101071977	101072900	101074032	101074129	3068	51,65,41	6,5,5	44,63,42	0,3,0	1281	149	0.000189400427777	0.0128548776053	0.497,0.602,0.488	1.0,0.71,1.0	-0.374
3073	ENSG00000169169	CPT1C	chr19	+	49705006	49705298	49705006	49705114	49705213	49705298	3073	144,127,124	440,463,338	186,196,176	361,415,377	248	149	0.000212603952534	0.0139883576348	0.164,0.141,0.181	0.236,0.221,0.219	-0.063
3085	ENSG00000290474	NA	chr6	-	26877922	26878835	26877922	26878415	26878699	26878835	3085	10,13,26	0,0,1	18,16,22	2,7,0	433	149	0.000174525836683	0.0124399878408	1.0,1.0,0.899	0.756,0.44,1.0	0.234
3154	ENSG00000179057	IGSF22	chr11	-	18710326	18710828	18710326	18710455	18710654	18710828	3154	2,4,4	0,2,0	4,0,2	2,2,0	348	149	0.00190634851239	0.0489632193422	1.0,0.461,1.0	0.461,0.0,1.0	0.333
3273	ENSG00000145495	MARCHF6	chr5	+	10400783	10402139	10400783	10400842	10402058	10402139	3273	3412,4003,3131	1187,1108,913	2581,2813,2680	1111,1229,1009	1365	149	0.000377385260441	0.0191029224167	0.239,0.283,0.272	0.202,0.2,0.225	0.056
3290	ENSG00000290890	PDPR2P	chr16	-	74352039	74352378	74352039	74352203	74352296	74352378	3290	3,1,0	37,32,29	3,4,15	24,28,25	242	149	1.93140341128e-05	0.00296003148613	0.048,0.019,0.0	0.071,0.081,0.27	-0.118
3429	ENSG00000121310	ECHDC2	chr1	-	52897436	52899224	52897436	52897484	52899173	52899224	3429	25,18,33	36,34,29	26,37,23	15,14,21	1838	149	0.00149809192287	0.0430056478886	0.053,0.041,0.084	0.123,0.176,0.082	-0.068
3543	ENSG00000197375	SLC22A5	chr5	+	132384146	132385499	132384146	132384314	132385327	132385499	3543	37,21,17	1,7,1	31,27,36	0,0,0	1162	149	2.29639823268e-07	0.000144081611105	0.826,0.278,0.686	1.0,1.0,1.0	-0.403
3643	ENSG00000255717	SNHG1	chr11	-	62851986	62853115	62851986	62852681	62853074	62853115	3643	709,737,583	19,14,6	725,621,465	47,23,27	542	149	1.94932983755e-07	0.000132303800831	0.911,0.935,0.964	0.809,0.881,0.826	0.098
3664	ENSG00000255717	SNHG1	chr11	-	62853551	62854551	62853551	62854064	62854518	62854551	3664	659,828,618	612,777,581	658,570,470	835,766,629	603	149	0.000262965459256	0.0152359621576	0.21,0.208,0.208	0.163,0.155,0.156	0.051
3673	ENSG00000255717	SNHG1	chr11	-	62853800	62855216	62853800	62854551	62855132	62855216	3673	514,607,413	105,125,111	599,463,367	240,144,144	730	149	1.18174592402e-05	0.00214339221023	0.5,0.498,0.432	0.337,0.396,0.342	0.118
3720	ENSG00000213918	DNASE1	chr16	+	3656998	3657341	3656998	3657111	3657186	3657341	3720	57,49,36	13,13,3	60,46,55	3,4,3	224	149	0.00125517351074	0.0378624085684	0.745,0.715,0.889	0.93,0.884,0.924	-0.13
3751	ENSG00000115459	ELMOD3	chr2	+	85371085	85371562	85371085	85371209	85371439	85371562	3751	44,20,22	62,39,34	5,9,24	50,55,55	379	149	2.75996862814e-05	0.00357207683897	0.218,0.168,0.203	0.038,0.06,0.146	0.115
3764	ENSG00000243836	WDR86-AS1	chr7	+	151411669	151413048	151411669	151411792	151412718	151413048	3764	14,16,11	0,0,0	16,25,8	0,3,7	1075	149	1.5847645527e-06	0.000571953119062	1.0,1.0,1.0	1.0,0.536,0.137	0.442
3843	ENSG00000089280	FUS	chr16	+	31184938	31188357	31184938	31185179	31188324	31188357	3843	6859,7242,6281	46,33,35	4796,5781,5786	80,46,57	3294	149	1.60697809366e-05	0.00263267342172	0.871,0.908,0.89	0.731,0.85,0.821	0.089
3891	ENSG00000234741	GAS5	chr1	-	173865856	173866206	173865856	173865952	173866176	173866206	3891	208,232,146	0,5,2	178,248,164	6,9,12	373	149	0.000132367163703	0.0104812732459	1.0,0.949,0.967	0.922,0.917,0.845	0.077
4024	ENSG00000211456	SACM1L	chr3	+	45732052	45737652	45732052	45732151	45737582	45737652	4024	895,984,783	6,7,3	633,821,803	12,11,12	5580	149	0.00110458134291	0.0355787522723	0.799,0.79,0.875	0.585,0.666,0.641	0.191
4047	ENSG00000255104	ZNF286A-TBC1D26	chr17	+	15737483	15738387	15737483	15738077	15738279	15738387	4047	2,4,9	3,0,5	2,8,7	1,0,0	351	149	0.000144835568327	0.0111888420345	0.221,1.0,0.433	0.459,1.0,1.0	-0.268
4114	ENSG00000169032	MAP2K1	chr15	+	66487227	66489763	66487227	66487292	66489717	66489763	4114	149,181,113	0,0,0	181,171,136	1,3,2	2574	149	0.00132540199371	0.0393561554507	1.0,1.0,1.0	0.913,0.767,0.797	0.174
4209	ENSG00000233639	PANTR1	chr2	-	104754325	104754661	104754325	104754440	104754559	104754661	4209	5,0,4	2,1,2	1,2,1	0,0,0	268	149	0.000219042551584	0.0140585304862	0.582,0.0,0.527	1.0,1.0,1.0	-0.63
4278	ENSG00000232956	SNHG15	chr7	-	44983022	44984426	44983022	44984046	44984356	44984426	4278	159,125,125	220,193,172	127,127,94	224,306,207	459	149	0.0015597004698	0.0441079579287	0.19,0.174,0.191	0.155,0.119,0.128	0.051
4294	ENSG00000158290	CUL4B	chrX	-	120538659	120540562	120538659	120538770	120540369	120540562	4294	47,89,78	2,0,0	64,50,70	0,2,6	1748	149	0.00167839156452	0.0458278064542	0.667,1.0,1.0	1.0,0.681,0.499	0.162
4431	ENSG00000075826	SEC31B	chr10	-	100505360	100506201	100505360	100505495	100506039	100506201	4431	221,176,166	0,2,1	108,133,167	3,7,5	693	149	2.17003793272e-05	0.00317226160565	1.0,0.95,0.973	0.886,0.803,0.878	0.119
4527	ENSG00000114626	ABTB1	chr3	+	127676535	127677286	127676535	127676581	127677167	127677286	4527	42,21,16	1,0,0	21,37,24	3,9,1	735	149	2.72608592045e-06	0.000784947527761	0.895,1.0,1.0	0.587,0.455,0.83	0.341
4555	ENSG00000185340	GAS2L1	chr22	+	29307057	29308738	29307057	29307186	29308086	29308738	4555	183,197,127	12,0,0	160,172,180	0,0,0	1049	149	9.59511505226e-05	0.0088049256927	0.684,1.0,1.0	1.0,1.0,1.0	-0.105
4609	ENSG00000184634	MED12	chrX	+	71137186	71137635	71137186	71137383	71137560	71137635	4609	12,17,18	1,1,2	20,27,9	5,11,6	326	149	0.000697369715158	0.0260882166671	0.846,0.886,0.804	0.646,0.529,0.407	0.318
4659	ENSG00000135409	AMHR2	chr12	+	53425454	53425919	53425454	53425487	53425685	53425919	4659	9,5,21	0,0,0	2,1,10	3,1,3	347	149	4.8974774014e-08	4.23053002437e-05	1.0,1.0,1.0	0.223,0.3,0.589	0.629
4698	ENSG00000237491	LINC01409	chr1	+	803918	805270	803918	804222	804775	805270	4698	7,11,17	1,0,0	2,6,9	1,7,6	702	149	1.40771763135e-08	2.53082034773e-05	0.598,1.0,1.0	0.298,0.154,0.241	0.635
4707	ENSG00000141505	ASGR1	chr17	-	7176980	7178588	7176980	7177076	7178493	7178588	4707	331,266,222	0,1,3	178,258,235	7,6,7	1566	149	1.22460812167e-05	0.00214339221023	1.0,0.962,0.876	0.708,0.804,0.762	0.188
4720	ENSG00000165525	NEMF	chr14	-	49784924	49785320	49784924	49785004	49785219	49785320	4720	112,116,67	1,1,0	105,118,96	1,4,7	364	149	0.000531775711661	0.0225577357688	0.979,0.979,1.0	0.977,0.924,0.849	0.069
4740	ENSG00000237037	NDUFA6-DT	chr22	+	42124046	42124562	42124046	42124130	42124519	42124562	4740	7,5,1	1,1,0	3,3,0	0,1,4	538	149	0.00119125389298	0.0368706660948	0.66,0.581,1.0	1.0,0.454,0.0	0.262
4741	ENSG00000237037	NDUFA6-DT	chr22	+	42136198	42136714	42136198	42136282	42136671	42136714	4741	27,19,23	1,11,0	10,36,10	0,1,0	538	149	0.000600511992907	0.0240452062941	0.882,0.324,1.0	1.0,0.909,1.0	-0.234
4770	ENSG00000128159	TUBGCP6	chr22	-	50219956	50221874	50219956	50220015	50220191	50221874	4770	236,208,149	2,1,2	147,169,129	3,13,2	325	149	0.000199612988426	0.013451933447	0.982,0.99,0.972	0.957,0.856,0.967	0.055
4775	ENSG00000245281	ASAH1-AS1	chr8	+	18086882	18088211	18086882	18086936	18087024	18088211	4775	1,2,0	4,5,3	7,8,2	0,3,13	237	149	0.00167413758533	0.0458278064542	0.136,0.201,0.0	1.0,0.626,0.088	-0.459
4777	ENSG00000245281	ASAH1-AS1	chr8	+	18087024	18088211	18087024	18087137	18087999	18088211	4777	16,11,2	0,0,1	13,21,14	3,0,6	1011	149	0.000521845285836	0.0223359184956	1.0,1.0,0.228	0.39,1.0,0.256	0.194
4818	ENSG00000174233	ADCY6	chr12	-	48773468	48774098	48773468	48773647	48773939	48774098	4818	70,87,48	156,182,123	22,53,29	181,140,185	441	149	9.4105655124e-07	0.000495576360737	0.132,0.139,0.116	0.039,0.113,0.05	0.062
4930	ENSG00000120699	EXOSC8	chr13	+	37000785	37001801	37000785	37000822	37001748	37001801	4930	279,335,295	1,0,0	273,289,260	3,4,3	1075	149	0.00058902703216	0.0238167440833	0.975,1.0,1.0	0.927,0.909,0.923	0.072
5004	ENSG00000165282	PIGO	chr9	-	35091239	35092767	35091239	35091291	35092526	35092767	5004	767,925,636	10,1,6	952,714,912	3,0,0	1384	149	9.55801249245e-05	0.0088049256927	0.892,0.99,0.919	0.972,1.0,1.0	-0.057
5048	ENSG00000117266	CDK18	chr1	+	205523146	205523625	205523146	205523297	205523482	205523625	5048	16,3,6	16,6,6	3,12,0	20,36,18	334	149	0.000278347527931	0.0156500485823	0.308,0.182,0.308	0.063,0.129,0.0	0.202
5075	ENSG00000142541	RPL13A	chr19	+	49489849	49490576	49489849	49489912	49490474	49490576	5075	300,262,230	5,2,2	317,346,271	41,25,7	711	149	1.48614604067e-07	0.00010862584368	0.926,0.965,0.96	0.618,0.744,0.89	0.2
5076	ENSG00000142541	RPL13A	chr19	+	49489849	49490576	49489849	49489922	49490474	49490576	5076	290,251,218	33,39,19	291,328,251	71,80,59	701	149	4.36833558749e-05	0.00488328526498	0.651,0.578,0.709	0.466,0.466,0.475	0.177
5082	ENSG00000142541	RPL13A	chr19	+	49489849	49490864	49489849	49490297	49490778	49490864	5082	263,236,213	2,1,1	276,214,200	8,4,8	630	149	5.34411211727e-05	0.00560597075282	0.969,0.982,0.981	0.891,0.927,0.855	0.086
5116	ENSG00000213928	IRF9	chr14	+	24164062	24164955	24164062	24164134	24164586	24164955	5116	87,101,56	1,10,2	126,83,90	0,0,0	601	149	1.24945427371e-06	0.000535814971747	0.956,0.715,0.874	1.0,1.0,1.0	-0.152
5208	ENSG00000224383	PRR29	chr17	+	63998706	63999074	63998706	63998782	63998967	63999074	5208	1,1,5	18,17,17	4,6,5	6,11,8	334	149	0.00182040298098	0.0476885371898	0.024,0.026,0.116	0.229,0.196,0.218	-0.159
5374	ENSG00000169045	HNRNPH1	chr5	-	179616125	179617110	179616125	179616218	179617020	179617110	5374	2055,2201,1906	361,310,303	1773,1810,1976	413,411,358	951	149	0.00163002933825	0.0451320734955	0.471,0.527,0.496	0.402,0.408,0.464	0.073
5403	ENSG00000008517	IL32	chr16	+	3067376	3067613	3067376	3067415	3067553	3067613	5403	2,2,0	24,27,16	18,9,19	63,21,47	287	149	1.62520882074e-06	0.000571953119062	0.041,0.037,0.0	0.129,0.182,0.173	-0.135
5607	ENSG00000163704	PRRT3	chr3	-	9945541	9948001	9945541	9945711	9946084	9948001	5607	140,115,100	3,0,1	75,107,112	8,3,3	522	149	0.00124332905618	0.0378624085684	0.93,1.0,0.966	0.728,0.911,0.914	0.114
5623	ENSG00000142089	IFITM3	chr11	-	320112	320841	320112	320248	320564	320841	5623	14,25,5	1,0,1	21,23,20	7,1,4	465	149	0.000702547586672	0.0261788516414	0.818,1.0,0.616	0.49,0.881,0.616	0.149
5642	ENSG00000150433	TMEM218	chr11	-	125102131	125102809	125102131	125102317	125102636	125102809	5642	122,190,106	27,47,29	154,139,155	18,15,17	468	149	4.92000580543e-05	0.00531248808673	0.59,0.563,0.538	0.731,0.747,0.744	-0.177
5678	ENSG00000102393	GLA	chrX	-	101400665	101401809	101400665	101400757	101401232	101401809	5678	223,298,304	4,7,8	450,253,297	27,17,26	624	149	4.58228770139e-06	0.00117850925017	0.93,0.91,0.901	0.799,0.78,0.732	0.143
5696	ENSG00000310526	WASH7P	chr1	-	15795	16765	15795	15947	16606	16765	5696	143,126,109	2,0,1	95,96,85	2,10,1	808	149	0.000505965481181	0.0219528949871	0.93,1.0,0.953	0.898,0.639,0.94	0.135
5792	ENSG00000124493	GRM4	chr6	-	34058973	34062028	34058973	34059128	34061892	34062028	5792	29,3,6	5,3,0	10,2,8	0,1,0	2913	149	0.00156605137395	0.044156142894	0.229,0.049,1.0	1.0,0.093,1.0	-0.272
5878	ENSG00000162231	NXF1	chr11	-	62798538	62800486	62798538	62798575	62800376	62800486	5878	2888,2720,2139	416,445,374	2127,2380,2286	523,487,497	1950	149	0.000377957210518	0.0191029224167	0.347,0.318,0.304	0.237,0.272,0.26	0.067
5962	ENSG00000115282	TTC31	chr2	+	74492003	74494559	74492003	74492055	74492138	74494559	5962	19,32,20	119,103,76	12,15,8	116,119,74	232	149	0.000908915745376	0.0310470781395	0.093,0.166,0.145	0.062,0.075,0.065	0.067
5994	ENSG00000171962	DRC3	chr17	+	17992764	17994418	17992764	17992911	17994298	17994418	5994	57,35,47	3,1,0	30,41,32	1,10,11	1536	149	0.00191174009429	0.0489632193422	0.648,0.772,1.0	0.744,0.285,0.22	0.39
6121	ENSG00000105402	NAPA	chr19	-	47492014	47493493	47492014	47492119	47493415	47493493	6121	180,208,168	3,6,0	238,174,230	1,0,0	1445	149	0.000176741565829	0.0124399878408	0.861,0.781,1.0	0.961,1.0,1.0	-0.106
6170	ENSG00000155287	SLC25A28	chr10	-	99612542	99613924	99612542	99612599	99613732	99613924	6170	642,598,512	8,10,6	501,631,496	1,0,4	1282	149	6.69200986017e-05	0.00683736319262	0.903,0.874,0.908	0.983,1.0,0.935	-0.078
6171	ENSG00000291153	STAG3L4	chr7	+	67308576	67309139	67308576	67308652	67308934	67309139	6171	30,59,44	0,5,1	44,30,18	14,7,9	431	149	1.35335290696e-06	0.000535814971747	1.0,0.803,0.938	0.521,0.597,0.409	0.405
6334	ENSG00000267265	GP6-AS1	chr19	+	55006226	55006464	55006226	55006289	55006416	55006464	6334	26,5,7	13,6,6	12,25,15	2,6,1	276	149	0.00127753886822	0.0382939253181	0.519,0.31,0.386	0.764,0.692,0.89	-0.377
6379	ENSG00000077152	UBE2T	chr1	-	202334988	202335818	202334988	202335058	202335641	202335818	6379	72,53,60	19,14,17	36,45,36	17,37,15	732	149	0.00193463670001	0.0494164460309	0.435,0.435,0.418	0.301,0.198,0.328	0.154
6380	ENSG00000077152	UBE2T	chr1	-	202334988	202335818	202334988	202335049	202335645	202335818	6380	97,93,77	1,0,2	74,86,66	2,4,6	745	149	0.000502303682309	0.0219528949871	0.951,1.0,0.885	0.881,0.811,0.688	0.152
6395	ENSG00000164509	IL31RA	chr5	+	55916643	55922850	55916643	55916834	55922395	55922850	6395	176,381,364	0,0,1	629,287,396	1,0,13	5710	149	0.000482147513199	0.0219528949871	1.0,1.0,0.905	0.943,1.0,0.443	0.173
6486	ENSG00000149091	DGKZ	chr11	+	46378456	46379111	46378456	46378500	46378893	46379111	6486	135,125,124	2,1,0	135,129,95	8,1,6	542	149	0.000150438969718	0.0114357687221	0.949,0.972,1.0	0.823,0.973,0.813	0.104
6531	ENSG00000161914	ZNF653	chr19	-	11486986	11487903	11486986	11487158	11487291	11487903	6531	34,46,22	156,131,126	11,31,8	122,158,134	282	149	0.000211584256905	0.0139883576348	0.103,0.156,0.084	0.045,0.094,0.031	0.058
6611	ENSG00000161203	AP2M1	chr3	+	184180168	184180984	184180168	184180251	184180848	184180984	6611	208,200,167	106,140,92	188,176,195	170,180,139	746	149	0.00121631677421	0.0372624146277	0.282,0.222,0.266	0.181,0.163,0.219	0.069
6661	ENSG00000116353	MECR	chr1	-	29195940	29196258	29195940	29196042	29196197	29196258	6661	45,31,19	1,1,0	33,32,21	2,2,6	304	149	0.000276061737256	0.0156500485823	0.957,0.938,1.0	0.89,0.887,0.632	0.162
6695	ENSG00000285533	RELA-DT	chr11	+	65663426	65665543	65663426	65663683	65665445	65665543	6695	80,56,75	0,0,0	47,42,60	2,3,4	1911	149	1.79359159747e-08	2.53082034773e-05	1.0,1.0,1.0	0.647,0.522,0.539	0.431
6742	ENSG00000254510	NA	chr11	+	66410152	66410973	66410152	66410368	66410855	66410973	6742	230,177,192	21,10,5	187,248,145	5,4,3	636	149	0.00139778843225	0.0408670328715	0.72,0.806,0.9	0.898,0.936,0.919	-0.109
6774	ENSG00000290940	FAM86FP	chr12	-	8232213	8232964	8232213	8232607	8232754	8232964	6774	3,6,0	0,0,1	2,1,1	0,3,3	296	149	0.000386339685695	0.0194232788014	1.0,1.0,0.0	1.0,0.144,0.144	0.237
6800	ENSG00000297244	NA	chr1	+	155747761	155748531	155747761	155747896	155748399	155748531	6800	367,385,280	11,17,5	249,321,336	10,23,32	652	149	0.0011017994061	0.0355787522723	0.884,0.838,0.928	0.851,0.761,0.706	0.111
6819	ENSG00000064932	SBNO2	chr19	-	1109134	1109598	1109134	1109211	1109505	1109598	6819	41,24,23	5,1,9	35,45,25	0,1,2	443	149	0.000369900360752	0.0188967377842	0.734,0.89,0.462	1.0,0.938,0.808	-0.22
6862	ENSG00000102878	HSF4	chr16	+	67165945	67166395	67165945	67166070	67166319	67166395	6862	22,7,6	5,6,1	30,11,26	0,1,1	398	149	4.5890172865e-06	0.00117850925017	0.622,0.304,0.692	1.0,0.805,0.907	-0.365
6904	ENSG00000185963	BICD2	chr9	-	92711362	92715463	92711362	92713461	92715252	92715463	6904	3421,3634,2773	199,163,104	3093,3212,2767	208,191,206	1940	149	0.00182182056408	0.0476885371898	0.569,0.631,0.672	0.533,0.564,0.508	0.089
6922	ENSG00000198590	APRG1	chr3	+	37417018	37418101	37417018	37417142	37417252	37418101	6922	11,6,11	5,4,0	9,17,17	2,0,0	259	149	0.00057112801352	0.0235878500849	0.559,0.463,1.0	0.721,1.0,1.0	-0.233
6951	ENSG00000172995	ARPP21	chr3	+	35683725	35685887	35683725	35683815	35684020	35685887	6951	7,1,0	8,3,6	0,0,0	5,13,7	354	149	0.000616283918362	0.0241016651748	0.269,0.123,0.0	0.0,0.0,0.0	0.131
6952	ENSG00000170889	RPS9	chr19	+	54206275	54206724	54206275	54206462	54206552	54206724	6952	419,371,316	150,135,130	341,345,271	176,185,173	239	149	0.000448908710203	0.0215430836583	0.635,0.631,0.602	0.547,0.538,0.494	0.096
6957	ENSG00000109846	CRYAB	chr11	-	111908622	111911922	111908622	111908967	111911523	111911922	6957	21,16,13	0,0,0	59,9,27	4,2,0	2705	149	2.65347749293e-05	0.00350185321359	1.0,1.0,1.0	0.448,0.199,1.0	0.451
6989	ENSG00000198198	SZT2	chr1	+	43446178	43447168	43446178	43446259	43446954	43447168	6989	20,31,17	5,2,0	7,22,7	0,0,1	844	149	0.000319463099669	0.0169293598437	0.414,0.732,1.0	1.0,1.0,0.553	-0.136
6994	ENSG00000126088	UROD	chr1	+	45013908	45014836	45013908	45014070	45014735	45014836	6994	178,211,210	1,0,0	241,205,220	8,8,0	814	149	7.92206410505e-06	0.00180738168684	0.97,1.0,1.0	0.846,0.824,1.0	0.1
7079	ENSG00000089094	KDM2B	chr12	-	121442156	121443793	121442156	121442836	121443679	121443793	7079	218,226,193	0,0,0	188,244,149	0,8,2	992	149	0.000104543542315	0.00903066126434	1.0,1.0,1.0	1.0,0.821,0.918	0.087
7108	ENSG00000108691	CCL2	chr17	+	34255284	34257203	34255284	34255425	34256721	34257203	7108	136,68,27	8,0,0	118,95,95	0,0,0	1445	149	0.000252646347084	0.0148187999382	0.637,1.0,1.0	1.0,1.0,1.0	-0.121
7118	ENSG00000178971	CTC1	chr17	-	8228502	8229206	8228502	8228629	8229141	8229206	7118	75,84,79	2,1,0	57,66,71	2,5,7	661	149	9.87563106161e-05	0.00893697584261	0.894,0.95,1.0	0.865,0.748,0.696	0.178
7219	ENSG00000175197	DDIT3	chr12	-	57517268	57517753	57517268	57517595	57517705	57517753	7219	75,141,71	2,0,0	124,154,102	4,4,7	259	149	0.000498562884669	0.0219528949871	0.956,1.0,1.0	0.947,0.957,0.893	0.053
7260	ENSG00000160695	VPS11	chr11	+	119078172	119078997	119078172	119078334	119078794	119078997	7260	69,49,64	1,0,0	81,62,61	0,6,3	609	149	0.000184630915909	0.0127178225986	0.944,1.0,1.0	1.0,0.717,0.833	0.131
7293	ENSG00000174032	SLC25A30	chr13	-	45393315	45399078	45393315	45396015	45398939	45399078	7293	147,134,102	0,0,0	65,107,120	4,2,0	3073	149	0.000218210336277	0.0140585304862	1.0,1.0,1.0	0.441,0.722,1.0	0.279
7379	ENSG00000188878	FBF1	chr17	-	75913912	75914298	75913912	75914050	75914121	75914298	7379	1,11,8	56,36,42	31,17,9	60,37,35	220	149	0.000455247945878	0.0217375174961	0.012,0.171,0.114	0.259,0.237,0.148	-0.116
7380	ENSG00000188878	FBF1	chr17	-	75914121	75914932	75914121	75914292	75914746	75914932	7380	18,18,20	1,0,0	22,19,4	2,4,0	603	149	0.000496352666363	0.0219528949871	0.816,1.0,1.0	0.731,0.54,1.0	0.182
7470	ENSG00000265241	RBM8A	chr1	-	145926481	145927077	145926481	145926618	145927017	145927077	7470	105,118,94	4,0,2	47,112,102	11,7,4	548	149	0.000527848197084	0.0224915406668	0.877,1.0,0.927	0.537,0.813,0.874	0.193
7490	ENSG00000170144	HNRNPA3	chr2	+	177215977	177216771	177215977	177216188	177216675	177216771	7490	260,344,292	5,0,1	265,229,248	2,11,7	636	149	0.000429635236751	0.0209353539467	0.924,1.0,0.986	0.969,0.83,0.892	0.073
7547	ENSG00000131462	TUBG1	chr17	+	42613646	42614657	42613646	42613733	42614259	42614657	7547	96,94,70	2,1,6	119,73,49	1,0,0	675	149	0.000213360885317	0.0139883576348	0.914,0.954,0.72	0.963,1.0,1.0	-0.125
7557	ENSG00000290927	NA	chr16	+	31705671	31707437	31705671	31705792	31705889	31707437	7557	1,2,3	50,38,44	15,5,2	41,59,42	246	149	0.00191164946439	0.0489632193422	0.012,0.031,0.04	0.181,0.049,0.028	-0.058
7561	ENSG00000290927	NA	chr16	+	31705671	31707437	31705671	31705792	31706890	31707437	7561	16,32,30	0,0,0	36,42,21	3,0,3	1247	149	0.000112121693403	0.00959802099744	1.0,1.0,1.0	0.589,1.0,0.455	0.319
7591	ENSG00000291064	NA	chr22	+	50788749	50789179	50788749	50788798	50788891	50789179	7591	117,84,108	32,17,25	184,152,130	24,21,12	242	149	0.00107650667011	0.0350690649888	0.692,0.753,0.727	0.825,0.817,0.87	-0.113
7848	ENSG00000260492	CISTR	chr12	-	53746334	53746848	53746334	53746547	53746707	53746848	7848	5,3,4	0,0,0	2,2,6	6,0,1	309	149	0.000483592604121	0.0219528949871	1.0,1.0,1.0	0.138,1.0,0.743	0.373
7854	ENSG00000198093	ZNF649	chr19	-	51899797	51900294	51899797	51899912	51900092	51900294	7854	52,37,50	2,0,0	36,28,19	7,1,0	329	149	0.00113306812463	0.0359847878951	0.922,1.0,1.0	0.7,0.927,1.0	0.098
7992	ENSG00000291049	FAM86B3P	chr8	+	8244098	8244863	8244098	8244322	8244584	8244863	7992	100,112,87	1,1,1	61,86,53	0,6,4	411	149	0.00157371565246	0.0442409648807	0.973,0.976,0.969	1.0,0.839,0.828	0.084
8019	ENSG00000291091	NA	chr3	-	197621703	197623382	197621703	197622330	197623219	197623382	8019	53,49,60	45,28,31	22,22,34	19,41,38	1038	149	0.00116056359346	0.0363949678715	0.145,0.201,0.217	0.143,0.072,0.114	0.078
8071	ENSG00000271913	TAGAP-AS1	chr6	+	159041797	159043052	159041797	159042308	159042797	159043052	8071	48,19,16	0,2,0	13,15,15	5,0,3	638	149	0.000575083936423	0.0235878500849	1.0,0.689,1.0	0.378,1.0,0.539	0.257
8107	ENSG00000272371	NA	chr1	+	52572512	52573908	52572512	52572590	52573211	52573908	8107	8,13,7	6,3,0	6,15,4	0,0,1	770	149	0.000131779109136	0.0104812732459	0.205,0.456,1.0	1.0,1.0,0.436	-0.258
8221	ENSG00000130713	EXOSC2	chr9	+	130697581	130699394	130697581	130697627	130699328	130699394	8221	207,223,192	43,39,27	164,162,133	44,58,47	1850	149	0.000146236955321	0.0112059963666	0.279,0.315,0.364	0.231,0.184,0.186	0.119
8387	ENSG00000130653	PNPLA7	chr9	-	137460633	137461620	137460633	137460737	137461535	137461620	8387	27,11,11	4,7,4	5,2,9	12,8,6	947	149	0.000512211290769	0.0221228712949	0.515,0.198,0.302	0.062,0.038,0.191	0.241
8389	ENSG00000130653	PNPLA7	chr9	-	137478033	137479238	137478033	137478152	137479055	137479238	8389	34,18,21	1,2,2	17,17,15	9,5,4	1052	149	0.000888751444886	0.0310470781395	0.828,0.56,0.598	0.211,0.325,0.347	0.368
8430	ENSG00000290555	LINC00680	chr6	-	57949357	57950011	57949357	57949505	57949858	57950011	8430	142,107,119	3,0,6	140,127,95	0,0,0	502	149	0.00154175896989	0.0438616578799	0.934,1.0,0.855	1.0,1.0,1.0	-0.07
8432	ENSG00000290555	LINC00680	chr6	-	57948872	57950011	57948872	57949068	57949903	57950011	8432	256,224,217	2,1,0	211,206,152	7,12,0	984	149	1.67125669273e-05	0.00269157306683	0.951,0.971,1.0	0.82,0.722,1.0	0.127
8619	ENSG00000289960	NA	chr22	+	19855012	19855712	19855012	19855107	19855601	19855712	8619	30,46,28	0,2,0	48,19,31	2,14,2	643	149	9.63704769565e-05	0.0088049256927	1.0,0.842,1.0	0.848,0.239,0.782	0.324
8659	ENSG00000291096	NA	chr3	-	125932649	125933696	125932649	125932709	125933574	125933696	8659	33,12,21	21,36,19	9,10,5	40,18,19	1014	149	0.000464058809995	0.0218389077987	0.188,0.047,0.14	0.032,0.075,0.037	0.077
8735	ENSG00000101222	SPEF1	chr20	-	3778745	3778990	3778745	3778806	3778950	3778990	8735	16,9,4	46,43,30	3,1,2	49,19,37	293	149	9.1099010038e-05	0.00857052270674	0.15,0.096,0.063	0.03,0.026,0.027	0.075
8769	ENSG00000136826	KLF4	chr9	-	107487027	107488267	107487027	107487192	107487294	107488267	8769	2,3,0	18,21,10	3,5,14	15,18,22	251	149	0.00125462675446	0.0378624085684	0.062,0.078,0.0	0.106,0.142,0.274	-0.127
8821	ENSG00000129255	MPDU1	chr17	+	7586691	7587271	7586691	7586838	7587160	7587271	8821	117,99,86	7,2,6	53,110,84	10,9,15	471	149	0.00175846442002	0.0470674054057	0.841,0.94,0.819	0.626,0.795,0.639	0.18
8831	ENSG00000187531	SIRT7	chr17	-	81914293	81915512	81914293	81914530	81915439	81915512	8831	283,233,169	6,5,4	205,183,210	12,15,10	1058	149	0.000474762723104	0.0219528949871	0.869,0.868,0.856	0.706,0.632,0.747	0.169
8892	ENSG00000203875	SNHG5	chr6	-	85677423	85677875	85677423	85677492	85677790	85677875	8892	152,90,76	7,12,11	92,80,65	28,19,11	447	149	0.00178832637509	0.0472664576178	0.879,0.714,0.697	0.523,0.584,0.663	0.173
8930	ENSG00000079785	DDX1	chr2	+	15628444	15629697	15628444	15628517	15629601	15629697	8930	169,145,120	1,3,4	130,150,186	0,0,0	1233	149	0.000249292781292	0.0148187999382	0.953,0.854,0.784	1.0,1.0,1.0	-0.136
9016	ENSG00000172269	DPAGT1	chr11	-	119097854	119098487	119097854	119097925	119098402	119098487	9016	199,285,172	8,4,4	267,222,218	2,1,0	626	149	8.91298560752e-05	0.00846911892427	0.856,0.944,0.911	0.969,0.981,1.0	-0.08
9138	ENSG00000125835	SNRPB	chr20	-	2465707	2467315	2465707	2465819	2467191	2467315	9138	197,267,198	49,53,29	169,184,158	56,70,53	1521	149	0.000539878713773	0.0227586042796	0.283,0.33,0.401	0.228,0.205,0.226	0.118
9173	ENSG00000236882	LINC01554	chr5	+	95858803	95860141	95858803	95858949	95859488	95860141	9173	12,10,2	1,0,0	1,1,6	0,3,1	688	149	0.000250972716818	0.0148187999382	0.722,1.0,1.0	1.0,0.067,0.565	0.363
9237	ENSG00000159176	CSRP1	chr1	-	201485282	201488984	201485282	201485376	201488854	201488984	9237	85,198,124	80,205,165	126,82,68	37,29,22	3627	149	1.98729921408e-14	1.88833171322e-10	0.042,0.038,0.03	0.123,0.104,0.113	-0.077
9238	ENSG00000100360	IFT27	chr22	-	36758210	36764036	36758210	36758409	36763918	36764036	9238	4993,5094,4082	44,24,20	3958,4083,3780	61,65,39	5658	149	2.1462196147e-06	0.000657850928351	0.749,0.848,0.843	0.631,0.623,0.719	0.156
9251	ENSG00000117616	RSRP1	chr1	-	25243549	25245301	25243549	25243633	25245149	25245301	9251	1767,1847,1465	14,30,15	2084,1703,1766	45,23,45	1665	149	0.00175173172406	0.0470674054057	0.919,0.846,0.897	0.806,0.869,0.778	0.07
9268	ENSG00000149923	PPP4C	chr16	+	30082745	30083567	30082745	30082963	30083393	30083567	9268	279,257,234	24,2,12	305,200,311	5,8,0	579	149	0.00196406370908	0.0498817599158	0.749,0.971,0.834	0.94,0.865,1.0	-0.084
9291	ENSG00000073969	NSF	chr17	+	46755313	46755597	46755313	46755369	46755498	46755597	9291	6,7,4	14,17,20	1,0,2	26,19,18	278	149	1.9687524453e-05	0.00296937868813	0.187,0.181,0.097	0.02,0.0,0.056	0.13
9398	ENSG00000136286	MYO1G	chr7	-	44968522	44969875	44968522	44969483	44969704	44969875	9398	3,0,2	14,24,18	12,2,6	23,5,7	370	149	4.05620613513e-05	0.00469552272582	0.079,0.0,0.043	0.174,0.139,0.257	-0.149
9417	ENSG00000260565	ERVK13-1	chr16	-	2671023	2672570	2671023	2671231	2671344	2672570	9417	70,77,49	9,4,3	70,71,59	1,0,1	262	149	1.35834635514e-05	0.00226438720466	0.816,0.916,0.903	0.975,1.0,0.971	-0.104
9476	ENSG00000165533	TTC8	chr14	+	88841036	88841514	88841036	88841196	88841424	88841514	9476	32,58,38	53,85,30	34,22,24	85,67,58	377	149	0.000831822979881	0.0294879448875	0.193,0.212,0.334	0.137,0.115,0.141	0.115
9480	ENSG00000136378	ADAMTS7	chr15	-	78776187	78777588	78776187	78776333	78777443	78777588	9480	516,472,372	10,4,2	329,431,331	17,13,5	1259	149	0.00169158528768	0.046055711758	0.859,0.933,0.957	0.696,0.797,0.887	0.123
9487	ENSG00000251136	PARAIL	chr8	-	89720903	89722156	89720903	89721374	89722014	89722156	9487	26,28,6	1,2,0	24,16,16	5,6,2	789	149	0.00125307089369	0.0378624085684	0.831,0.726,1.0	0.475,0.335,0.602	0.382
9518	ENSG00000293268	NA	chr3	+	101692802	101700926	101692802	101692969	101699952	101700926	9518	2296,2434,1994	2,0,0	1705,1782,1858	3,6,1	7132	149	0.00121959702686	0.0372624146277	0.96,1.0,1.0	0.922,0.861,0.975	0.067
9598	ENSG00000137070	IL11RA	chr9	+	34655217	34655665	34655217	34655317	34655604	34655665	9598	72,77,59	130,91,72	46,52,60	145,99,127	436	149	0.000815233898842	0.0292326246046	0.159,0.224,0.219	0.098,0.152,0.139	0.071
9627	ENSG00000227888	FAM66A	chr8	+	12438163	12438511	12438163	12438218	12438339	12438511	9627	99,122,86	16,23,21	162,146,146	11,10,10	270	149	8.88249850894e-06	0.00183740062186	0.773,0.745,0.693	0.89,0.89,0.89	-0.153
9659	ENSG00000135541	AHI1	chr6	-	135300499	135302817	135300499	135300558	135302711	135302817	9659	637,654,474	2,13,1	381,541,572	0,3,0	2302	149	0.000516456756222	0.0222053036091	0.954,0.765,0.968	1.0,0.921,1.0	-0.078
9660	ENSG00000135541	AHI1	chr6	-	135301407	135302817	135301407	135301504	135302711	135302817	9660	570,605,439	2,12,0	349,479,520	1,0,0	1356	149	0.000160673313743	0.0118350219162	0.969,0.847,1.0	0.975,1.0,1.0	-0.053
9852	ENSG00000171793	CTPS1	chr1	+	41009444	41012550	41009444	41009589	41011657	41012550	9852	274,290,229	10,2,8	235,266,198	1,2,0	2217	149	5.36879960542e-05	0.00560597075282	0.648,0.907,0.658	0.94,0.899,1.0	-0.209
9944	ENSG00000133858	ZFC3H1	chr12	-	71611057	71611887	71611057	71611097	71611785	71611887	9944	145,145,148	86,102,69	115,126,119	135,120,93	837	149	0.00023703789178	0.0143460767369	0.231,0.202,0.276	0.132,0.157,0.186	0.078
9952	ENSG00000233611	GBX2-AS1	chr2	+	236169232	236169796	236169232	236169384	236169528	236169796	9952	6,2,5	22,15,20	7,15,13	14,6,20	293	149	0.00179077296805	0.0472664576178	0.122,0.063,0.113	0.203,0.56,0.248	-0.238
10053	ENSG00000241163	LINC00877	chr3	-	72098754	72100010	72098754	72099011	72099903	72100010	10053	9,8,0	2,7,6	2,0,0	16,4,3	1041	149	0.000121281076635	0.00993459301884	0.392,0.141,0.0	0.018,0.0,0.0	0.172
10072	ENSG00000115677	HDLBP	chr2	-	241235120	241235594	241235120	241235275	241235489	241235594	10072	94,93,77	11,8,10	122,138,119	2,2,4	363	149	2.51795092565e-06	0.000747674052985	0.778,0.827,0.76	0.962,0.966,0.924	-0.162
10079	ENSG00000139112	GABARAPL1	chr12	+	10213835	10214187	10213835	10213974	10214073	10214187	10079	34,23,13	2,0,0	17,16,11	11,2,2	248	149	5.8266025621e-06	0.00141959942423	0.911,1.0,1.0	0.481,0.828,0.768	0.278
10303	ENSG00000250999	NA	chr5	+	179658072	179658481	179658072	179658097	179658227	179658481	10303	3,1,1	2,0,0	0,2,1	1,0,3	279	149	0.00111681827017	0.0356107624267	0.445,1.0,1.0	0.0,1.0,0.151	0.431
10344	ENSG00000064703	DDX20	chr1	+	111760705	111761284	111760705	111761125	111761225	111761284	10344	63,38,63	192,172,130	28,36,38	214,175,164	249	149	0.000548106310307	0.0229222636058	0.164,0.117,0.225	0.073,0.11,0.122	0.067
10366	ENSG00000124006	OBSL1	chr2	-	219550728	219551798	219550728	219550868	219551528	219551798	10366	167,247,157	10,6,7	139,180,145	14,21,17	809	149	0.000117916308482	0.00988519764196	0.755,0.883,0.805	0.646,0.612,0.611	0.191
10417	ENSG00000286342	NA	chr7	+	64947764	64950722	64947764	64947955	64949115	64950722	10417	21,20,7	0,0,0	22,20,16	0,4,1	1309	149	0.0010590778002	0.0349422126997	1.0,1.0,1.0	1.0,0.363,0.646	0.33
10461	ENSG00000174365	SNHG11	chr20	+	38446667	38447623	38446667	38447076	38447465	38447623	10461	157,142,126	1,1,2	137,98,113	9,5,5	538	149	2.78187419579e-05	0.00357207683897	0.978,0.975,0.946	0.808,0.844,0.862	0.128
10607	ENSG00000232021	LEF1-AS1	chr4	+	108173418	108176428	108173418	108173519	108175791	108176428	10607	2,5,4	0,0,1	1,1,9	1,2,0	2421	149	0.00135052569108	0.0398530904244	1.0,1.0,0.198	0.058,0.03,1.0	0.37
10640	ENSG00000206077	ZDHHC11B	chr5	-	768834	770117	768834	768930	769954	770117	10640	223,219,145	3,1,5	178,167,181	0,0,0	1173	149	0.000214995417776	0.0139923730117	0.904,0.965,0.786	1.0,1.0,1.0	-0.115
10652	ENSG00000102312	PORCN	chrX	+	48512834	48514365	48512834	48512852	48514239	48514365	10652	64,59,47	10,6,4	34,34,37	8,18,11	1536	149	0.000790332940091	0.0288836292182	0.383,0.488,0.533	0.292,0.155,0.246	0.237
10763	ENSG00000164610	RP9	chr7	-	33097270	33100561	33097270	33097362	33100530	33100561	10763	266,313,288	0,0,2	266,234,258	4,0,5	3317	149	0.000505414732602	0.0219528949871	1.0,1.0,0.866	0.749,1.0,0.699	0.139
10803	ENSG00000159753	CARMIL2	chr16	+	67651400	67651845	67651400	67651514	67651684	67651845	10803	2,0,0	11,12,5	5,1,4	14,7,12	319	149	0.00183392677673	0.0478413397263	0.078,0.0,0.0	0.143,0.063,0.135	-0.088
10834	ENSG00000060718	COL11A1	chr1	-	103001259	103001969	103001259	103001631	103001924	103001969	10834	129,40,28	0,0,2	55,116,44	7,5,0	442	149	0.00044192603279	0.0213156404242	1.0,1.0,0.825	0.726,0.887,1.0	0.071
10838	ENSG00000204758	RPL26L1-AS1	chr5	-	172957153	172958257	172957153	172957302	172958138	172958257	10838	30,27,22	1,0,0	36,33,41	3,4,2	985	149	2.56439748759e-05	0.00348098641815	0.819,1.0,1.0	0.645,0.555,0.756	0.288
10875	ENSG00000179698	WDR97	chr8	+	144113976	144114475	144113976	144114162	144114277	144114475	10875	4,8,1	0,0,0	13,3,5	3,2,1	264	149	0.000126723875641	0.0102917116781	1.0,1.0,1.0	0.71,0.458,0.738	0.365
10902	ENSG00000103034	NDRG4	chr16	+	58503797	58504274	58503797	58503957	58504153	58504274	10902	236,187,183	3,1,2	90,155,169	9,3,5	345	149	0.00065739769842	0.0251042451077	0.971,0.988,0.975	0.812,0.957,0.936	0.076
11022	ENSG00000100316	RPL3	chr22	-	39313190	39314208	39313190	39313310	39314106	39314208	11022	745,836,671	90,108,93	834,668,591	200,141,131	945	149	1.3309587682e-06	0.000535814971747	0.566,0.55,0.532	0.397,0.428,0.416	0.136
11229	ENSG00000273032	DGCR5	chr22	+	18987756	18988195	18987756	18987900	18988097	18988195	11229	5,12,9	4,1,10	1,6,19	1,0,0	346	149	6.01760105365e-05	0.00621513534911	0.35,0.838,0.279	0.301,1.0,1.0	-0.278
11273	ENSG00000291155	CT75	chr2	+	222320463	222321722	222320463	222321264	222321466	222321722	11273	25,3,5	1,0,0	19,15,6	2,6,2	351	149	1.20598215448e-05	0.00214339221023	0.914,1.0,1.0	0.801,0.515,0.56	0.346
11378	ENSG00000119912	IDE	chr10	-	92506441	92508205	92506441	92506522	92508112	92508205	11378	21,14,26	0,0,0	34,21,26	2,2,4	1739	149	3.65370722566e-09	8.67938151456e-06	1.0,1.0,1.0	0.593,0.474,0.358	0.525
11422	ENSG00000291171	NA	chr12	+	132103996	132105304	132103996	132104170	132104374	132105304	11422	30,14,11	8,4,4	36,29,32	1,2,0	353	149	1.18956365014e-06	0.000535814971747	0.613,0.596,0.537	0.938,0.86,1.0	-0.351
11423	ENSG00000291171	NA	chr12	+	132103996	132105304	132103996	132104170	132104377	132105304	11423	30,14,12	48,36,37	38,29,34	44,20,36	356	149	0.000660498976733	0.0251042451077	0.207,0.14,0.12	0.265,0.378,0.283	-0.153
11429	ENSG00000081041	CXCL2	chr4	-	74098798	74099195	74098798	74098922	74099020	74099195	11429	36,23,15	34,19,26	26,1,6	78,21,42	247	149	9.90944101664e-07	0.000495576360737	0.39,0.422,0.258	0.167,0.028,0.079	0.265
11433	ENSG00000291104	BTN2A3P	chr6	+	26422932	26423759	26422932	26423277	26423360	26423759	11433	33,18,17	0,0,0	29,19,27	3,4,1	232	149	0.000227930940847	0.0141555542479	1.0,1.0,1.0	0.861,0.753,0.945	0.147
11470	ENSG00000090615	GOLGA3	chr12	-	132774156	132775305	132774156	132774320	132775065	132775305	11470	80,44,46	7,0,2	64,80,50	0,0,0	894	149	8.22070686302e-06	0.00180738168684	0.656,1.0,0.793	1.0,1.0,1.0	-0.184
11491	ENSG00000189316	NA	chr7	-	64888540	64889187	64888540	64888817	64889065	64889187	11491	6,10,4	0,0,0	7,15,17	6,9,1	397	149	1.86442248307e-08	2.53082034773e-05	1.0,1.0,1.0	0.305,0.385,0.865	0.482
11696	ENSG00000188603	CLN3	chr16	-	28482326	28482672	28482326	28482382	28482607	28482672	11696	69,59,42	0,3,1	22,49,25	2,7,4	374	149	0.000225134466225	0.0140738664347	1.0,0.887,0.944	0.814,0.736,0.713	0.189
11846	ENSG00000166105	GLB1L3	chr11	+	134292131	134293209	134292131	134292213	134293144	134293209	11846	12,4,4	1,1,0	3,8,9	1,4,6	1080	149	0.00185231256534	0.0479582397707	0.623,0.356,1.0	0.293,0.216,0.171	0.433
11887	ENSG00000291158	LINC00869	chr1	+	149646598	149647626	149646598	149647064	149647383	149647626	11887	99,111,100	0,10,0	76,46,71	0,0,0	468	149	0.000488287698279	0.0219528949871	1.0,0.779,1.0	1.0,1.0,1.0	-0.074
12079	ENSG00000132680	KHDC4	chr1	-	155913044	155915964	155913044	155914320	155915872	155915964	12079	865,942,789	333,351,219	718,739,637	461,336,303	1701	149	2.41389810484e-05	0.00339711232583	0.185,0.19,0.24	0.12,0.162,0.156	0.059
12163	ENSG00000198270	TMEM116	chr12	-	111933885	111936830	111933885	111934030	111936691	111936830	12163	137,136,107	34,34,36	65,70,78	32,45,34	2810	149	0.000320430237338	0.0169293598437	0.176,0.175,0.136	0.097,0.076,0.108	0.069
12262	ENSG00000230798	FOXD3-AS1	chr1	-	63320877	63321463	63320877	63321190	63321366	63321463	12262	0,1,20	1,20,31	0,0,0	6,15,2	325	149	1.71551935858e-05	0.00271429548322	0.0,0.022,0.228	0.0,0.0,0.0	0.083
12277	ENSG00000111364	DDX55	chr12	+	123605930	123606159	123605930	123605981	123606072	123606159	12277	44,29,37	170,157,121	23,22,17	183,188,115	240	149	0.000411365856071	0.0203583248145	0.138,0.103,0.16	0.072,0.068,0.084	0.059
12294	ENSG00000156983	BRPF1	chr3	+	9742024	9742541	9742024	9742153	9742351	9742541	12294	70,48,17	4,4,3	24,21,34	19,6,9	347	149	0.000104247450058	0.00903066126434	0.883,0.837,0.709	0.352,0.6,0.619	0.286
12411	ENSG00000204420	MPIG6B	chr6	+	31724745	31725074	31724745	31724844	31724969	31725074	12411	34,26,19	0,0,0	42,18,16	8,0,0	274	149	0.000541301259439	0.0227586042796	1.0,1.0,1.0	0.741,1.0,1.0	0.086
12466	ENSG00000204463	BAG6	chr6	-	31640791	31641592	31640791	31640938	31641538	31641592	12466	102,86,75	0,0,1	78,80,75	7,2,11	749	149	4.34287426021e-08	4.12659912205e-05	1.0,1.0,0.937	0.689,0.888,0.576	0.261
12517	ENSG00000114786	ABHD14A-ACY1	chr3	+	51985851	51987453	51985851	51987196	51987308	51987453	12517	16,40,30	100,123,106	10,19,10	137,120,103	261	149	3.75045836566e-05	0.00439961177661	0.084,0.157,0.139	0.04,0.083,0.053	0.068
12566	ENSG00000241106	HLA-DOB	chr6	-	32813722	32814601	32813722	32813833	32814319	32814601	12566	1,1,4	1,0,3	9,4,7	0,0,1	635	149	0.000284244712622	0.015794697423	0.19,1.0,0.238	1.0,1.0,0.622	-0.398
12633	ENSG00000063177	RPL18	chr19	-	48616078	48617423	48616078	48616202	48617315	48617423	12633	479,451,379	43,50,50	512,389,351	129,52,65	1262	149	0.00184671097943	0.0479438462474	0.568,0.516,0.472	0.319,0.469,0.389	0.126
12702	ENSG00000121940	CLCC1	chr1	-	108941404	108943615	108941404	108941494	108943474	108943615	12702	88,125,135	9,8,4	76,115,85	0,2,2	2129	149	0.00154879509767	0.0439303015464	0.406,0.522,0.703	1.0,0.801,0.748	-0.306
12763	ENSG00000293427	NA	chr22	-	21476001	21476764	21476001	21476223	21476643	21476764	12763	135,135,102	2,1,1	104,102,129	5,7,8	569	149	3.06669388448e-05	0.00388529670538	0.946,0.972,0.964	0.845,0.792,0.809	0.145
12866	ENSG00000092529	CAPN3	chr15	+	42410427	42410666	42410427	42410496	42410587	42410666	12866	2,0,6	10,7,13	0,0,0	8,5,2	240	149	0.000550018533164	0.0229222636058	0.11,0.0,0.223	0.0,0.0,0.0	0.111
12923	ENSG00000228705	LINC00659	chr20	-	62775314	62776954	62775314	62775479	62776805	62776954	12923	4,5,2	0,0,0	3,8,17	3,4,0	1475	149	2.42612689716e-07	0.000144081611105	1.0,1.0,1.0	0.092,0.168,1.0	0.58
12963	ENSG00000127580	WDR24	chr16	-	685868	686186	685868	685990	686067	686186	12963	98,60,70	86,58,56	35,36,52	87,63,57	226	149	0.00120868060733	0.0371679065723	0.429,0.405,0.452	0.21,0.274,0.376	0.142
12999	ENSG00000009830	POMT2	chr14	-	77304691	77306503	77304691	77304800	77306401	77306503	12999	165,183,137	5,4,1	213,143,132	0,0,1	1750	149	3.23298000859e-05	0.00398958130411	0.738,0.796,0.921	1.0,1.0,0.918	-0.154
13076	ENSG00000135596	MICAL1	chr6	-	109446135	109446772	109446135	109446357	109446695	109446772	13076	381,404,299	4,13,10	227,298,319	0,2,3	487	149	7.53078512055e-05	0.00745390835578	0.967,0.905,0.901	1.0,0.979,0.97	-0.059
13078	ENSG00000135596	MICAL1	chr6	-	109451599	109452401	109451599	109451700	109452245	109452401	13078	567,577,473	138,167,127	358,486,432	154,185,176	694	149	0.000171773495712	0.0124399878408	0.469,0.426,0.444	0.333,0.361,0.345	0.1
13090	ENSG00000299366	NA	chr6	+	90587091	90587955	90587091	90587747	90587882	90587955	13090	2,10,9	1,1,0	14,4,10	5,2,2	284	149	0.00145679596661	0.0420743929323	0.512,0.84,1.0	0.595,0.512,0.724	0.174
13111	ENSG00000128609	NDUFA5	chr7	-	123557403	123557781	123557403	123557448	123557624	123557781	13111	87,67,65	11,8,7	60,64,72	0,6,0	325	149	0.00033487100693	0.0173876738134	0.784,0.793,0.81	1.0,0.83,1.0	-0.148
13140	ENSG00000169189	NSMCE1	chr16	-	27241352	27241889	27241352	27241484	27241798	27241889	13140	10,15,14	1,2,2	20,6,4	0,0,0	463	149	0.000721633995671	0.0267850243237	0.763,0.707,0.693	1.0,1.0,1.0	-0.279
13270	ENSG00000310523	NA	chr2	+	113596670	113597638	113596670	113596829	113597490	113597638	13270	41,61,30	2,3,2	24,42,51	0,0,0	810	149	7.46741401007e-05	0.00745390835578	0.79,0.789,0.734	1.0,1.0,1.0	-0.229
13350	ENSG00000263072	ZNF213-AS1	chr16	-	3129247	3129653	3129247	3129310	3129460	3129653	13350	207,251,161	2,1,0	161,166,153	8,4,5	299	149	4.79529484199e-05	0.00523734386076	0.981,0.992,1.0	0.909,0.954,0.938	0.057
13416	ENSG00000006071	ABCC8	chr11	-	17406621	17407129	17406621	17406788	17406887	17407129	13416	6,5,3	13,23,13	1,2,0	17,17,12	248	149	0.000816235032779	0.0292326246046	0.217,0.116,0.122	0.034,0.066,0.0	0.118
13448	ENSG00000279249	NA	chr16	+	49287366	49289655	49287366	49287475	49287829	49289655	13448	22,9,6	1,0,0	7,9,0	0,6,1	503	149	0.00107609120962	0.0350690649888	0.867,1.0,1.0	1.0,0.308,0.0	0.52
13451	ENSG00000279249	NA	chr16	+	49287366	49289655	49287366	49287475	49289443	49289655	13451	65,42,17	5,1,0	28,24,32	1,0,0	2117	149	0.000320820211385	0.0169293598437	0.478,0.747,1.0	0.663,1.0,1.0	-0.146
13452	ENSG00000279249	NA	chr16	+	49287366	49289655	49287366	49287475	49289537	49289655	13452	68,46,20	4,3,4	34,28,38	0,2,0	2211	149	0.000641493308226	0.024678013825	0.534,0.508,0.252	1.0,0.485,1.0	-0.397
13507	ENSG00000112473	SLC39A7	chr6	+	33201744	33202427	33201744	33201913	33202262	33202427	13507	97,62,38	2,2,1	73,58,75	8,5,9	498	149	0.000251143383217	0.0148187999382	0.936,0.903,0.919	0.732,0.776,0.714	0.179
13524	ENSG00000166224	SGPL1	chr10	+	70868344	70869424	70868344	70868433	70869326	70869424	13524	93,123,117	6,2,1	105,102,102	1,0,1	1042	149	0.00111409821506	0.0356107624267	0.689,0.898,0.944	0.938,1.0,0.936	-0.114
13527	ENSG00000148356	LRSAM1	chr9	+	127460876	127461257	127460876	127460998	127461172	127461257	13527	12,7,12	1,4,2	5,10,18	0,0,1	323	149	7.88209426437e-05	0.00772120203093	0.847,0.447,0.735	1.0,1.0,0.893	-0.288
13698	ENSG00000170364	SETMAR	chr3	+	4312897	4313761	4312897	4313229	4313666	4313761	13698	275,296,234	2,0,0	253,250,216	5,1,6	586	149	0.000917518264618	0.0311190399607	0.972,1.0,1.0	0.928,0.985,0.902	0.052
