ID	GeneID	geneSymbol	chr	strand	longExonStart_0base	longExonEnd	shortES	shortEE	flankingES	flankingEE	ID	IJC_SAMPLE_1	SJC_SAMPLE_1	IJC_SAMPLE_2	SJC_SAMPLE_2	IncFormLen	SkipFormLen	PValue	FDR	IncLevel1	IncLevel2	IncLevelDifference
8	ENSG00000242612	DECR2	chr16	+	407424	407580	407424	407560	410208	410367	8	9,0,1	4,12,3	1,0,0	7,10,10	169	149	0.00110071012061	0.0410123142636	0.665,0.0,0.227	0.112,0.0,0.0	0.26
41	ENSG00000162910	MRPL55	chr1	-	228109148	228109299	228109260	228109299	228107667	228107869	41	31,61,22	7,9,5	31,33,25	15,12,19	261	149	0.00114877652247	0.0419748118388	0.717,0.795,0.715	0.541,0.611,0.429	0.215
195	ENSG00000228495	LINC01013	chr6	+	132146219	132147030	132146219	132146412	132154655	132154777	195	11,16,17	0,0,0	64,21,28	4,1,2	767	149	9.01436845455e-05	0.00858031525081	1.0,1.0,1.0	0.757,0.803,0.731	0.236
215	ENSG00000207751	NA	chr22	+	21657780	21658686	21657780	21658462	21660836	21661021	215	61,82,57	4,4,3	79,50,35	0,0,2	373	149	0.000824560123927	0.034867657573	0.859,0.891,0.884	1.0,1.0,0.875	-0.08
337	ENSG00000002016	RAD52	chr12	-	926795	927263	927144	927263	925449	925525	337	16,32,11	75,64,67	18,32,38	53,47,51	498	149	0.00116764854784	0.0423915269289	0.06,0.13,0.047	0.092,0.169,0.182	-0.069
443	ENSG00000164972	SPMIP6	chr9	-	34380896	34381131	34380901	34381131	34379645	34379732	443	0,0,0	15,12,22	7,2,0	13,22,16	154	149	0.00016795038781	0.0125985035942	0.0,0.0,0.0	0.343,0.081,0.0	-0.141
620	ENSG00000216937	CCDC7	chr10	+	32446139	32446631	32446139	32446397	32451591	32451921	620	9,11,8	4,13,8	26,12,14	0,5,1	383	149	0.000254591555228	0.0161103829389	0.467,0.248,0.28	1.0,0.483,0.845	-0.444
628	ENSG00000162004	CCDC78	chr16	-	724910	725145	725077	725145	724321	724806	628	44,38,19	9,0,0	22,29,39	0,1,0	316	149	0.00103115419544	0.039727495142	0.697,1.0,1.0	1.0,0.932,1.0	-0.078
686	ENSG00000197912	SPG7	chr16	+	89540943	89542279	89540943	89541384	89544647	89544772	686	643,761,697	15,15,22	612,449,606	35,26,24	1044	149	0.000163727095985	0.0125306541637	0.86,0.879,0.819	0.714,0.711,0.783	0.117
727	ENSG00000115295	CLIP4	chr2	+	29157203	29157402	29157203	29157347	29167475	29167540	727	5,6,1	4,2,1	8,12,3	0,2,0	204	149	8.55865673831e-05	0.00832747396069	0.477,0.687,0.422	1.0,0.814,1.0	-0.409
761	ENSG00000154099	DNAAF1	chr16	+	84165782	84165997	84165782	84165949	84169858	84170356	761	2,0,0	17,31,13	9,0,0	17,3,7	197	149	0.00105769060756	0.0402028909793	0.082,0.0,0.0	0.286,0.0,0.0	-0.068
779	ENSG00000182944	EWSR1	chr22	+	29298732	29299280	29298732	29298895	29299598	29299851	779	425,466,384	0,3,1	322,342,311	9,7,7	534	149	1.59297130953e-06	0.000511439945614	1.0,0.977,0.991	0.909,0.932,0.925	0.067
793	ENSG00000185880	TRIM69	chr15	+	44756367	44758854	44756367	44756463	44759639	44759662	793	110,104,95	4,4,0	74,78,76	0,0,0	2540	149	3.82646547625e-06	0.000942225531511	0.617,0.604,1.0	1.0,1.0,1.0	-0.26
803	ENSG00000144857	BOC	chr3	+	113216186	113216420	113216186	113216278	113249721	113249899	803	6,10,13	48,74,56	2,2,3	89,45,72	291	149	1.41998571751e-05	0.00229996113404	0.06,0.065,0.106	0.011,0.022,0.021	0.059
854	ENSG00000244687	UBE2V1	chr20	-	50115484	50115954	50115829	50115954	50096671	50096820	854	85,125,105	4,2,3	133,99,82	0,0,0	494	149	0.000579557795901	0.028126172044	0.865,0.95,0.913	1.0,1.0,1.0	-0.091
855	ENSG00000244687	UBE2V1	chr20	-	50115698	50115954	50115829	50115954	50096671	50096820	855	12,40,29	4,2,3	31,36,23	0,0,0	280	149	1.28694628914e-05	0.00218347698321	0.615,0.914,0.837	1.0,1.0,1.0	-0.211
923	ENSG00000170049	KCNAB3	chr17	-	7924628	7925183	7925096	7925183	7924414	7924498	923	4,2,9	1,4,1	2,5,3	0,0,1	617	149	9.52353904627e-05	0.00874324925787	0.491,0.108,0.685	1.0,1.0,0.42	-0.379
941	ENSG00000078328	RBFOX1	chr16	+	6019702	6019992	6019702	6019901	6316994	6317057	941	24,8,14	2,0,1	0,3,3	3,6,2	240	149	1.07872005106e-07	7.63666376147e-05	0.882,1.0,0.897	0.0,0.237,0.482	0.687
947	ENSG00000070882	OSBPL3	chr7	-	24834086	24834736	24834485	24834736	24830767	24830905	947	31,31,29	36,41,36	28,33,9	95,62,54	548	149	3.01586115226e-05	0.00392651255996	0.19,0.171,0.18	0.074,0.126,0.043	0.099
1314	ENSG00000214087	ARL16	chr17	-	81682033	81683594	81683535	81683594	81681186	81681879	1314	1344,1365,1141	8,1,0	1226,1308,1170	7,12,10	1651	149	0.000218763127991	0.0144908184255	0.938,0.992,1.0	0.94,0.908,0.913	0.056
1319	ENSG00000132963	POMP	chr13	+	28659818	28659919	28659818	28659883	28662409	28662507	1319	16,27,16	2,1,1	15,14,21	11,8,2	185	149	0.000283214974671	0.0169734180852	0.866,0.956,0.928	0.523,0.585,0.894	0.249
1347	ENSG00000126581	BECN1	chr17	-	42818786	42819609	42819547	42819609	42818220	42818415	1347	221,206,236	11,11,7	183,146,148	27,16,10	910	149	0.000911553736512	0.0374100332372	0.767,0.754,0.847	0.526,0.599,0.708	0.178
1361	ENSG00000078269	SYNJ2	chr6	+	158059256	158059537	158059256	158059353	158062054	158062164	1361	8,7,3	0,0,0	12,11,6	0,3,3	333	149	0.00028118407388	0.0169495066262	1.0,1.0,1.0	1.0,0.621,0.472	0.302
1504	ENSG00000221817	PPP3CB-AS1	chr10	+	73496141	73496637	73496141	73496483	73499594	73499687	1504	15,21,6	0,0,0	16,11,17	8,1,4	303	149	4.27133998171e-08	4.39831527026e-05	1.0,1.0,1.0	0.496,0.844,0.676	0.328
1505	ENSG00000221817	PPP3CB-AS1	chr10	+	73496141	73496906	73496141	73496483	73499594	73499687	1505	35,43,23	0,0,0	32,29,42	8,1,4	572	149	1.01518371931e-07	7.63666376147e-05	1.0,1.0,1.0	0.51,0.883,0.732	0.292
1506	ENSG00000221817	PPP3CB-AS1	chr10	+	73496141	73496910	73496141	73496483	73499594	73499687	1506	33,43,17	0,0,0	32,24,42	8,1,4	576	149	6.9109755918e-08	6.52338504403e-05	1.0,1.0,1.0	0.509,0.861,0.731	0.3
1629	ENSG00000182853	VMO1	chr17	-	4785936	4786052	4785956	4786052	4785284	4785659	1629	2,4,0	4,5,1	2,0,0	7,1,5	169	149	0.000948586616657	0.0381558994814	0.306,0.414,0.0	0.201,0.0,0.0	0.173
1845	ENSG00000140983	RHOT2	chr16	+	668352	668569	668352	668411	668655	668699	1845	878,1017,763	45,63,47	924,936,719	93,102,51	307	149	0.000275025699392	0.0169305222664	0.904,0.887,0.887	0.828,0.817,0.872	0.054
1853	ENSG00000155256	ZFYVE27	chr10	+	97738476	97738674	97738476	97738649	97744728	97744915	1853	64,51,42	9,24,6	81,99,27	5,2,4	174	149	6.33506050765e-05	0.00683402194001	0.859,0.645,0.857	0.933,0.977,0.853	-0.134
2047	ENSG00000115392	FANCL	chr2	-	58162865	58163517	58163433	58163517	58161521	58161638	2047	278,265,201	4,0,1	253,261,216	8,10,4	717	149	9.38629990185e-05	0.00874324925787	0.935,1.0,0.977	0.868,0.844,0.918	0.094
2137	ENSG00000291089	NA	chr19	+	37817420	37817726	37817420	37817701	37819496	37819617	2137	17,13,3	65,57,60	12,36,15	34,62,25	174	149	0.000118446714142	0.0100122830678	0.183,0.163,0.041	0.232,0.332,0.339	-0.172
2150	ENSG00000010219	DYRK4	chr12	+	4590329	4590554	4590329	4590440	4591159	4591298	2150	2,8,1	2,3,0	0,2,0	9,5,2	263	149	4.812169727e-05	0.00567785901018	0.362,0.602,1.0	0.0,0.185,0.0	0.593
2246	ENSG00000295873	NA	chr12	-	9447981	9448235	9448103	9448235	9443534	9443682	2246	71,147,102	0,0,7	118,81,55	15,7,1	271	149	0.000381079635972	0.0213460530721	1.0,1.0,0.889	0.812,0.864,0.968	0.082
2256	ENSG00000230091	TMEM254-AS1	chr10	-	80060789	80060933	80060815	80060933	80055915	80056126	2256	3,2,3	4,0,0	0,2,0	2,1,1	175	149	0.000158598388376	0.0123044105831	0.39,1.0,1.0	0.0,0.63,0.0	0.587
2435	ENSG00000008277	ADAM22	chr7	+	88178934	88179129	88178934	88179042	88181504	88181605	2435	2,2,0	13,8,9	6,8,4	4,6,11	236	149	0.000193851291838	0.0133512946548	0.089,0.136,0.0	0.486,0.457,0.187	-0.302
2479	ENSG00000148985	PGAP2	chr11	+	3824269	3824455	3824269	3824449	3825019	3825128	2479	6,7,8	0,0,0	4,6,5	9,9,0	155	149	4.77888162154e-07	0.00022554330053	1.0,1.0,1.0	0.299,0.391,1.0	0.437
2533	ENSG00000269293	ZSCAN16-AS1	chr6	-	28123018	28123211	28123083	28123211	28120512	28120676	2533	78,69,55	12,6,10	50,61,38	14,23,12	214	149	0.00113706959596	0.0418168419267	0.819,0.889,0.793	0.713,0.649,0.688	0.15
2558	ENSG00000104907	TRMT1	chr19	-	13116105	13116431	13116145	13116431	13115625	13115768	2558	2,2,3	3,1,1	4,4,8	0,0,0	189	149	0.000476017526644	0.0247332592858	0.345,0.612,0.703	1.0,1.0,1.0	-0.447
2577	ENSG00000291178	NA	chr7	-	100335656	100335916	100335674	100335916	100332441	100332576	2577	2,3,0	1,1,1	0,0,0	5,3,3	167	149	0.000687205034313	0.0316421602588	0.641,0.728,0.0	0.0,0.0,0.0	0.456
2582	ENSG00000291178	NA	chr7	-	100335089	100335428	100335332	100335428	100332441	100332581	2582	2,6,16	1,0,0	15,9,11	1,3,2	392	149	0.00118086906714	0.0425858470758	0.432,1.0,1.0	0.851,0.533,0.676	0.124
2585	ENSG00000291178	NA	chr7	-	100335295	100335428	100335332	100335428	100332441	100332581	2585	0,5,2	1,0,0	3,0,3	1,3,2	186	149	0.000699555659192	0.031822758842	0.0,1.0,1.0	0.706,0.0,0.546	0.249
2589	ENSG00000291178	NA	chr7	-	100335674	100335916	100335837	100335916	100335332	100335428	2589	12,12,4	0,5,0	3,12,7	8,5,11	312	149	0.000651331737705	0.0303692145238	1.0,0.534,1.0	0.152,0.534,0.233	0.538
2611	ENSG00000127054	INTS11	chr1	-	1323146	1323287	1323180	1323287	1320995	1321093	2611	2,0,1	3,1,1	1,2,5	2,0,0	183	149	0.000177207426619	0.0129200417626	0.352,0.0,0.449	0.289,1.0,1.0	-0.496
2643	ENSG00000106976	DNM1	chr9	+	128226034	128226173	128226034	128226086	128234020	128234107	2643	254,183,218	9,2,3	80,206,146	5,13,13	236	149	0.000106719884295	0.00929778889068	0.947,0.983,0.979	0.91,0.909,0.876	0.071
2718	ENSG00000118513	MYB	chr6	+	135194355	135194460	135194355	135194451	135195747	135195917	2718	13,19,15	1,0,0	7,11,8	6,1,2	158	149	2.75009637781e-05	0.00375305321343	0.925,1.0,1.0	0.524,0.912,0.79	0.233
2769	ENSG00000243989	ACY1	chr3	+	51986987	51987453	51986987	51987061	51987555	51987624	2769	130,142,123	7,1,8	133,167,119	0,2,2	541	149	0.000750255300259	0.0330666995566	0.836,0.975,0.809	1.0,0.958,0.942	-0.093
2775	ENSG00000149474	KAT14	chr20	+	18138205	18138399	18138205	18138335	18142207	18142919	2775	7,10,12	0,7,2	13,23,13	0,0,2	213	149	0.000690937493716	0.0316852185883	1.0,0.5,0.808	1.0,1.0,0.82	-0.171
2836	ENSG00000233184	DPH5-DT	chr1	+	101075275	101075394	101075275	101075380	101077362	101077508	2836	4,6,2	2,1,0	3,3,4	6,6,5	163	149	0.000256761542663	0.0161574332986	0.646,0.846,1.0	0.314,0.314,0.422	0.481
2848	ENSG00000108384	RAD51C	chr17	+	58692585	58693811	58692585	58692632	58694930	58695189	2848	245,311,226	2,2,2	256,260,252	9,7,7	1328	149	0.000270175992261	0.0167587092708	0.932,0.946,0.927	0.761,0.806,0.802	0.145
2853	ENSG00000159214	CCDC24	chr1	+	43993889	43995162	43993889	43993964	43995600	43995670	2853	202,187,144	8,4,7	163,190,147	1,2,1	1347	149	0.000270755168761	0.0167587092708	0.736,0.838,0.695	0.947,0.913,0.942	-0.178
2915	ENSG00000291027	UBE2Q2P1	chr15	-	84570486	84570643	84570598	84570643	84554965	84555070	2915	41,49,24	4,12,2	27,29,33	0,1,1	261	149	1.38373344662e-05	0.00229996113404	0.854,0.7,0.873	1.0,0.943,0.95	-0.155
2919	ENSG00000291027	UBE2Q2P1	chr15	-	84570486	84570643	84570598	84570643	84569504	84569679	2919	41,46,24	0,1,0	26,32,33	0,6,3	261	149	0.000147517693416	0.0117671331924	1.0,0.963,1.0	1.0,0.753,0.863	0.116
2966	ENSG00000142453	CARM1	chr19	+	10908549	10908747	10908549	10908668	10909102	10909207	2966	13,12,14	2,0,0	8,11,9	4,1,7	228	149	5.41537261838e-05	0.00603209350141	0.809,1.0,1.0	0.567,0.878,0.457	0.302
2981	ENSG00000205356	TECPR1	chr7	-	98251393	98251548	98251418	98251548	98244570	98244693	2981	17,22,5	1,0,0	15,19,25	1,9,0	174	149	0.000459163009704	0.0240784231987	0.936,1.0,1.0	0.928,0.644,1.0	0.121
3092	ENSG00000260372	AQP4-AS1	chr18	+	26688078	26688573	26688078	26688154	26689354	26689668	3092	10,7,1	0,1,0	16,10,9	2,4,0	568	149	0.000247528506296	0.0158404259368	1.0,0.647,1.0	0.677,0.396,1.0	0.191
3108	ENSG00000215386	MIR99AHG	chr21	+	16589352	16589557	16589352	16589540	16594339	16594454	3108	0,1,1	10,5,2	1,1,2	0,0,1	166	149	3.02108560613e-07	0.000162877457234	0.0,0.152,0.31	1.0,1.0,0.642	-0.727
3109	ENSG00000215386	MIR99AHG	chr21	+	16589352	16589574	16589352	16589540	16594339	16594454	3109	0,1,1	10,5,2	2,1,1	0,0,1	183	149	6.4617166351e-07	0.000281507170484	0.0,0.14,0.289	1.0,1.0,0.449	-0.673
3110	ENSG00000215386	MIR99AHG	chr21	+	16589352	16589736	16589352	16589540	16594339	16594454	3110	0,4,4	10,5,2	1,3,5	0,0,1	345	149	8.75716106186e-07	0.000354258440527	0.0,0.257,0.463	1.0,1.0,0.683	-0.654
3250	ENSG00000235098	ANKRD65	chr1	-	1420796	1421005	1420815	1421005	1418419	1419549	3250	9,2,9	4,0,4	24,29,12	1,0,2	168	149	0.000726737280261	0.0322813849942	0.666,1.0,0.666	0.955,1.0,0.842	-0.155
3292	ENSG00000143578	CREB3L4	chr1	+	153968521	153968699	153968521	153968639	153968929	153969176	3292	48,62,54	17,31,16	73,54,41	6,8,7	209	149	3.78460074431e-05	0.00471078820119	0.668,0.588,0.706	0.897,0.828,0.807	-0.19
3447	ENSG00000226711	FAM66C	chr12	+	8188471	8188645	8188471	8188535	8194202	8194481	3447	74,80,61	29,16,12	61,49,51	6,6,4	259	149	0.00117133767883	0.0423915269289	0.595,0.742,0.745	0.854,0.825,0.88	-0.159
3625	ENSG00000089820	ARHGAP4	chrX	-	153910170	153910611	153910505	153910611	153910011	153910085	3625	31,46,25	0,0,1	39,26,36	1,3,4	484	149	0.00019500860815	0.0133512946548	1.0,1.0,0.885	0.923,0.727,0.735	0.167
3654	ENSG00000107862	GBF1	chr10	+	102376934	102377140	102376934	102377128	102379283	102379434	3654	201,207,165	263,204,202	142,167,136	228,289,244	161	149	0.000944973523277	0.0381558994814	0.414,0.484,0.431	0.366,0.348,0.34	0.092
3679	ENSG00000164877	MICALL2	chr7	-	1437433	1437608	1437534	1437608	1436741	1436856	3679	28,25,19	57,50,42	5,14,14	84,37,45	250	149	0.000992573911483	0.0390059218564	0.226,0.23,0.212	0.034,0.184,0.156	0.098
3825	ENSG00000230805	NA	chr14	-	101073385	101074129	101074032	101074129	101071977	101072900	3825	27,51,25	6,5,5	35,43,21	0,3,0	796	149	0.000186783113774	0.0133512946548	0.457,0.656,0.483	1.0,0.728,1.0	-0.377
3890	ENSG00000235652	EPM2A-DT	chr6	+	145828360	145828456	145828360	145828420	145881578	145881648	3890	1,4,7	4,7,2	0,2,1	1,0,0	185	149	0.00077091775057	0.0337150013927	0.168,0.315,0.738	0.0,1.0,1.0	-0.26
3933	ENSG00000168958	MFF	chr2	+	227328677	227330846	227328677	227328789	227332418	227332588	3933	1437,1395,1066	11,11,6	1272,1419,1326	3,2,3	2206	149	0.000167019780255	0.0125985035942	0.898,0.895,0.923	0.966,0.98,0.968	-0.066
4008	ENSG00000145495	MARCHF6	chr5	+	10417269	10417410	10417269	10417404	10421930	10422036	4008	8,10,8	3,0,9	13,7,10	0,0,1	155	149	5.7266230935e-05	0.00629761745438	0.719,1.0,0.461	1.0,1.0,0.906	-0.242
4265	ENSG00000075975	MKRN2	chr3	+	12574791	12576741	12574791	12575006	12581807	12581952	4265	459,477,387	0,0,0	538,454,453	3,5,2	1884	149	0.000355523853145	0.0203384782049	1.0,1.0,1.0	0.934,0.878,0.947	0.08
4333	ENSG00000197375	SLC22A5	chr5	+	132384146	132384314	132384146	132384301	132385327	132385499	4333	1,11,2	14,5,0	1,0,1	10,26,27	162	149	7.2995132573e-05	0.00751650787868	0.062,0.669,1.0	0.084,0.0,0.033	0.538
4493	ENSG00000255717	SNHG1	chr11	-	62854887	62855216	62855132	62855216	62854518	62854551	4493	842,1096,832	105,125,111	1087,984,800	240,144,144	394	149	0.000833869559627	0.0350463239895	0.752,0.768,0.739	0.631,0.721,0.678	0.076
4513	ENSG00000187796	CARD9	chr9	-	136367636	136367828	136367753	136367828	136367215	136367257	4513	15,7,3	0,0,0	8,12,8	7,0,4	266	149	1.90764704944e-06	0.00052702239339	1.0,1.0,1.0	0.39,1.0,0.528	0.361
4514	ENSG00000156313	RPGR	chrX	-	38287093	38288041	38287860	38288041	38276586	38276772	4514	126,138,101	7,2,0	107,120,118	0,0,0	916	149	9.43786801149e-05	0.00874324925787	0.745,0.918,1.0	1.0,1.0,1.0	-0.112
4607	ENSG00000166794	PPIB	chr15	-	64162036	64162154	64162040	64162154	64160103	64160193	4607	21,21,10	3,0,0	32,15,36	5,3,9	153	149	0.000781627684808	0.0339214436238	0.872,1.0,1.0	0.862,0.83,0.796	0.128
4648	ENSG00000043143	JADE2	chr5	+	134576767	134577038	134576767	134576896	134578496	134579475	4648	13,6,0	8,9,4	2,0,0	20,12,6	291	149	7.99651687622e-06	0.00161743833316	0.454,0.254,0.0	0.049,0.0,0.0	0.22
4931	ENSG00000147526	TACC1	chr8	+	38827167	38827375	38827167	38827288	38831124	38831177	4931	97,100,63	158,141,135	163,147,149	129,149,130	236	149	1.62548230265e-06	0.000511439945614	0.279,0.309,0.228	0.444,0.384,0.42	-0.144
5050	ENSG00000291124	NA	chr7	+	65754526	65754661	65754526	65754596	65755779	65755952	5050	86,77,69	2,0,3	55,70,52	3,12,7	214	149	1.78942688314e-05	0.0026669524086	0.968,1.0,0.941	0.927,0.802,0.838	0.114
5076	ENSG00000163166	IWS1	chr2	-	127526382	127526489	127526410	127526489	127523675	127523791	5076	1,2,0	4,2,8	4,3,4	2,0,1	177	149	5.1222380536e-06	0.00116039180866	0.174,0.457,0.0	0.627,1.0,0.771	-0.589
5193	ENSG00000254377	MIR124-2HG	chr8	+	64378058	64378489	64378058	64378233	64380020	64380187	5193	47,50,94	0,0,0	48,43,47	5,2,2	405	149	3.71628691878e-05	0.00467715354767	1.0,1.0,1.0	0.779,0.888,0.896	0.146
5373	ENSG00000247240	UBL7-DT	chr15	+	74461309	74461688	74461309	74461418	74466035	74466082	5373	75,173,88	0,0,0	97,114,77	5,4,0	419	149	0.00104847534444	0.0399868021093	1.0,1.0,1.0	0.873,0.91,1.0	0.072
5374	ENSG00000247240	UBL7-DT	chr15	+	74461309	74461747	74461309	74461418	74466035	74466082	5374	98,207,107	0,0,0	114,140,87	5,4,0	478	149	0.00117140883983	0.0423915269289	1.0,1.0,1.0	0.877,0.916,1.0	0.069
5429	ENSG00000185008	ROBO2	chr3	+	77644703	77644904	77644703	77644895	77646053	77647412	5429	195,64,35	43,17,9	65,131,91	4,12,11	158	149	0.00011454467565	0.00975524466983	0.81,0.78,0.786	0.939,0.911,0.886	-0.12
5448	ENSG00000087206	UIMC1	chr5	-	176969596	176969706	176969600	176969706	176968554	176969291	5448	9,8,5	158,178,128	17,14,15	123,169,95	153	149	0.00043595730258	0.0231663263794	0.053,0.042,0.037	0.119,0.075,0.133	-0.065
5563	ENSG00000241316	SUCLG2-DT	chr3	+	67654710	67655102	67654710	67655074	67669815	67669909	5563	7,10,9	2,0,1	2,3,1	2,1,4	177	149	0.00044417416667	0.0234007478413	0.747,1.0,0.883	0.457,0.716,0.174	0.428
5624	ENSG00000184634	MED12	chrX	+	71137186	71137392	71137186	71137383	71137560	71137635	5624	8,20,13	1,1,2	14,14,15	5,11,6	158	149	0.000192876558981	0.0133512946548	0.883,0.95,0.86	0.725,0.546,0.702	0.24
5968	ENSG00000249859	PVT1	chr8	+	128070159	128070361	128070159	128070272	128095774	128095817	5968	13,18,17	8,1,0	20,9,8	0,0,0	238	149	0.000230308468504	0.0150754151148	0.504,0.918,1.0	1.0,1.0,1.0	-0.193
6173	ENSG00000144061	NPHP1	chr2	-	110164519	110164730	110164687	110164730	110163047	110163135	6173	11,10,11	15,25,11	42,36,17	19,12,11	317	149	9.41164694719e-05	0.00874324925787	0.256,0.158,0.32	0.51,0.585,0.421	-0.261
6180	ENSG00000160867	FGFR4	chr5	+	177086904	177087033	177086904	177087018	177089549	177089693	6180	4,16,4	1,0,1	15,13,13	6,7,0	164	149	0.00104748708277	0.0399868021093	0.784,1.0,0.784	0.694,0.628,1.0	0.082
6218	ENSG00000142541	RPL13A	chr19	+	49489849	49489922	49489849	49489912	49490474	49490576	6218	43,50,31	5,2,2	97,98,79	41,25,7	159	149	0.000246931702989	0.0158404259368	0.89,0.959,0.936	0.689,0.786,0.914	0.132
6259	ENSG00000213928	IRF9	chr14	+	24163377	24163959	24163377	24163508	24164062	24164134	6259	139,209,98	0,2,0	153,97,159	5,1,5	600	149	0.000542490139601	0.0267840759447	1.0,0.963,1.0	0.884,0.96,0.888	0.077
6292	ENSG00000236088	COX10-DT	chr17	-	14033939	14034416	14034007	14034416	13880301	13880371	6292	16,24,11	4,4,4	11,17,21	0,0,1	217	149	4.92755622561e-06	0.00113906998709	0.733,0.805,0.654	1.0,1.0,0.935	-0.248
6294	ENSG00000236088	COX10-DT	chr17	-	14033939	14034416	14034007	14034416	13892724	13892842	6294	14,24,11	3,3,2	11,17,19	1,0,0	217	149	0.000268347979853	0.0167587092708	0.762,0.846,0.791	0.883,1.0,1.0	-0.161
6295	ENSG00000236088	COX10-DT	chr17	-	14033939	14034416	14034007	14034416	13898608	13898732	6295	14,23,11	0,0,1	11,19,19	4,3,2	217	149	6.52107475168e-05	0.00696832204833	1.0,1.0,0.883	0.654,0.813,0.867	0.183
6398	ENSG00000119979	DENND10	chr10	+	119104763	119105022	119104763	119105006	119105310	119105495	6398	11,13,7	2,7,1	21,10,6	1,0,0	165	149	1.95344105263e-05	0.00283674702604	0.832,0.626,0.863	0.95,1.0,1.0	-0.21
6584	ENSG00000132676	DAP3	chr1	+	155689090	155689243	155689090	155689174	155725381	155725490	6584	4,8,13	0,0,1	15,12,9	0,6,2	218	149	0.000382559263145	0.0213460530721	1.0,1.0,0.899	1.0,0.578,0.755	0.189
6631	ENSG00000169045	HNRNPH1	chr5	-	179623594	179623669	179623635	179623669	179621241	179621397	6631	4,3,6	1,0,0	8,5,10	3,1,3	190	149	0.000437679336557	0.0231663263794	0.758,1.0,1.0	0.677,0.797,0.723	0.187
6663	ENSG00000182511	FES	chr15	+	90884503	90884639	90884503	90884544	90885036	90885258	6663	2,2,2	1,0,0	0,0,0	8,6,5	244	149	7.37975902609e-10	1.67181060977e-06	0.55,1.0,1.0	0.0,0.0,0.0	0.85
6664	ENSG00000182511	FES	chr15	+	90885036	90885585	90885036	90885258	90886960	90887057	6664	1,0,2	0,2,8	3,2,6	0,0,0	476	149	2.86311718778e-09	4.05381604825e-06	1.0,0.0,0.073	1.0,1.0,1.0	-0.642
6842	ENSG00000249592	PCGF3-AS1	chr4	-	781568	781814	781771	781814	780530	780688	6842	68,73,45	1,5,5	45,45,59	15,10,10	352	149	0.00010007652089	0.00892572245765	0.966,0.861,0.792	0.559,0.656,0.714	0.23
6955	ENSG00000154328	NEIL2	chr8	+	11769709	11770335	11769709	11769791	11783202	11783399	6955	105,96,60	2,6,7	108,117,73	0,1,3	693	149	0.00107326908743	0.0406321262056	0.919,0.775,0.648	1.0,0.962,0.84	-0.153
6989	ENSG00000160117	ANKLE1	chr19	+	17283224	17283962	17283224	17283884	17284088	17284266	6989	19,7,15	4,2,4	17,8,8	0,0,0	227	149	2.40598168322e-06	0.000648870345853	0.757,0.697,0.711	1.0,1.0,1.0	-0.278
7126	ENSG00000169744	LDB2	chr4	-	16508534	16508686	16508540	16508686	16502793	16503131	7126	1,13,5	0,1,0	3,1,8	2,2,6	155	149	1.13438262839e-06	0.000401536000993	1.0,0.926,1.0	0.59,0.325,0.562	0.483
7143	ENSG00000172432	GTPBP2	chr6	-	43621721	43621790	43621760	43621790	43620489	43621516	7143	97,70,48	9,4,1	75,71,88	1,0,0	188	149	6.7187477514e-05	0.00704659775742	0.895,0.933,0.974	0.983,1.0,1.0	-0.06
7171	ENSG00000089818	NECAP1	chr12	+	8090194	8091850	8090194	8090299	8092675	8092784	7171	914,716,544	25,37,32	631,850,691	15,16,13	1700	149	0.000543863111793	0.0267840759447	0.762,0.629,0.598	0.787,0.823,0.823	-0.148
7258	ENSG00000109339	MAPK10	chr4	-	86593732	86594062	86593909	86594062	86194335	86194407	7258	5,16,4	1,0,0	4,12,5	2,6,2	326	149	2.48637793099e-06	0.000654958205217	0.696,1.0,1.0	0.478,0.478,0.533	0.402
7276	ENSG00000132323	ILKAP	chr2	-	238194781	238194870	238194804	238194870	238194274	238194331	7276	73,85,81	299,272,256	64,51,56	336,286,303	172	149	0.00102781627043	0.039727495142	0.175,0.213,0.215	0.142,0.134,0.138	0.063
7294	ENSG00000228203	GRASLND	chr2	-	6916815	6917224	6916849	6917224	6915822	6915967	7294	4,10,10	0,4,3	5,5,11	1,0,0	183	149	0.000131391568524	0.0108242028477	1.0,0.671,0.731	0.803,1.0,1.0	-0.134
7307	ENSG00000240682	ISY1	chr3	-	129134827	129134954	129134831	129134954	129130549	129130636	7307	2,0,0	17,20,17	4,3,1	6,10,26	153	149	0.0012955618503	0.045244826896	0.103,0.0,0.0	0.394,0.226,0.036	-0.184
7363	ENSG00000115282	TTC31	chr2	+	74483321	74483563	74483321	74483410	74490243	74490473	7363	23,25,15	69,61,47	37,43,26	32,48,57	302	149	0.00110756449424	0.0411324033648	0.141,0.168,0.136	0.363,0.307,0.184	-0.136
7380	ENSG00000074582	BCS1L	chr2	+	218660036	218660218	218660036	218660166	218660306	218660482	7380	17,26,9	6,2,0	23,20,12	0,0,0	201	149	0.000190387268931	0.0133512946548	0.677,0.906,1.0	1.0,1.0,1.0	-0.139
7510	ENSG00000124508	BTN2A2	chr6	+	26383125	26383299	26383125	26383181	26383791	26383915	7510	66,89,53	28,34,24	48,66,52	77,58,52	267	149	6.02404348293e-07	0.000272937362125	0.568,0.594,0.552	0.258,0.388,0.358	0.237
7546	ENSG00000128973	CLN6	chr15	-	68211555	68211863	68211648	68211863	68211262	68211318	7546	13,35,28	0,1,0	29,23,22	1,0,11	242	149	0.000281319612053	0.0169495066262	1.0,0.956,1.0	0.947,1.0,0.552	0.152
7626	ENSG00000155287	SLC25A28	chr10	-	99613695	99613924	99613732	99613924	99612542	99612599	7626	117,136,108	8,10,6	78,112,92	1,0,4	186	149	0.0003759649755	0.0212927763874	0.921,0.916,0.935	0.984,1.0,0.949	-0.054
7651	ENSG00000105835	NAMPT	chr7	-	106269153	106272658	106272529	106272658	106254363	106254504	7651	253,163,189	0,0,0	274,193,186	2,5,0	3525	149	0.00023158137459	0.0150754151148	1.0,1.0,1.0	0.853,0.62,1.0	0.176
7800	ENSG00000186493	IRX2-DT	chr5	+	2753284	2753370	2753284	2753355	2755028	2755081	7800	5,9,8	1,3,4	5,0,2	7,2,8	164	149	0.000512161758388	0.0258984653449	0.82,0.732,0.645	0.394,0.0,0.185	0.539
7842	ENSG00000161249	DMKN	chr19	-	35498597	35498763	35498715	35498763	35497646	35497681	7842	5,9,2	6,2,2	2,2,0	8,4,6	267	149	0.000767299440704	0.03368682467	0.317,0.715,0.358	0.122,0.218,0.0	0.35
7944	ENSG00000136631	VPS45	chr1	+	150082715	150082951	150082715	150082883	150085802	150085945	7944	11,6,10	1,0,0	3,8,12	1,8,1	217	149	3.97335648802e-05	0.00489197923259	0.883,1.0,1.0	0.673,0.407,0.892	0.304
8109	ENSG00000177752	YIPF7	chr4	-	44635334	44636085	44635921	44636085	44629402	44629548	8109	5,9,14	3,2,0	6,10,3	0,0,0	736	149	0.000202224950374	0.0137161797179	0.252,0.477,1.0	1.0,1.0,1.0	-0.424
8237	ENSG00000129295	DNAAF11	chr8	-	132675317	132675559	132675483	132675559	132637934	132638107	8237	9,19,27	7,0,2	14,9,6	0,0,0	315	149	0.000121923041151	0.0101545756406	0.378,1.0,0.865	1.0,1.0,1.0	-0.252
8553	ENSG00000251298	TMEM184C-DT	chr4	-	147616873	147617256	147617087	147617256	147609844	147609961	8553	3,20,6	6,0,2	10,15,11	0,0,0	363	149	1.99159815295e-05	0.00285554838968	0.17,1.0,0.552	1.0,1.0,1.0	-0.426
8568	ENSG00000089063	TMEM230	chr20	-	5112742	5113076	5112960	5113076	5106187	5106310	8568	159,109,112	0,3,0	129,134,135	4,6,5	367	149	0.000389245541577	0.0214264163692	1.0,0.937,1.0	0.929,0.901,0.916	0.064
8584	ENSG00000171503	ETFDH	chr4	+	158697558	158699130	158697558	158697699	158703422	158703591	8584	109,137,108	0,0,0	139,126,118	5,0,2	1580	149	0.000583159804866	0.028126172044	1.0,1.0,1.0	0.724,1.0,0.848	0.143
8645	ENSG00000012048	BRCA1	chr17	-	43106455	43106533	43106477	43106533	43104867	43104956	8645	69,108,84	9,25,6	87,56,67	6,3,1	171	149	0.000349853368263	0.0201156807224	0.87,0.79,0.924	0.927,0.942,0.983	-0.089
8679	ENSG00000267858	MZF1-AS1	chr19	+	58568912	58568999	58568912	58568995	58570383	58570457	8679	8,4,5	0,0,0	3,3,2	1,6,5	153	149	1.7858817758e-09	2.88981183921e-06	1.0,1.0,1.0	0.745,0.327,0.28	0.549
8704	ENSG00000273061	CDC37L1-DT	chr9	-	4679036	4679165	4679139	4679165	4676599	4676749	8704	4,13,0	2,8,2	7,6,11	0,0,2	252	149	2.80775868635e-05	0.00376585664399	0.542,0.49,0.0	1.0,1.0,0.765	-0.578
8844	ENSG00000124523	SIRT5	chr6	+	13574600	13574744	13574600	13574624	13579450	13579609	8844	2,0,0	23,29,17	0,3,15	20,20,21	269	149	4.46185802211e-05	0.00537653891664	0.046,0.0,0.0	0.0,0.077,0.283	-0.105
8867	ENSG00000137806	NDUFAF1	chr15	-	41394104	41394358	41394264	41394358	41388447	41388522	8867	35,20,29	4,4,1	21,19,22	0,1,0	309	149	0.000190015016313	0.0133512946548	0.808,0.707,0.933	1.0,0.902,1.0	-0.151
9031	ENSG00000163636	PSMD6	chr3	-	64022642	64022801	64022738	64022801	64022317	64022523	9031	71,81,75	7,7,11	83,43,83	2,1,4	245	149	0.00091039923312	0.0374100332372	0.861,0.876,0.806	0.962,0.963,0.927	-0.103
9063	ENSG00000081059	TCF7	chr5	+	134115908	134116086	134115908	134116033	134138058	134138164	9063	6,4,0	22,26,20	0,0,0	26,33,31	202	149	0.000187950326944	0.0133512946548	0.167,0.102,0.0	0.0,0.0,0.0	0.09
9170	ENSG00000293669	NA	chr17	-	64824362	64824872	64824624	64824872	64822615	64822740	9170	3,3,3	2,3,4	10,2,2	0,0,0	411	149	1.33730804208e-11	1.14773409943e-07	0.352,0.266,0.214	1.0,1.0,1.0	-0.723
9238	ENSG00000168528	SERINC2	chr1	+	31413812	31414777	31413812	31414064	31423692	31423854	9238	180,137,141	0,0,2	114,163,140	6,0,9	862	149	2.34762138877e-05	0.00328290215686	1.0,1.0,0.924	0.767,1.0,0.729	0.143
9335	ENSG00000105717	PBX4	chr19	-	19570098	19570299	19570108	19570299	19569448	19569584	9335	27,11,21	65,34,45	12,9,6	81,49,49	159	149	9.66016263524e-05	0.00875365297355	0.28,0.233,0.304	0.122,0.147,0.103	0.148
9386	ENSG00000136021	SCYL2	chr12	+	100267176	100267792	100267176	100267396	100311043	100311193	9386	229,200,176	0,1,0	331,250,208	8,8,5	545	149	1.81337913219e-06	0.00052702239339	1.0,0.982,1.0	0.919,0.895,0.919	0.083
9453	ENSG00000291064	NA	chr22	+	50783979	50784424	50783979	50784129	50785172	50785293	9453	134,153,142	3,9,0	240,156,237	0,2,1	444	149	0.000622611045313	0.0295294485263	0.937,0.851,1.0	1.0,0.963,0.988	-0.054
9456	ENSG00000187595	ZNF385C	chr17	-	42027617	42027728	42027632	42027728	42025575	42027133	9456	4,9,10	1,0,0	16,9,10	5,2,2	164	149	0.000214084671874	0.0143487401084	0.784,1.0,1.0	0.744,0.803,0.82	0.139
9537	ENSG00000204706	MAMDC2-AS1	chr9	-	70113731	70113860	70113754	70113860	70088301	70088494	9537	1,0,0	1,1,1	5,1,1	2,1,0	172	149	6.9902567652e-06	0.0014939365732	0.464,0.0,0.0	0.684,0.464,1.0	-0.561
9705	ENSG00000013375	PGM3	chr6	-	83193104	83193265	83193178	83193265	83191186	83191323	9705	2,5,0	3,4,3	0,0,1	11,1,2	223	149	0.000883388594424	0.0366525370295	0.308,0.455,0.0	0.0,0.0,0.25	0.171
9781	ENSG00000224078	SNHG14	chr15	+	25103858	25106294	25103858	25103970	25107471	25107588	9781	1605,1556,1288	3,7,7	1445,1745,1550	25,15,13	2473	149	5.19362415144e-05	0.00594224048115	0.97,0.931,0.917	0.777,0.875,0.878	0.096
9802	ENSG00000198707	CEP290	chr12	-	88120113	88120276	88120117	88120276	88118642	88118743	9802	69,68,59	0,0,0	52,61,71	5,9,0	153	149	3.38706848213e-05	0.00435969598831	1.0,1.0,1.0	0.91,0.868,1.0	0.074
9879	ENSG00000130396	AFDN	chr6	+	167965756	167966276	167965756	167966270	167969113	167969198	9879	36,27,30	14,19,9	24,36,14	35,37,19	155	149	0.000280860226769	0.0169495066262	0.712,0.577,0.762	0.397,0.483,0.415	0.252
9913	ENSG00000187741	FANCA	chr16	-	89739128	89739289	89739132	89739289	89738881	89738926	9913	3,5,5	4,2,1	2,1,5	0,1,0	153	149	0.000582215695967	0.028126172044	0.422,0.709,0.83	1.0,0.493,1.0	-0.177
9959	ENSG00000134291	TMEM106C	chr12	+	47964208	47964462	47964208	47964423	47966682	47966732	9959	5,2,5	4,4,2	7,10,8	2,0,1	188	149	0.000389674386162	0.0214264163692	0.498,0.284,0.665	0.735,1.0,0.864	-0.384
10073	ENSG00000290873	LINC03009	chr7	+	76549563	76549754	76549563	76549656	76551463	76551522	10073	80,48,55	2,1,2	42,63,49	2,7,13	247	149	0.000131874282068	0.0108242028477	0.96,0.967,0.943	0.927,0.844,0.695	0.135
10107	ENSG00000235590	GNAS-AS1	chr20	-	58848756	58848917	58848878	58848917	58842432	58842545	10107	6,4,3	2,9,3	2,0,0	14,6,6	271	149	8.90895511485e-06	0.0017421772149	0.623,0.196,0.355	0.073,0.0,0.0	0.367
10145	ENSG00000164305	CASP3	chr4	-	184648464	184648631	184648502	184648631	184638400	184638468	10145	52,69,46	2,4,2	60,103,43	10,20,4	187	149	0.000277217598164	0.0169495066262	0.954,0.932,0.948	0.827,0.804,0.895	0.103
10154	ENSG00000049192	ADAMTS6	chr5	-	65262803	65262962	65262816	65262962	65260599	65260663	10154	9,2,0	5,4,1	1,0,1	10,2,3	162	149	0.00071980082293	0.0322260234045	0.623,0.315,0.0	0.084,0.0,0.235	0.206
10193	ENSG00000106278	PTPRZ1	chr7	+	122010333	122013889	122010333	122011309	122019123	122019268	10193	10136,14803,12457	241,291,273	7693,6547,5796	388,160,205	2729	149	0.000995207152511	0.0390059218564	0.697,0.735,0.714	0.52,0.691,0.607	0.109
10400	ENSG00000068400	GRIPAP1	chrX	-	48997249	48999299	48999237	48999299	48993427	48993578	10400	707,599,539	2,0,5	526,681,565	6,15,4	2137	149	0.000429311141473	0.0230464800922	0.961,1.0,0.883	0.859,0.76,0.908	0.106
10439	ENSG00000171720	HDAC3	chr5	-	141628113	141628639	141628558	141628639	141626193	141626283	10439	55,46,46	0,0,0	22,55,39	2,3,2	594	149	0.000143375271491	0.0116000835727	1.0,1.0,1.0	0.734,0.821,0.83	0.205
10511	ENSG00000260469	INSYN1-AS1	chr15	+	73767788	73768456	73767788	73768186	73768752	73768860	10511	2,0,0	1,3,1	1,2,16	0,1,1	419	149	3.1635067177e-07	0.000162877457234	0.416,0.0,0.0	1.0,0.416,0.851	-0.617
10550	ENSG00000290555	LINC00680	chr6	-	57949357	57950011	57949903	57950011	57948872	57949068	10550	196,181,168	2,1,0	187,166,117	7,12,0	695	149	1.77163784721e-05	0.0026669524086	0.955,0.975,1.0	0.851,0.748,1.0	0.11
10551	ENSG00000290555	LINC00680	chr6	-	57949858	57950011	57949903	57950011	57948872	57949068	10551	70,83,62	2,1,0	59,52,37	7,12,0	194	149	4.83410920815e-06	0.00113906998709	0.964,0.985,1.0	0.866,0.769,1.0	0.105
10588	ENSG00000116641	DOCK7	chr1	-	62485658	62489065	62488933	62489065	62477699	62477834	10588	773,831,624	89,104,74	507,621,648	99,151,112	3424	149	9.11478295706e-06	0.00174988383991	0.274,0.258,0.268	0.182,0.152,0.201	0.088
10745	ENSG00000272168	CASC15	chr6	+	22056545	22056903	22056545	22056690	22110746	22110920	10745	2,1,1	25,18,42	8,4,2	22,18,23	362	149	0.00101026834573	0.0393240878078	0.032,0.022,0.01	0.13,0.084,0.035	-0.062
10807	ENSG00000290920	NA	chr22	-	23376748	23377014	23376880	23377014	23373629	23373748	10807	0,5,3	7,4,1	0,0,0	2,2,1	281	149	0.000213051854176	0.0143487401084	0.0,0.399,0.614	0.0,0.0,0.0	0.338
10987	ENSG00000101680	LAMA1	chr18	-	7042144	7043405	7043226	7043405	7040075	7040236	10987	198,174,224	12,0,0	261,208,228	0,0,1	1231	149	0.000287997427823	0.0170793029579	0.666,1.0,1.0	1.0,1.0,0.965	-0.1
11034	ENSG00000166946	CCNDBP1	chr15	+	43185819	43186233	43185819	43185879	43189198	43189280	11034	366,297,221	16,23,8	376,307,342	3,8,11	503	149	0.00053565643011	0.0266113174731	0.871,0.793,0.891	0.974,0.919,0.902	-0.08
11098	ENSG00000148942	SLC5A12	chr11	-	26692484	26692601	26692488	26692601	26686476	26686544	11098	0,0,1	4,10,9	2,0,6	8,4,2	153	149	0.000983501321077	0.0389514666568	0.0,0.0,0.098	0.196,0.0,0.745	-0.281
11100	ENSG00000291186	NA	chr11	+	71787625	71787887	71787625	71787730	71789782	71789845	11100	5,3,11	2,1,2	6,7,4	1,0,0	306	149	0.00136433375689	0.0468508515511	0.549,0.594,0.728	0.745,1.0,1.0	-0.291
11334	ENSG00000172269	DPAGT1	chr11	-	119097854	119098487	119098402	119098487	119097463	119097551	11334	254,337,228	8,16,3	359,304,263	3,3,3	697	149	0.000496512197844	0.0256803363698	0.872,0.818,0.942	0.962,0.956,0.949	-0.078
11342	ENSG00000231607	DLEU2	chr13	-	50044639	50044768	50044650	50044768	50029277	50029492	11342	1,7,10	1,4,5	7,10,2	0,2,0	160	149	0.00019159374059	0.0133512946548	0.482,0.62,0.651	1.0,0.823,1.0	-0.357
11359	ENSG00000103253	HAGHL	chr16	+	728115	728424	728115	728233	728503	728604	11359	84,70,42	2,0,1	88,81,62	0,3,17	340	149	0.00100721035192	0.0393240878078	0.948,1.0,0.948	1.0,0.922,0.615	0.12
11435	ENSG00000278259	MYO19	chr17	-	36508896	36509135	36509061	36509135	36507802	36507924	11435	34,25,44	107,124,110	23,19,19	124,137,115	314	149	0.00114657078964	0.0419748118388	0.131,0.087,0.16	0.081,0.062,0.073	0.054
11463	ENSG00000225697	SLC26A6	chr3	-	48631648	48631801	48631762	48631801	48631223	48631306	11463	108,76,70	1,1,4	112,64,66	6,16,7	263	149	2.82597170247e-05	0.00376585664399	0.984,0.977,0.908	0.914,0.694,0.842	0.14
11516	ENSG00000116198	CEP104	chr1	-	3829132	3829373	3829265	3829373	3828884	3828971	11516	12,13,13	0,3,1	9,9,8	4,5,4	282	149	0.00140209763197	0.0478360237269	1.0,0.696,0.873	0.543,0.487,0.514	0.342
11990	ENSG00000090372	STRN4	chr19	-	46746763	46746945	46746801	46746945	46738784	46738888	11990	177,72,63	38,14,9	65,150,101	4,11,6	187	149	2.54592160206e-05	0.00351678707153	0.788,0.804,0.848	0.928,0.916,0.931	-0.112
12026	ENSG00000147010	SH3KBP1	chrX	-	19836124	19836282	19836150	19836282	19746317	19746441	12026	125,183,160	10,8,16	222,118,117	2,1,2	175	149	2.18599996327e-07	0.00012380410792	0.914,0.951,0.895	0.99,0.99,0.98	-0.067
12040	ENSG00000215481	BCRP3	chr22	+	24648197	24648411	24648197	24648332	24649859	24650022	12040	4,0,10	19,15,17	2,1,0	19,18,16	228	149	0.00121561660889	0.0431639163915	0.121,0.0,0.278	0.064,0.035,0.0	0.1
12146	ENSG00000135541	AHI1	chr6	-	135301407	135302817	135302711	135302817	135300499	135300558	12146	618,674,473	2,13,1	381,540,561	0,3,0	1453	149	0.000534881837514	0.0266113174731	0.969,0.842,0.98	1.0,0.949,1.0	-0.053
12147	ENSG00000135541	AHI1	chr6	-	135302669	135302817	135302711	135302817	135300499	135300558	12147	25,31,11	2,13,1	27,21,11	0,3,0	191	149	0.000967025826063	0.0385686673655	0.907,0.65,0.896	1.0,0.845,1.0	-0.131
12148	ENSG00000135541	AHI1	chr6	-	135302669	135302817	135302711	135302817	135301407	135301504	12148	25,31,13	2,12,0	27,21,11	1,0,0	191	149	5.39603001549e-05	0.00603209350141	0.907,0.668,1.0	0.955,1.0,1.0	-0.127
12201	ENSG00000196655	TRAPPC4	chr11	+	119019142	119019424	119019142	119019317	119021759	119021886	12201	60,65,44	70,46,29	47,50,37	58,102,58	256	149	0.00146520090846	0.0495412856422	0.333,0.451,0.469	0.32,0.222,0.271	0.147
12243	ENSG00000279088	NA	chr10	-	73743833	73744013	73743913	73744013	73742961	73743211	12243	71,70,69	4,4,3	60,54,45	0,1,0	229	149	0.000824361125413	0.034867657573	0.92,0.919,0.937	1.0,0.972,1.0	-0.065
12262	ENSG00000140400	MAN2C1	chr15	-	75358461	75358808	75358703	75358808	75358200	75358344	12262	194,284,196	7,12,3	209,187,194	0,1,2	391	149	1.42135851843e-05	0.00229996113404	0.914,0.9,0.961	1.0,0.986,0.974	-0.062
12311	ENSG00000163689	CFAP20DC	chr3	-	58913697	58913864	58913707	58913864	58884544	58884709	12311	2,3,4	5,1,2	0,0,0	3,4,3	159	149	3.97534387631e-08	4.39831527026e-05	0.273,0.738,0.652	0.0,0.0,0.0	0.554
12405	ENSG00000157152	SYN2	chr3	+	12161545	12161776	12161545	12161608	12162011	12162154	12405	1,4,0	49,41,28	7,8,2	35,33,33	317	149	0.00119602519118	0.0427362061214	0.01,0.044,0.0	0.086,0.102,0.028	-0.054
12479	ENSG00000164068	RNF123	chr3	+	49712478	49712892	49712478	49712656	49713512	49713587	12479	48,59,26	108,146,103	12,17,18	111,162,114	385	149	6.18534168328e-09	7.7845961385e-06	0.147,0.135,0.089	0.04,0.039,0.058	0.078
12536	ENSG00000196118	CFAP119	chr16	-	30759341	30759724	30759653	30759724	30757466	30757654	12536	39,43,31	4,1,3	40,39,56	0,0,0	461	149	4.96459683034e-05	0.00579731838116	0.759,0.933,0.77	1.0,1.0,1.0	-0.179
12668	ENSG00000115677	HDLBP	chr2	-	241269200	241269295	241269205	241269295	241268476	241268541	12668	15,8,15	0,0,2	12,18,13	2,4,4	154	149	0.000628769222465	0.0296752874286	1.0,1.0,0.879	0.853,0.813,0.759	0.151
12720	ENSG00000246090	NA	chr4	+	99159420	99159622	99159420	99159617	99204356	99204431	12720	24,12,15	0,0,2	25,14,14	5,2,2	154	149	0.00145643187005	0.0493922269223	1.0,1.0,0.879	0.829,0.871,0.871	0.103
12798	ENSG00000174652	ZNF266	chr19	-	9434064	9434235	9434074	9434235	9433667	9433786	12798	1,2,0	43,21,45	7,6,1	26,39,21	159	149	0.000145233864528	0.0116671204504	0.021,0.082,0.0	0.201,0.126,0.043	-0.089
12817	ENSG00000223482	NUTM2A-AS1	chr10	-	87330891	87331096	87330895	87331096	87326200	87326672	12817	47,51,21	0,0,2	45,37,34	0,12,4	153	149	5.82482070831e-05	0.00634401386183	1.0,1.0,0.911	1.0,0.75,0.892	0.09
12890	ENSG00000174776	WDR49	chr3	-	167554649	167554798	167554682	167554798	167536869	167537000	12890	7,8,3	0,1,1	4,4,0	3,4,7	182	149	1.89451484056e-06	0.00052702239339	1.0,0.868,0.711	0.522,0.45,0.0	0.536
12909	ENSG00000168259	DNAJC7	chr17	-	42016586	42017151	42017039	42017151	42003358	42003557	12909	18,8,8	0,1,0	16,20,11	4,0,2	602	149	0.00079471205451	0.0339686922318	1.0,0.664,1.0	0.497,1.0,0.577	0.197
12922	ENSG00000291176	NA	chr2	+	96019200	96019260	96019200	96019246	96019480	96019700	12922	8,13,2	4,3,0	6,4,7	0,0,0	163	149	0.000176825345932	0.0129200417626	0.646,0.798,1.0	1.0,1.0,1.0	-0.185
12923	ENSG00000291176	NA	chr2	+	96019200	96019274	96019200	96019246	96019480	96019700	12923	7,11,3	4,3,0	8,1,6	0,0,0	177	149	0.000104016680397	0.00920466358482	0.596,0.755,1.0	1.0,1.0,1.0	-0.216
12927	ENSG00000291176	NA	chr2	+	96019200	96019274	96019200	96019260	96019537	96019700	12927	4,2,1	2,0,0	2,1,1	1,4,1	163	149	0.000120932196873	0.0101466592147	0.646,1.0,1.0	0.646,0.186,0.478	0.445
12932	ENSG00000291176	NA	chr2	+	96010530	96010851	96010530	96010732	96021124	96021233	12932	0,6,0	25,53,22	0,12,8	20,29,29	268	149	0.000719062472528	0.0322260234045	0.0,0.059,0.0	0.0,0.187,0.133	-0.087
12953	ENSG00000250988	SNHG21	chr15	+	82750529	82750848	82750529	82750714	82754628	82754784	12953	213,210,192	24,22,17	287,228,276	14,12,9	283	149	0.000177940011915	0.0129200417626	0.824,0.834,0.856	0.915,0.909,0.942	-0.084
12962	ENSG00000032444	PNPLA6	chr19	+	7535126	7535213	7535126	7535202	7535508	7535577	12962	4,2,3	0,1,2	0,3,0	2,0,6	160	149	0.00104396222641	0.0399868021093	1.0,0.651,0.583	0.0,1.0,0.0	0.411
13024	ENSG00000182901	RGS7	chr1	-	240800640	240802993	240802903	240802993	240767635	240768278	13024	10,8,16	0,17,0	18,14,23	0,0,0	2412	149	0.00126117978233	0.0445027520076	1.0,0.028,1.0	1.0,1.0,1.0	-0.324
13202	ENSG00000226702	MIR217HG	chr2	-	56047221	56047487	56047301	56047487	56013608	56013711	13202	12,19,30	0,4,3	16,16,13	0,0,0	229	149	0.00109842523872	0.0410123142636	1.0,0.756,0.867	1.0,1.0,1.0	-0.126
13220	ENSG00000164674	SYTL3	chr6	+	158662749	158663378	158662749	158662812	158665394	158665613	13220	17,14,7	3,7,1	13,25,12	0,0,0	715	149	6.54150067447e-11	2.46985260466e-07	0.541,0.294,0.593	1.0,1.0,1.0	-0.524
13443	ENSG00000183570	PCBP3	chr21	+	45668873	45669032	45668873	45668952	45849960	45850095	13443	3,4,4	0,0,0	0,4,0	1,1,4	229	149	1.4183321817e-07	8.76063513877e-05	1.0,1.0,1.0	0.0,0.722,0.0	0.759
13585	ENSG00000137073	UBAP2	chr9	-	33996222	33998864	33998786	33998864	33988972	33989126	13585	366,443,376	3,1,0	472,336,320	4,4,7	2713	149	0.00107920701249	0.0406321262056	0.87,0.961,1.0	0.866,0.822,0.715	0.143
13588	ENSG00000290374	FAM86EP	chr4	-	3946625	3948220	3947741	3948220	3941943	3943372	13588	67,80,52	0,0,2	32,46,55	4,0,2	1265	149	0.000972881144907	0.0386660516785	1.0,1.0,0.754	0.485,1.0,0.764	0.168
13629	ENSG00000257337	TNS2-AS1	chr12	-	53045586	53045653	53045599	53045653	53045064	53045186	13629	1,5,4	0,0,0	8,1,4	5,0,1	162	149	0.000949939406177	0.0381558994814	1.0,1.0,1.0	0.595,1.0,0.786	0.206
13726	ENSG00000114650	SCAP	chr3	-	47434924	47435137	47435007	47435137	47414826	47414993	13726	17,20,14	9,6,6	15,23,13	2,0,2	232	149	0.000191539990039	0.0133512946548	0.548,0.682,0.6	0.828,1.0,0.807	-0.268
13787	ENSG00000304176	NA	chr7	+	74891255	74891497	74891255	74891479	74894117	74894257	13787	6,6,1	0,3,0	1,0,1	5,3,2	167	149	7.71576311731e-08	6.72280375614e-05	1.0,0.641,1.0	0.151,0.0,0.308	0.727
13788	ENSG00000304176	NA	chr7	+	74891255	74891595	74891255	74891479	74894117	74894257	13788	8,12,10	0,3,0	3,7,3	5,3,2	265	149	0.000158143642765	0.0123044105831	1.0,0.692,1.0	0.252,0.567,0.458	0.472
13789	ENSG00000304176	NA	chr7	+	74891255	74892074	74891255	74891479	74894117	74894257	13789	13,16,16	0,3,0	4,7,5	5,3,2	744	149	6.67388409156e-05	0.00704659775742	1.0,0.516,1.0	0.138,0.318,0.334	0.575
13790	ENSG00000304176	NA	chr7	+	74891255	74892684	74891255	74891479	74894117	74894257	13790	14,15,15	0,3,0	6,12,5	5,3,2	1354	149	0.00123300312428	0.0436444574647	1.0,0.355,1.0	0.117,0.306,0.216	0.572
13796	ENSG00000304176	NA	chr7	+	74891255	74892684	74891255	74892074	74894117	74894257	13796	1,0,0	0,1,1	2,5,1	0,0,1	759	149	1.74394242189e-05	0.0026669524086	1.0,0.0,0.0	1.0,1.0,0.164	-0.388
13836	ENSG00000197601	FAR1	chr11	+	13711763	13711812	13711763	13711808	13711931	13712046	13836	23,15,17	1,1,1	9,17,20	3,1,13	153	149	0.000308333237833	0.0180958061396	0.957,0.936,0.943	0.745,0.943,0.6	0.183
13878	ENSG00000155957	TMBIM4	chr12	-	66168914	66169353	66169289	66169353	66153339	66153448	13878	22,13,5	1,0,0	8,19,12	9,2,0	524	149	0.000159832628799	0.0123158107919	0.862,1.0,1.0	0.202,0.73,1.0	0.31
13948	ENSG00000072682	P4HA2	chr5	-	132226696	132227221	132227085	132227221	132218544	132218644	13948	0,4,0	9,6,15	14,8,10	11,8,15	538	149	6.41814263591e-06	0.00142339203681	0.0,0.156,0.0	0.261,0.217,0.156	-0.159
13990	ENSG00000237819	CDK6-AS1	chr7	+	92854908	92855177	92854908	92854953	92916836	92917187	13990	20,13,15	34,74,32	6,0,2	25,62,40	373	149	3.79558518504e-07	0.000186924319091	0.19,0.066,0.158	0.087,0.0,0.02	0.102
14034	ENSG00000065989	PDE4A	chr19	+	10461525	10461999	10461525	10461680	10463792	10463975	14034	85,33,45	2,8,3	32,49,70	0,1,0	468	149	1.03719883436e-05	0.00188956614759	0.931,0.568,0.827	1.0,0.94,1.0	-0.205
14094	ENSG00000163138	PACRGL	chr4	+	20700457	20700747	20700457	20700578	20704465	20704533	14094	236,252,206	28,35,32	207,218,219	9,18,13	318	149	7.70163627707e-05	0.00785913820814	0.798,0.771,0.751	0.915,0.85,0.888	-0.111
14095	ENSG00000163138	PACRGL	chr4	+	20700457	20700787	20700457	20700578	20704465	20704533	14095	340,365,293	28,35,32	300,333,306	9,18,13	358	149	4.7002920046e-05	0.00560423237222	0.835,0.813,0.792	0.933,0.885,0.907	-0.095
14131	ENSG00000304501	NA	chr11	-	117198622	117199049	117198736	117199049	117198318	117198436	14131	7,5,8	0,1,0	7,28,11	4,2,2	263	149	0.000175722719421	0.0129200417626	1.0,0.739,1.0	0.498,0.888,0.757	0.199
14245	ENSG00000261008	LINC01572	chr16	-	72479648	72479790	72479682	72479790	72427389	72427457	14245	0,0,2	5,4,1	0,1,6	1,0,1	183	149	0.000407864822828	0.0221047121922	0.0,0.0,0.62	0.0,1.0,0.83	-0.403
14255	ENSG00000245573	BDNF-AS	chr11	+	27658240	27658544	27658240	27658462	27659170	27659228	14255	285,217,172	39,26,18	335,548,500	29,16,15	231	149	1.46951591451e-07	8.76063513877e-05	0.825,0.843,0.86	0.882,0.957,0.956	-0.089
14256	ENSG00000245573	BDNF-AS	chr11	+	27658240	27658620	27658240	27658462	27659170	27659228	14256	443,319,252	39,26,18	511,805,731	29,16,15	307	149	1.22509123734e-07	8.16271085021e-05	0.846,0.856,0.872	0.895,0.961,0.959	-0.08
14387	ENSG00000205861	PCOTH	chr13	+	23891384	23891531	23891384	23891450	23891612	23892103	14387	35,30,23	0,0,0	47,14,25	2,3,5	230	149	1.29154196058e-05	0.00218347698321	1.0,1.0,1.0	0.938,0.751,0.764	0.182
14428	ENSG00000136448	NMT1	chr17	+	45081643	45081995	45081643	45081752	45083657	45083755	14428	5,2,6	1,1,4	2,2,7	1,0,0	392	149	9.86857462588e-05	0.00887153530058	0.655,0.432,0.363	0.432,1.0,1.0	-0.327
14615	ENSG00000130413	STK33	chr11	-	8480409	8480614	8480482	8480614	8474680	8474816	14615	14,25,15	6,3,2	20,16,6	1,0,0	222	149	2.86812111848e-05	0.003777582315	0.61,0.848,0.834	0.931,1.0,1.0	-0.213
14638	ENSG00000080823	MOK	chr14	-	102251443	102251995	102251916	102251995	102250811	102250987	14638	10,13,14	0,0,0	14,7,15	2,2,2	622	149	1.46129672824e-05	0.00233128282264	1.0,1.0,1.0	0.626,0.456,0.642	0.425
14684	ENSG00000128805	ARHGAP22	chr10	-	48455001	48455134	48455053	48455134	48454087	48454161	14684	28,16,13	10,6,1	42,45,23	3,2,1	201	149	0.000507465124877	0.0258984653449	0.675,0.664,0.906	0.912,0.943,0.945	-0.185
14725	ENSG00000113971	NPHP3	chr3	-	132684553	132686387	132686259	132686387	132683398	132683524	14725	325,335,224	0,0,0	366,364,325	7,6,4	1855	149	1.05149092988e-07	7.63666376147e-05	1.0,1.0,1.0	0.808,0.83,0.867	0.165
14737	ENSG00000258702	NA	chr14	+	96593489	96593695	96593489	96593579	96594663	96594881	14737	0,1,0	1,1,1	2,3,1	0,0,0	265	149	1.71589275266e-06	0.000525295059713	0.0,0.36,0.0	1.0,1.0,1.0	-0.88
14738	ENSG00000258702	NA	chr14	+	96593489	96593699	96593489	96593579	96594663	96594881	14738	0,1,0	1,1,1	2,3,1	0,0,0	269	149	1.61452865954e-06	0.000511439945614	0.0,0.356,0.0	1.0,1.0,1.0	-0.881
14798	ENSG00000179532	DNHD1	chr11	+	6562981	6563255	6562981	6563131	6563381	6563564	14798	12,6,11	0,1,1	8,11,4	2,2,10	273	149	8.53889145084e-05	0.00832747396069	1.0,0.766,0.857	0.686,0.75,0.179	0.336
14864	ENSG00000189410	SH2D5	chr1	-	20727468	20727603	20727522	20727603	20725919	20726066	14864	0,0,2	2,2,0	4,2,7	0,0,0	203	149	6.53450921817e-06	0.00142339203681	0.0,0.0,1.0	1.0,1.0,1.0	-0.667
14912	ENSG00000162105	SHANK2	chr11	-	70490275	70490387	70490302	70490387	70485313	70487720	14912	88,121,85	14,15,5	84,77,87	3,1,6	176	149	0.000915334750535	0.0374295910444	0.842,0.872,0.935	0.96,0.985,0.925	-0.074
14916	ENSG00000106633	GCK	chr7	-	44147649	44147833	44147659	44147833	44147340	44147413	14916	8,3,1	0,0,0	16,12,7	2,2,6	159	149	9.64931712089e-06	0.00182163025047	1.0,1.0,1.0	0.882,0.849,0.522	0.249
14995	ENSG00000213079	SCAF8	chr6	+	154733377	154733550	154733377	154733503	154733794	154733930	14995	5,4,9	0,0,1	1,0,8	2,3,0	196	149	0.000334055124118	0.0194043199533	1.0,1.0,0.872	0.275,0.0,1.0	0.532
15043	ENSG00000291158	LINC00869	chr1	+	149668299	149668458	149668299	149668407	149669188	149669310	15043	5,6,2	0,1,1	1,7,2	1,4,2	200	149	0.000644875615935	0.0303091539489	1.0,0.817,0.598	0.427,0.566,0.427	0.332
15057	ENSG00000307088	NA	chrGL000205.2	-	129539	129626	129550	129626	128419	128969	15057	5,4,2	0,0,0	10,3,2	12,3,3	160	149	1.69861424926e-09	2.88981183921e-06	1.0,1.0,1.0	0.437,0.482,0.383	0.566
15217	ENSG00000231074	HCG18	chr6	-	30296124	30296237	30296131	30296237	30294931	30295496	15217	5,6,4	2,1,3	2,2,1	4,9,1	156	149	0.00133024229252	0.0460784539675	0.705,0.851,0.56	0.323,0.175,0.489	0.376
15306	ENSG00000180376	CCDC66	chr3	+	56566593	56566759	56566593	56566740	56566949	56567053	15306	59,47,33	33,47,24	58,43,41	10,9,12	168	149	1.13319484452e-06	0.000401536000993	0.613,0.47,0.549	0.837,0.809,0.752	-0.255
15316	ENSG00000152689	RASGRP3	chr2	+	33539093	33539323	33539093	33539210	33543511	33543627	15316	6,1,1	4,3,2	0,0,0	9,1,4	262	149	1.0736898983e-05	0.00190026335594	0.46,0.159,0.221	0.0,0.0,0.0	0.28
15358	ENSG00000310533	NA	chr7	+	73006080	73006354	73006080	73006174	73009448	73009583	15358	5,12,7	4,0,2	6,7,9	0,0,0	329	149	0.000216756036722	0.0144423272232	0.361,1.0,0.613	1.0,1.0,1.0	-0.342
15359	ENSG00000310533	NA	chr7	+	73006086	73006336	73006086	73006174	73009448	73009583	15359	9,15,5	4,0,2	5,6,6	0,0,0	311	149	0.000404417246658	0.0220232411197	0.519,1.0,0.545	1.0,1.0,1.0	-0.312
15372	ENSG00000100445	SDR39U1	chr14	-	24442097	24442260	24442108	24442260	24440782	24440926	15372	44,44,30	0,0,0	25,44,51	7,1,7	160	149	2.80434889222e-06	0.000705885775604	1.0,1.0,1.0	0.769,0.976,0.872	0.128
15425	ENSG00000122783	CYREN	chr7	-	135168748	135169060	135168785	135169060	135165784	135166871	15425	117,144,84	0,1,0	92,123,102	8,3,3	186	149	0.000348550494756	0.0201156807224	1.0,0.991,1.0	0.902,0.97,0.965	0.051
15440	ENSG00000232907	DLGAP4-AS1	chr20	-	36525307	36525566	36525500	36525566	36512484	36512725	15440	7,10,5	0,0,0	3,12,5	6,6,1	342	149	4.89349227806e-10	1.38571467584e-06	1.0,1.0,1.0	0.179,0.466,0.685	0.557
15552	ENSG00000291071	FAM86JP	chr3	+	125923878	125924312	125923878	125924140	125924965	125925115	15552	2,6,1	2,3,0	11,8,3	0,2,0	321	149	0.00107974485635	0.0406321262056	0.317,0.481,1.0	1.0,0.65,1.0	-0.284
15579	ENSG00000156983	BRPF1	chr3	+	9742024	9742171	9742024	9742153	9742351	9742541	15579	15,25,10	4,4,3	6,8,11	19,6,9	167	149	0.000113578540969	0.00974624343603	0.77,0.848,0.748	0.22,0.543,0.522	0.36
15622	ENSG00000185624	P4HB	chr17	-	81858494	81859387	81858934	81859387	81855452	81855586	15622	80,39,32	4,3,0	65,33,38	0,0,0	589	149	0.000780100110911	0.0339214436238	0.835,0.767,1.0	1.0,1.0,1.0	-0.133
15808	ENSG00000196756	SNHG17	chr20	-	38430698	38431112	38431040	38431112	38429953	38430152	15808	20,58,32	0,0,0	31,39,21	7,0,4	491	149	1.43494959759e-06	0.000492535578542	1.0,1.0,1.0	0.573,1.0,0.614	0.271
15838	ENSG00000273559	CWC25	chr17	-	38810275	38810595	38810467	38810595	38809701	38809765	15838	114,113,100	224,184,192	83,64,57	207,201,180	341	149	0.000593245895117	0.0284732892118	0.182,0.212,0.185	0.149,0.122,0.122	0.062
16058	ENSG00000157601	MX1	chr21	+	41421837	41422095	41421837	41421990	41422755	41422911	16058	9,10,8	0,0,0	1,5,5	0,2,4	254	149	0.000105499181386	0.00926348238418	1.0,1.0,1.0	1.0,0.595,0.423	0.327
16287	ENSG00000286060	NA	chrX	+	131578675	131578819	131578675	131578775	131587538	131587576	16287	6,18,1	9,9,2	1,3,0	6,12,6	193	149	0.000222068596535	0.014624249959	0.34,0.607,0.279	0.114,0.162,0.0	0.317
16298	ENSG00000159899	NPR2	chr9	+	35799617	35800157	35799617	35799731	35800388	35800483	16298	77,86,55	7,10,0	87,58,83	1,1,1	575	149	0.000285892699383	0.0170437189785	0.74,0.69,1.0	0.958,0.938,0.956	-0.141
16435	ENSG00000130779	CLIP1	chr12	-	122340752	122341697	122340980	122341697	122334647	122334705	16435	457,530,365	127,87,87	558,413,493	52,47,79	377	149	7.88158646922e-05	0.00797095803008	0.587,0.707,0.624	0.809,0.776,0.712	-0.126
16595	ENSG00000290833	NA	chr7	-	74890270	74890566	74890387	74890566	74888311	74888397	16595	78,67,64	97,111,69	18,44,38	95,83,96	266	149	6.89567598295e-05	0.00716580934485	0.311,0.253,0.342	0.096,0.229,0.181	0.133
16816	ENSG00000166682	TMPRSS5	chr11	-	113699961	113700168	113700065	113700168	113699594	113699693	16816	1,6,0	1,6,3	1,3,7	0,0,0	253	149	2.026545598e-11	1.14773409943e-07	0.371,0.371,0.0	1.0,1.0,1.0	-0.753
16872	ENSG00000125462	MIR9-1HG	chr1	-	156413412	156414298	156414083	156414298	156407841	156407975	16872	377,70,52	7,0,2	6,242,77	0,0,0	820	149	0.000990681020472	0.0390059218564	0.907,1.0,0.825	1.0,1.0,1.0	-0.089
16912	ENSG00000143502	SUSD4	chr1	-	223363717	223363938	223363846	223363938	223363277	223363460	16912	0,0,0	2,4,2	4,2,2	2,2,0	278	149	1.84331278652e-06	0.00052702239339	0.0,0.0,0.0	0.517,0.349,1.0	-0.622
17002	ENSG00000278175	GLIDR	chr9	-	39809485	39810024	39809730	39810024	39778893	39778944	17002	72,51,49	0,0,4	49,60,37	8,7,7	394	149	1.01116630286e-05	0.00187761978893	1.0,1.0,0.822	0.698,0.764,0.667	0.231
17019	ENSG00000171763	AFG2B	chr15	+	45415586	45415809	45415586	45415779	45417268	45417399	17019	51,50,49	129,119,96	33,45,24	168,129,120	179	149	0.000699076506242	0.031822758842	0.248,0.259,0.298	0.141,0.225,0.143	0.099
17050	ENSG00000263072	ZNF213-AS1	chr16	-	3129420	3129653	3129460	3129653	3129247	3129310	17050	32,49,33	2,1,0	31,29,36	8,4,5	189	149	1.85242045031e-05	0.00272498265463	0.927,0.975,1.0	0.753,0.851,0.85	0.149
17128	ENSG00000135486	HNRNPA1	chr12	+	54284257	54284321	54284257	54284317	54286661	54286732	17128	399,445,398	334,389,301	354,436,297	424,483,349	153	149	0.000680221839217	0.0315773474296	0.538,0.527,0.563	0.448,0.468,0.453	0.086
17175	ENSG00000236548	RNF217-AS1	chr6	-	124935007	124935117	124935058	124935117	124931695	124931738	17175	3,6,8	0,2,0	3,5,0	2,2,2	200	149	0.00015328292857	0.0120571925827	1.0,0.691,1.0	0.528,0.651,0.0	0.504
17179	ENSG00000080815	PSEN1	chr14	+	73136506	73136583	73136506	73136579	73138111	73138152	17179	2,3,7	0,0,1	3,8,10	3,8,3	153	149	1.05096377945e-05	0.00188956614759	1.0,1.0,0.872	0.493,0.493,0.764	0.374
17193	ENSG00000080815	PSEN1	chr14	+	73206385	73211942	73206385	73206472	73217125	73217244	17193	921,1067,857	0,0,0	984,880,939	0,6,5	5619	149	1.49013713492e-05	0.00234427546212	1.0,1.0,1.0	1.0,0.795,0.833	0.124
17226	ENSG00000215039	CD27-AS1	chr12	-	6450869	6450980	6450892	6450980	6448639	6448737	17226	6,2,2	55,44,27	12,9,12	36,46,54	172	149	0.000685382579568	0.0316421602588	0.086,0.038,0.06	0.224,0.145,0.161	-0.115
17236	ENSG00000118257	NRP2	chr2	+	205766782	205766818	205766782	205766803	205792234	205792285	17236	68,51,72	351,232,232	73,49,65	528,387,344	164	149	0.00102532335847	0.039727495142	0.15,0.166,0.22	0.112,0.103,0.147	0.058
17266	ENSG00000171163	ZNF692	chr1	-	248856287	248856422	248856372	248856422	248855557	248855946	17266	200,186,168	14,6,9	136,137,123	22,17,13	234	149	0.00016695912154	0.0125985035942	0.901,0.952,0.922	0.797,0.837,0.858	0.094
17535	ENSG00000231993	EP300-AS1	chr22	-	41197273	41197481	41197359	41197481	41195481	41195521	17535	22,20,34	7,1,12	34,62,40	2,1,0	235	149	9.54506363393e-07	0.000372817019936	0.666,0.927,0.642	0.915,0.975,1.0	-0.218
17557	ENSG00000153094	BCL2L11	chr2	+	111123745	111124139	111123745	111123869	111150043	111150147	17557	213,112,119	20,21,19	167,141,111	10,7,7	419	149	0.000623072146004	0.0295294485263	0.791,0.655,0.69	0.856,0.877,0.849	-0.149
17637	ENSG00000169598	DFFB	chr1	+	3858717	3858866	3858717	3858844	3865811	3866000	17637	5,7,1	51,48,32	1,0,1	49,47,34	171	149	0.000422695223846	0.0227993752405	0.079,0.113,0.027	0.017,0.0,0.025	0.059
17649	ENSG00000143801	PSEN2	chr1	+	226891742	226891849	226891742	226891844	226894006	226894125	17649	3,8,0	109,122,112	9,16,10	180,97,112	154	149	0.000719070277554	0.0322260234045	0.026,0.06,0.0	0.046,0.138,0.08	-0.059
17701	ENSG00000182923	CEP63	chr3	+	134495295	134495364	134495295	134495360	134507108	134507286	17701	177,184,184	12,7,3	205,170,129	28,12,16	153	149	5.13330604186e-05	0.00593315893226	0.935,0.962,0.984	0.877,0.932,0.887	0.062
