ID	GeneID	geneSymbol	chr	strand	1stExonStart_0base	1stExonEnd	2ndExonStart_0base	2ndExonEnd	upstreamES	upstreamEE	downstreamES	downstreamEE	ID	IJC_SAMPLE_1	SJC_SAMPLE_1	IJC_SAMPLE_2	SJC_SAMPLE_2	IncFormLen	SkipFormLen	PValue	FDR	IncLevel1	IncLevel2	IncLevelDifference
97	ENSG00000075702	WDR62	chr19	+	36084652	36084744	36086686	36086812	36081432	36081570	36089037	36089105	97	0,1,0	75,111,71	6,4,3	63,66,57	241	275	7.38425141973e-05	0.02091005744	0.0,0.01,0.0	0.098,0.065,0.057	-0.07
102	ENSG00000075702	WDR62	chr19	+	36092688	36092811	36094030	36094164	36090444	36090520	36097026	36097079	102	6,18,9	74,130,82	4,5,1	106,99,86	272	283	0.00017916330551	0.0337642516301	0.078,0.126,0.102	0.038,0.05,0.012	0.069
228	ENSG00000184497	TMEM255B	chr13	+	113769097	113769160	113795147	113795237	113759225	113759315	113799338	113799419	228	10,2,1	69,22,27	0,2,0	52,42,50	212	239	8.25103488188e-05	0.0222793044876	0.14,0.093,0.04	0.0,0.051,0.0	0.074
354	ENSG00000291214	NA	chr17	+	68102942	68103058	68114421	68114525	68101877	68101959	68125389	68125480	354	166,172,83	426,469,329	159,149,184	314,342,289	265	253	0.000281776596814	0.0439990130545	0.271,0.259,0.194	0.326,0.294,0.378	-0.091
787	ENSG00000162601	MYSM1	chr1	-	58668983	58669038	58671869	58671958	58668429	58668566	58673572	58673650	787	191,139,120	3,4,3	131,127,148	11,6,14	238	204	0.000171225099959	0.0328343654841	0.982,0.968,0.972	0.911,0.948,0.901	0.054
1001	ENSG00000002016	RAD52	chr12	-	926795	926946	927144	927263	925449	925525	930050	930144	1001	60,65,57	6,6,3	39,40,42	10,15,17	268	300	2.06394570879e-06	0.00230050532969	0.918,0.924,0.955	0.814,0.749,0.734	0.167
1078	ENSG00000226965	NA	chr7	-	110432810	110432906	110511059	110511114	110180977	110181010	110525455	110525561	1078	2,14,6	0,3,8	10,3,9	0,0,0	204	245	1.85889622116e-05	0.00883412141555	1.0,0.849,0.474	1.0,1.0,1.0	-0.226
1176	ENSG00000272970	NA	chr3	+	184715030	184716174	184727399	184727580	184712183	184712418	184734034	184734100	1176	122,72,80	7,3,7	64,119,96	0,2,0	1293	330	2.50433352034e-06	0.00253457102877	0.816,0.86,0.745	1.0,0.938,1.0	-0.172
1321	ENSG00000173295	FAM86B3P	chr8	+	8230842	8230905	8232793	8232874	8228604	8228700	8234482	8234584	1321	0,0,0	8,8,3	5,2,0	11,7,3	212	230	0.00015998921462	0.0315618419285	0.0,0.0,0.0	0.33,0.237,0.0	-0.189
1377	ENSG00000224897	POT1-AS1	chr7	+	125431348	125431593	125438091	125438297	125403503	125403664	125461480	125461650	1377	1,2,9	0,1,0	1,1,0	0,5,4	394	355	3.43595777053e-07	0.000695488755833	1.0,0.643,1.0	1.0,0.153,0.0	0.497
1485	ENSG00000114062	UBE3A	chr15	-	25415709	25415842	25420655	25420752	25411907	25411971	25438488	25438986	1485	3,1,1	20,16,7	5,6,8	17,5,7	246	282	0.000337204500485	0.0496735858774	0.147,0.067,0.141	0.252,0.579,0.567	-0.348
1752	ENSG00000197415	VEPH1	chr3	-	157489054	157489160	157493186	157493293	157470418	157470529	157495211	157495506	1752	3,15,12	17,14,10	1,2,0	5,13,12	256	255	6.31613515818e-05	0.020069152248	0.15,0.516,0.544	0.166,0.133,0.0	0.304
1792	ENSG00000196233	LCOR	chr10	+	96858291	96858416	96884402	96884708	96833776	96833841	96907264	96907330	1792	14,7,12	8,9,5	4,17,16	1,1,1	274	455	5.59621164242e-06	0.00443252403886	0.744,0.564,0.799	0.869,0.966,0.964	-0.231
2076	ENSG00000101236	RNF24	chr20	-	3948236	3948279	3963874	3964024	3945176	3945218	4015144	4015389	2076	2,2,4	131,79,76	9,6,17	63,78,83	299	192	2.43205718364e-06	0.00250786394718	0.01,0.016,0.033	0.084,0.047,0.116	-0.063
2204	ENSG00000229956	ZRANB2-DT	chr1	+	71223056	71223114	71237129	71237386	71091663	71091704	71368054	71368088	2204	1,0,0	7,5,14	1,3,2	5,2,7	207	406	1.80366329228e-05	0.00872334568581	0.219,0.0,0.0	0.282,0.746,0.359	-0.389
2376	ENSG00000197912	SPG7	chr16	+	89550493	89550609	89552978	89553163	89532462	89532636	89553793	89553960	2376	1,0,2	7,10,16	11,5,4	18,6,4	265	334	7.70960999663e-06	0.00531465208746	0.153,0.0,0.136	0.435,0.512,0.558	-0.405
2533	ENSG00000183023	SLC8A1	chr2	-	40177751	40177855	40178386	40178493	40174824	40174842	40428472	40430304	2533	67,126,78	94,130,76	36,70,65	149,117,129	256	253	0.000180935717467	0.0339810956392	0.413,0.489,0.504	0.193,0.372,0.332	0.17
2710	ENSG00000206149	HERC2P9	chr15	+	28612058	28612173	28629265	28629441	28590188	28590260	28632636	28632807	2710	29,23,26	44,45,47	23,28,38	21,19,17	264	325	6.88047162087e-05	0.0203736319635	0.448,0.386,0.405	0.574,0.645,0.733	-0.238
2917	ENSG00000148396	SEC16A	chr9	-	136445051	136445111	136445644	136445719	136443822	136443900	136446854	136446949	2917	533,541,387	30,60,50	420,510,359	71,83,58	224	209	0.000119340810499	0.0275184210048	0.943,0.894,0.878	0.847,0.851,0.852	0.055
3306	ENSG00000127022	CANX	chr5	+	179707131	179707190	179708238	179708380	179705678	179705852	179716104	179716294	3306	1,3,2	6,12,3	8,2,3	0,2,0	208	291	4.77759382389e-07	0.000842274379559	0.189,0.259,0.483	1.0,0.583,1.0	-0.551
3600	ENSG00000054282	SDCCAG8	chr1	+	243426426	243426558	243489013	243489140	243256040	243256240	243499755	243500091	3600	8,15,1	50,64,42	0,5,0	73,80,76	281	276	3.28854127962e-06	0.00310787527489	0.136,0.187,0.023	0.0,0.058,0.0	0.096
3650	ENSG00000158458	NRG2	chr5	-	139865114	139865173	139865548	139865625	139855675	139855778	139871720	139871841	3650	6,0,0	0,4,2	0,7,4	1,0,0	226	208	0.000252836658982	0.0410256591226	1.0,0.0,0.0	0.0,1.0,1.0	-0.333
4049	ENSG00000290476	SUGT1P3	chr13	-	40836596	40836688	40855754	40855815	40826191	40826594	40908158	40908212	4049	0,0,1	13,10,9	4,2,1	3,4,8	210	241	6.66689054677e-05	0.0203736319635	0.0,0.0,0.113	0.605,0.365,0.125	-0.327
4360	ENSG00000235437	LINC01278	chrX	-	63314996	63315107	63343205	63343289	63259667	63259817	63399780	63399903	4360	3,0,3	0,2,0	0,0,1	1,2,0	233	260	0.000222121203088	0.0382945362497	1.0,0.0,1.0	0.0,0.0,1.0	0.333
4500	ENSG00000196935	SRGAP1	chr12	+	64086998	64087026	64091275	64091378	64080285	64080370	64094931	64094992	4500	38,45,45	15,5,10	57,53,33	54,31,36	177	252	1.18140968031e-06	0.0015372952821	0.783,0.928,0.865	0.6,0.709,0.566	0.234
4501	ENSG00000196935	SRGAP1	chr12	+	64091275	64091378	64091892	64091926	64086998	64087026	64094931	64094992	4501	44,35,32	213,228,178	126,79,88	279,169,180	252	183	4.15003587051e-11	6.26207233068e-07	0.13,0.1,0.115	0.247,0.253,0.262	-0.139
4658	ENSG00000138166	DUSP5	chr10	+	110502720	110502869	110506934	110507154	110497906	110498500	110510019	110511533	4658	45,33,39	72,72,60	30,20,31	91,136,96	298	369	0.000124444201746	0.0280261362361	0.436,0.362,0.446	0.29,0.154,0.286	0.171
4712	ENSG00000170919	TPT1-AS1	chr13	+	45344753	45344909	45370079	45370182	45344378	45344446	45377060	45377215	4712	3,9,2	66,76,40	0,0,0	53,45,67	305	252	0.000142896221316	0.0299421753162	0.036,0.089,0.04	0.0,0.0,0.0	0.055
4975	ENSG00000185379	RAD51D	chr17	-	35107365	35107447	35118500	35118619	35106987	35107122	35119110	35119172	4975	20,22,12	79,132,92	38,21,35	75,82,64	268	231	0.000130455561246	0.0286331619808	0.179,0.126,0.101	0.304,0.181,0.32	-0.133
5103	ENSG00000165490	DDIAS	chr11	+	82913654	82913746	82913956	82914170	82913286	82913386	82914722	82914851	5103	7,6,4	4,0,8	0,0,0	4,7,3	241	363	3.5074165794e-11	6.26207233068e-07	0.725,1.0,0.43	0.0,0.0,0.0	0.718
5635	ENSG00000241288	LINC02614	chr3	-	125848229	125848447	125862815	125863113	125827237	125827455	125873740	125873845	5635	1,1,2	9,3,11	2,5,1	1,0,1	447	367	1.90430065838e-06	0.00216820499129	0.084,0.215,0.13	0.622,1.0,0.451	-0.548
5636	ENSG00000241288	LINC02614	chr3	-	125848229	125848447	125872072	125872253	125827237	125827455	125873740	125873845	5636	5,12,7	9,3,11	4,8,2	1,0,1	330	367	7.3722803613e-05	0.02091005744	0.382,0.816,0.414	0.816,1.0,0.69	-0.298
5640	ENSG00000241288	LINC02614	chr3	-	125848229	125848447	125908436	125908565	125827239	125827455	125914419	125914445	5640	1,2,0	8,3,11	0,2,8	1,0,1	278	367	2.17888874839e-05	0.00937642739189	0.142,0.468,0.0	0.0,1.0,0.914	-0.435
6563	ENSG00000138380	CARF	chr2	+	202924356	202924415	202941859	202941980	202917876	202918043	202942739	202942967	6563	7,12,3	91,92,84	1,2,1	52,100,66	208	270	0.000137683479717	0.0294567027133	0.091,0.145,0.044	0.024,0.025,0.019	0.071
6564	ENSG00000138380	CARF	chr2	+	202924356	202924415	202942739	202942967	202917876	202918043	202954004	202954134	6564	7,14,3	33,26,35	1,2,1	29,39,27	208	377	0.000159073111369	0.0314987814585	0.278,0.494,0.134	0.059,0.085,0.063	0.233
6565	ENSG00000138380	CARF	chr2	+	202924356	202924415	202952558	202952679	202917876	202918043	202954004	202954134	6565	7,14,3	59,59,39	1,2,1	41,59,42	208	270	3.67771811318e-05	0.013673105464	0.133,0.235,0.091	0.031,0.042,0.03	0.119
6742	ENSG00000104218	CSPP1	chr8	+	67078366	67078487	67079350	67079462	67076481	67076581	67086006	67086110	6742	0,0,4	2,3,3	3,3,4	0,2,1	270	261	0.000266533079968	0.0422219301055	0.0,0.0,0.563	1.0,0.592,0.795	-0.608
6755	ENSG00000104218	CSPP1	chr8	+	67114328	67114370	67115196	67115264	67113804	67113862	67115913	67116122	6755	10,14,3	3,4,6	12,13,11	0,0,2	191	217	3.9815142957e-05	0.0144264644667	0.791,0.799,0.362	1.0,1.0,0.862	-0.303
6928	ENSG00000158428	CATIP	chr2	+	218364627	218364752	218367023	218367100	218360572	218360659	218367429	218367518	6928	3,9,2	0,2,0	0,0,0	1,1,3	274	226	1.04360964315e-14	5.70353542174e-10	1.0,0.788,1.0	0.0,0.0,0.0	0.929
7538	ENSG00000136231	IGF2BP3	chr7	-	23405018	23405110	23416128	23416219	23361689	23361741	23418775	23418824	7538	2,2,5	3,1,6	4,9,2	1,0,0	240	241	1.83793247632e-06	0.00213716352544	0.401,0.668,0.456	0.801,1.0,1.0	-0.425
7696	ENSG00000050767	COL23A1	chr5	-	178256352	178256397	178256865	178256928	178250060	178250105	178257522	178257567	7696	12,31,5	2,7,4	8,4,3	1,0,0	212	194	0.000144281784598	0.0299820839994	0.846,0.802,0.534	0.88,1.0,1.0	-0.233
8305	ENSG00000152894	PTPRK	chr6	-	128001195	128001207	128003196	128003232	127998719	127998904	128005083	128005244	8305	2,13,15	5,7,3	9,6,14	1,1,0	185	161	4.12626448665e-05	0.0148360925477	0.258,0.618,0.813	0.887,0.839,1.0	-0.346
8354	ENSG00000007341	ST7L	chr1	-	112555867	112556018	112597970	112598086	112541950	112542090	112610840	112611003	8354	4,9,4	33,22,6	0,2,1	30,16,19	265	300	6.9392223543e-05	0.0203736319635	0.121,0.317,0.43	0.0,0.124,0.056	0.229
8357	ENSG00000007341	ST7L	chr1	-	112576985	112577088	112597970	112598086	112541950	112542090	112610840	112611003	8357	4,9,4	3,2,3	0,2,1	5,4,9	265	252	7.90963364461e-06	0.00531465208746	0.559,0.811,0.559	0.0,0.322,0.096	0.504
8448	ENSG00000148985	PGAP2	chr11	+	3808293	3808315	3811249	3811424	3797938	3797982	3822908	3822993	8448	1,7,7	33,47,38	0,1,0	38,46,24	171	324	3.41199803289e-06	0.00310787527489	0.054,0.22,0.259	0.0,0.04,0.0	0.164
8487	ENSG00000274372	NA	chr1	+	148019936	148020208	148021913	148022168	148016160	148016258	148024529	148024719	8487	12,8,9	0,0,0	8,8,17	7,0,3	421	404	2.58341289157e-05	0.0106961122235	1.0,1.0,1.0	0.523,1.0,0.845	0.211
8578	ENSG00000112624	BICRAL	chr6	+	42810305	42810401	42822017	42822063	42782051	42782101	42822795	42822844	8578	15,4,3	41,27,27	2,2,0	19,32,29	245	195	0.000264796303745	0.0420687430008	0.226,0.105,0.081	0.077,0.047,0.0	0.096
9226	ENSG00000291133	NA	chr7	-	35118660	35118789	35119675	35119720	35117747	35117794	35121506	35121608	9226	4,5,4	4,2,2	1,1,1	2,5,10	194	278	7.95406274864e-05	0.0219548200676	0.589,0.782,0.741	0.417,0.223,0.125	0.449
9339	ENSG00000228624	HDAC2-AS2	chr6	+	114371591	114371692	114395213	114395281	114342224	114342389	114406642	114406668	9339	12,3,6	1,0,0	13,5,7	7,2,1	250	217	2.99907711416e-05	0.0119639096674	0.912,1.0,1.0	0.617,0.685,0.859	0.25
9774	ENSG00000100714	MTHFD1	chr14	+	64389000	64389125	64390336	64390467	64388307	64388468	64400792	64400877	9774	0,1,0	1,0,2	2,8,4	0,1,4	274	280	0.000236802806488	0.0395772078905	0.0,1.0,0.0	1.0,0.891,0.505	-0.465
9786	ENSG00000104976	SNAPC2	chr19	+	7921422	7921542	7921704	7921773	7921014	7921119	7922034	7922347	9786	20,20,16	120,129,95	55,38,44	118,140,142	269	218	8.65535342213e-05	0.0226331280013	0.119,0.112,0.12	0.274,0.18,0.201	-0.101
9934	ENSG00000122026	RPL21	chr13	+	27254219	27254281	27255241	27255349	27251560	27251585	27256183	27256334	9934	0,0,0	2,3,4	5,1,1	5,5,1	211	257	6.61683506309e-06	0.00475820091932	0.0,0.0,0.0	0.549,0.196,0.549	-0.431
10094	ENSG00000149231	CCDC82	chr11	-	96385936	96386020	96387529	96387613	96383961	96384761	96389843	96389936	10094	11,21,6	7,16,4	6,4,6	15,13,18	233	233	0.000108866459191	0.0260954812619	0.611,0.568,0.6	0.286,0.235,0.25	0.336
10936	ENSG00000163517	HDAC11	chr3	+	13498512	13498555	13501870	13501933	13483463	13483564	13504093	13504272	10936	1,0,2	7,4,16	3,9,3	7,9,4	192	212	9.29929190806e-05	0.0237488271663	0.136,0.0,0.121	0.321,0.525,0.453	-0.347
11437	ENSG00000183077	AFMID	chr17	+	78205439	78205518	78205602	78205738	78202702	78202751	78205945	78206050	11437	6,1,6	7,0,2	5,6,1	0,0,0	228	285	1.75390940041e-05	0.00863555464425	0.517,1.0,0.789	1.0,1.0,1.0	-0.231
11561	ENSG00000006837	CDKL3	chr5	-	134350248	134350427	134359896	134360091	134321790	134321903	134370997	134371041	11561	4,8,5	16,19,9	9,10,23	6,9,5	344	328	0.000144039655387	0.0299820839994	0.192,0.286,0.346	0.589,0.514,0.814	-0.364
11566	ENSG00000286619	PM20D1-AS1	chr1	+	205858142	205858320	205891155	205891309	205853787	205853874	205894167	205896026	11566	14,14,7	62,61,52	4,4,5	90,63,55	327	303	0.000224339259251	0.0385553119389	0.173,0.175,0.111	0.04,0.056,0.078	0.095
11986	ENSG00000259529	NA	chr14	+	24151130	24151379	24151785	24151992	24150597	24150888	24155156	24155330	11986	508,503,330	314,354,287	612,449,441	277,232,219	398	356	0.000219803496239	0.0382570085237	0.591,0.56,0.507	0.664,0.634,0.643	-0.094
12037	ENSG00000059588	TARBP1	chr1	-	234437274	234437372	234450427	234450566	234430086	234430301	234457666	234457756	12037	102,121,111	7,19,9	105,109,112	6,2,2	288	247	0.000125507751177	0.0281116787595	0.926,0.845,0.914	0.938,0.979,0.98	-0.071
12047	ENSG00000092098	RNF31	chr14	+	24157831	24158011	24158141	24158199	24157519	24157638	24159863	24159960	12047	8,3,2	107,103,73	13,6,21	93,82,87	329	207	6.76460778872e-05	0.0203736319635	0.045,0.018,0.017	0.081,0.044,0.132	-0.059
12072	ENSG00000130402	ACTN4	chr19	+	38710256	38710342	38711275	38711361	38709394	38709476	38714468	38714561	12072	1079,801,569	1844,1755,1477	1447,1588,1571	2281,2333,1940	235	235	2.12570276354e-05	0.00922015138357	0.369,0.313,0.278	0.388,0.405,0.447	-0.093
12293	ENSG00000261824	LINC00662	chr19	-	27771543	27771989	27778710	27779043	27746097	27746340	27792999	27793232	12293	1,2,4	45,23,26	12,12,10	10,51,17	482	595	1.71356486869e-05	0.00851361338215	0.027,0.097,0.16	0.597,0.225,0.421	-0.32
12294	ENSG00000261824	LINC00662	chr19	-	27771663	27771989	27778710	27779043	27746097	27746340	27792999	27793232	12294	1,2,4	45,24,26	12,12,10	15,46,21	482	475	7.74796617864e-06	0.00531465208746	0.021,0.076,0.132	0.441,0.205,0.319	-0.245
12650	ENSG00000104361	NIPAL2	chr8	-	98194727	98194822	98195941	98196005	98189825	98193090	98203107	98203196	12650	1,2,1	4,3,3	1,2,2	2,0,0	213	244	0.000242305169061	0.0401286730289	0.223,0.433,0.276	0.364,1.0,1.0	-0.477
13084	ENSG00000146433	TMEM181	chr6	+	158573419	158573523	158580939	158580995	158560090	158560232	158583953	158584044	13084	115,129,78	114,119,85	180,115,132	83,70,87	253	205	8.59448664846e-05	0.0225820136688	0.45,0.468,0.426	0.637,0.571,0.551	-0.138
13190	ENSG00000213047	DENND1B	chr1	-	197583151	197583253	197595207	197595333	197546732	197546773	197607072	197607174	13190	11,37,15	1,2,7	20,32,34	0,0,0	275	251	2.03995888698e-05	0.00909647283613	0.909,0.944,0.662	1.0,1.0,1.0	-0.162
13550	ENSG00000161040	FBXL13	chr7	-	102822039	102822203	102832839	102832974	102811188	102813531	102854776	102854860	13550	7,0,2	19,22,8	0,0,1	23,14,20	284	313	0.000165991591431	0.0321694058684	0.289,0.0,0.216	0.0,0.0,0.052	0.151
13693	ENSG00000248429	GASK1B-AS1	chr4	+	158179660	158179735	158198787	158198870	158172816	158172940	158199087	158199592	13693	4,1,3	1,1,1	1,0,0	1,1,2	224	232	2.82090112658e-06	0.00280305251582	0.806,0.509,0.757	0.509,0.0,0.0	0.521
13745	ENSG00000183273	CCDC60	chr12	+	119520120	119520192	119528614	119528746	119516622	119516707	119530873	119531063	13745	0,3,6	2,1,5	0,0,1	1,3,2	221	281	9.44267750002e-05	0.0238223685672	0.0,0.792,0.604	0.0,0.0,0.389	0.336
13908	ENSG00000088766	CRLS1	chr20	+	6023379	6023422	6028671	6028725	6015360	6015490	6031284	6031370	13908	0,1,0	9,15,10	6,0,2	2,2,6	192	203	0.000315230408842	0.0471999241206	0.0,0.066,0.0	0.76,0.0,0.261	-0.318
13910	ENSG00000088766	CRLS1	chr20	+	6026170	6026238	6028671	6028725	6015360	6015490	6031284	6031370	13910	1,4,0	9,15,10	3,6,11	2,2,6	217	203	3.59099915803e-07	0.000700911735659	0.094,0.2,0.0	0.584,0.737,0.632	-0.553
13990	ENSG00000112584	FAM120B	chr6	+	170323078	170323259	170330448	170330550	170306757	170306842	170358225	170358318	13990	51,70,59	10,27,7	67,61,53	1,4,3	330	251	3.38036257075e-06	0.00310787527489	0.795,0.664,0.865	0.981,0.921,0.931	-0.17
14107	ENSG00000112139	MDGA1	chr6	-	37658244	37658419	37663966	37664106	37652010	37652340	37696744	37696811	14107	84,57,69	12,5,1	72,71,74	26,14,12	289	324	0.000292992599217	0.0451060043166	0.887,0.927,0.987	0.756,0.85,0.874	0.107
14417	ENSG00000197555	SIPA1L1	chr14	+	71512742	71512845	71529311	71529370	71321121	71321181	71576534	71576587	14417	75,101,71	5,3,2	78,67,78	13,15,4	252	208	0.000244773001194	0.0404149065295	0.925,0.965,0.967	0.832,0.787,0.942	0.099
14446	ENSG00000049540	ELN	chr7	+	74036554	74036584	74037706	74037739	74035363	74035414	74042613	74042706	14446	1,1,3	2,1,9	4,3,4	0,1,0	179	182	9.28925394383e-08	0.000253838153269	0.337,0.504,0.253	1.0,0.753,1.0	-0.553
15324	ENSG00000075413	MARK3	chr14	+	103498501	103498528	103500155	103500200	103480386	103480490	103502881	103503820	15324	11,11,11	113,109,87	33,20,15	71,82,85	176	194	0.000200524548647	0.0358761626409	0.097,0.1,0.122	0.339,0.212,0.163	-0.132
15395	ENSG00000237877	LINC01473	chr2	-	186081329	186081416	186099768	186099830	186039499	186039555	186215018	186215090	15395	6,4,1	2,4,5	0,0,0	5,2,4	211	236	4.0977744753e-08	0.000131736218014	0.77,0.528,0.183	0.0,0.0,0.0	0.494
15553	ENSG00000231738	TSPAN19	chr12	-	85024651	85024772	85027898	85028023	85023325	85023400	85029718	85029791	15553	9,17,4	20,9,15	10,22,16	3,5,2	274	270	4.23070825361e-05	0.0150140693166	0.307,0.651,0.208	0.767,0.813,0.887	-0.434
15781	ENSG00000255717	SNHG1	chr11	-	62852810	62853115	62853800	62853833	62851977	62852681	62854017	62854064	15781	122,173,103	797,865,693	185,195,145	804,666,564	182	454	7.07276667469e-05	0.0204814041355	0.276,0.333,0.27	0.365,0.422,0.391	-0.1
15784	ENSG00000255717	SNHG1	chr11	-	62852810	62853590	62853800	62853833	62851978	62852681	62854017	62854551	15784	122,173,103	1422,1608,1281	185,195,145	1431,1176,1047	182	929	2.52903891274e-05	0.0105509186763	0.305,0.354,0.291	0.398,0.458,0.414	-0.107
15807	ENSG00000255717	SNHG1	chr11	-	62853341	62853590	62853800	62853833	62853074	62853115	62854017	62854064	15807	122,173,102	112,141,110	190,197,146	81,88,64	182	398	2.51151358599e-08	9.15061603344e-05	0.704,0.728,0.67	0.837,0.83,0.833	-0.133
16143	ENSG00000198794	SCAMP5	chr15	+	74997233	74997316	75009890	75009940	74995597	74995673	75011791	75011846	16143	3,0,0	36,47,44	4,9,3	39,51,52	232	199	0.000340132780722	0.0498362915068	0.067,0.0,0.0	0.081,0.131,0.047	-0.064
16175	ENSG00000130347	RTN4IP1	chr6	-	106592163	106592300	106619201	106619326	106583327	106583420	106621424	106621493	16175	65,45,42	2,1,11	78,69,48	0,3,0	274	286	0.000338444517992	0.0497222306379	0.971,0.979,0.799	1.0,0.96,1.0	-0.07
16558	ENSG00000293516	ZNF271P	chr18	+	35291009	35291232	35322387	35322501	35290323	35290391	35326796	35328390	16558	217,253,178	32,29,12	244,298,228	12,11,8	372	263	4.75350423834e-06	0.003877440502	0.827,0.86,0.913	0.935,0.95,0.953	-0.079
16597	ENSG00000126218	F10	chr13	+	113140566	113141050	113143850	113144095	113139356	113139470	113147378	113147472	16597	9,4,3	37,38,14	1,1,2	83,55,39	633	394	1.28327504804e-05	0.00708419676015	0.131,0.061,0.118	0.007,0.011,0.031	0.087
17014	ENSG00000228315	GUSBP11	chr22	-	23652478	23652576	23652860	23652944	23640307	23640423	23659864	23660000	17014	9,2,3	0,0,0	5,2,1	3,4,0	233	247	5.37129583889e-05	0.0180093288458	1.0,1.0,1.0	0.639,0.346,1.0	0.338
17222	ENSG00000175287	PHYHD1	chr9	+	128936582	128936645	128937756	128937778	128936447	128936503	128941444	128941571	17222	18,18,13	0,0,0	63,26,37	2,4,5	212	171	0.000157617187421	0.0313239800979	1.0,1.0,1.0	0.962,0.84,0.857	0.114
17224	ENSG00000175287	PHYHD1	chr9	+	128937756	128937778	128940598	128940715	128936447	128936503	128941444	128941571	17224	0,0,0	20,17,17	2,4,5	56,12,25	171	266	1.41200844739e-05	0.00751235304441	0.0,0.0,0.0	0.053,0.341,0.237	-0.21
17364	ENSG00000138448	ITGAV	chr2	+	186633328	186633374	186636081	186636207	186625472	186625587	186638276	186638320	17364	0,0,0	3,1,2	10,2,4	5,4,7	195	275	2.10184669669e-09	1.27633472964e-05	0.0,0.0,0.0	0.738,0.414,0.446	-0.533
17908	ENSG00000100106	TRIOBP	chr22	+	37713209	37713411	37715762	37715934	37710426	37710566	37723184	37726503	17908	186,112,116	156,106,140	58,137,117	122,228,169	351	321	8.27544977492e-05	0.0222793044876	0.522,0.491,0.431	0.303,0.355,0.388	0.133
17918	ENSG00000072609	CHFR	chr12	-	132841517	132841596	132843010	132843083	132822186	132822311	132844026	132844134	17918	202,191,123	11,20,17	217,162,182	3,5,7	222	228	6.26802100845e-06	0.0046291876237	0.95,0.907,0.881	0.987,0.971,0.964	-0.061
17937	ENSG00000127603	MACF1	chr1	+	39370029	39370186	39378460	39378523	39368147	39368314	39379202	39379444	17937	906,729,532	217,182,112	804,814,855	127,116,131	306	212	7.15939682207e-05	0.0205934397431	0.743,0.735,0.767	0.814,0.829,0.819	-0.072
17938	ENSG00000127603	MACF1	chr1	+	39372478	39372596	39378460	39378523	39368147	39368314	39379202	39379444	17938	213,105,71	217,182,112	165,217,150	127,116,131	267	212	6.79107093745e-05	0.0203736319635	0.438,0.314,0.335	0.508,0.598,0.476	-0.165
17939	ENSG00000127603	MACF1	chr1	+	39372478	39372596	39378460	39378523	39370029	39370186	39379202	39379444	17939	916,709,489	216,182,113	781,889,735	128,116,131	267	212	8.23734389461e-05	0.0222793044876	0.771,0.756,0.775	0.829,0.859,0.817	-0.068
17982	ENSG00000248550	OTX2-AS1	chr14	+	56919640	56919692	56927568	56927718	56813290	56813469	56928879	56929039	17982	1,0,1	33,2,9	3,6,1	15,6,6	201	299	8.98444137155e-05	0.0232124827056	0.043,0.0,0.142	0.229,0.598,0.199	-0.28
18377	ENSG00000293616	PCBP1-AS1	chr2	-	69964230	69964427	69988445	69988505	69963253	69963500	69996685	69996888	18377	3,0,3	5,9,3	0,0,0	12,10,8	209	346	0.000163165158618	0.0318475080314	0.498,0.0,0.623	0.0,0.0,0.0	0.374
18432	ENSG00000293616	PCBP1-AS1	chr2	-	70051202	70051305	70077300	70077381	70018014	70018131	70083537	70083687	18432	0,0,1	21,24,31	6,2,2	17,27,10	230	252	3.04850093741e-05	0.0120729473356	0.0,0.0,0.034	0.279,0.075,0.18	-0.167
18454	ENSG00000293616	PCBP1-AS1	chr2	-	70053730	70053792	70077300	70077381	70051202	70051305	70083537	70083687	18454	0,0,3	5,11,8	8,3,2	4,4,3	230	211	5.5180058238e-05	0.0182769729868	0.0,0.0,0.256	0.647,0.408,0.379	-0.393
18461	ENSG00000293616	PCBP1-AS1	chr2	-	70053730	70053815	70077300	70077381	70051202	70051305	70083537	70083687	18461	0,0,3	5,11,6	8,3,2	4,4,4	230	234	0.000225778686232	0.0385601773748	0.0,0.0,0.337	0.67,0.433,0.337	-0.368
18486	ENSG00000293616	PCBP1-AS1	chr2	-	70059642	70059680	70077300	70077381	70051202	70051305	70083537	70083687	18486	0,0,3	28,26,37	8,3,2	22,23,22	230	187	0.000211961421726	0.0371285757057	0.0,0.0,0.062	0.228,0.096,0.069	-0.11
18788	ENSG00000153558	FBXL2	chr3	+	33297868	33297962	33364624	33364719	33297663	33297725	33373091	33373160	18788	0,2,0	130,93,63	9,6,4	88,76,83	243	244	7.91328609917e-06	0.00531465208746	0.0,0.021,0.0	0.093,0.073,0.046	-0.064
19131	ENSG00000197467	COL13A1	chr10	+	69897474	69897531	69898696	69898762	69895549	69895576	69902747	69902855	19131	0,0,0	14,3,5	2,2,4	18,5,11	206	215	4.82188096811e-05	0.0166775883476	0.0,0.0,0.0	0.104,0.295,0.275	-0.225
19245	ENSG00000167920	KRT10-AS1	chr17	+	40823895	40824017	40828103	40828296	40819136	40819208	40833114	40833199	19245	0,0,0	2,3,3	0,2,2	10,0,0	271	342	0.000151634723142	0.0306658854792	0.0,0.0,0.0	0.0,1.0,1.0	-0.667
19246	ENSG00000167920	KRT10-AS1	chr17	+	40823895	40824017	40828103	40828296	40819194	40819279	40833114	40833199	19246	0,0,0	2,3,2	0,3,2	9,0,0	271	342	2.06723000084e-05	0.00911114951661	0.0,0.0,0.0	0.0,1.0,1.0	-0.667
20085	ENSG00000262879	NA	chr17	-	46985801	46985961	46998699	46998817	46983905	46984069	47007839	47007884	20085	14,9,28	2,1,1	9,17,16	10,7,3	267	309	0.000214372643079	0.0374309702542	0.89,0.912,0.97	0.51,0.738,0.861	0.221
20086	ENSG00000262879	NA	chr17	-	46985801	46985961	46998699	46998817	46983905	46984069	47021581	47021721	20086	25,4,20	2,2,0	15,10,10	10,7,3	267	309	0.00011098969863	0.0263730826501	0.935,0.698,1.0	0.634,0.623,0.794	0.194
20168	ENSG00000188321	ZNF559	chr19	+	9333014	9333113	9337795	9337858	9324694	9324780	9338493	9338582	20168	0,0,5	39,139,87	1,10,11	85,92,79	248	212	0.000120300330937	0.0275184210048	0.0,0.0,0.047	0.01,0.085,0.106	-0.051
20250	ENSG00000268041	ERFL	chr19	-	41909862	41910097	41912852	41912932	41909275	41909471	41928039	41928449	20250	3,5,6	13,33,17	0,0,0	24,16,8	229	384	1.23543483443e-07	0.000293560802484	0.279,0.203,0.372	0.0,0.0,0.0	0.285
20258	ENSG00000185664	PMEL	chr12	-	55956102	55956219	55956948	55957059	55955778	55955863	55957185	55957671	20258	3,3,2	43,70,82	16,14,11	139,75,85	260	266	0.000148603971025	0.0303041202405	0.067,0.042,0.024	0.105,0.16,0.117	-0.083
20862	ENSG00000075151	EIF4G3	chr1	-	21001198	21001307	21002712	21002808	20980333	20980448	21089137	21089213	20862	31,24,21	5,0,6	14,38,16	1,0,0	245	258	0.000152061314588	0.0306658854792	0.867,1.0,0.787	0.936,1.0,1.0	-0.094
21073	ENSG00000249859	PVT1	chr8	+	127795893	127796008	128070159	128070361	127794538	127794734	128096517	128096654	21073	6,5,8	31,42,23	19,15,13	27,27,17	264	351	0.000201786219518	0.0358761626409	0.205,0.137,0.316	0.483,0.425,0.504	-0.251
21106	ENSG00000249859	PVT1	chr8	+	127890588	127890998	128070159	128070361	127794528	127794734	128096517	128096654	21106	329,437,302	31,42,23	581,487,466	27,27,17	559	351	0.000230666366226	0.0389809292133	0.87,0.867,0.892	0.931,0.919,0.945	-0.055
21193	ENSG00000249859	PVT1	chr8	+	128020315	128020719	128070159	128070272	128010317	128010444	128096517	128096654	21193	8,13,3	45,54,39	36,22,26	39,59,51	553	262	9.51176197239e-06	0.00584086309343	0.078,0.102,0.035	0.304,0.15,0.195	-0.145
21194	ENSG00000249859	PVT1	chr8	+	128020315	128020719	128070159	128070361	128010317	128010444	128096517	128096654	21194	8,13,3	52,69,43	36,22,26	48,50,31	553	351	1.09624527234e-08	5.44654514763e-05	0.089,0.107,0.042	0.323,0.218,0.347	-0.217
21196	ENSG00000249859	PVT1	chr8	+	128020315	128020719	128095691	128095817	128010317	128010444	128096517	128096654	21196	8,13,3	2,2,2	36,22,26	0,1,0	553	275	0.000138117612572	0.0294567027133	0.665,0.764,0.427	1.0,0.916,1.0	-0.353
21254	ENSG00000249859	PVT1	chr8	+	128082752	128082848	128095774	128095817	128070159	128070272	128096517	128096654	21254	9,5,1	8,1,0	5,4,1	0,0,0	245	192	2.96084396062e-05	0.0118982385394	0.469,0.797,1.0	1.0,1.0,1.0	-0.245
21481	ENSG00000233723	LINC01122	chr2	+	58912718	58912746	58915679	58915902	58850429	58850606	58924544	58924626	21481	0,0,0	8,3,2	6,1,2	0,4,4	177	372	1.55298940374e-09	1.06092471116e-05	0.0,0.0,0.0	1.0,0.344,0.512	-0.619
21537	ENSG00000151967	SCHIP1	chr3	+	159764442	159765138	159866162	159866281	159732374	159732414	159886206	159886324	21537	3626,2924,2092	1525,1684,1228	5106,5192,4107	1887,1863,1474	845	268	6.9076237361e-05	0.0203736319635	0.43,0.355,0.351	0.462,0.469,0.469	-0.088
22212	ENSG00000168675	LDLRAD4	chr18	+	13278104	13278188	13387340	13387762	13218224	13218271	13621116	13621271	22212	4,3,2	352,339,269	5,12,17	319,318,330	233	571	3.98594037634e-05	0.0144264644667	0.027,0.021,0.018	0.037,0.085,0.112	-0.056
22475	ENSG00000236088	COX10-DT	chr17	-	13790268	13790313	13880301	13880371	13776372	13777349	14034007	14034416	22475	2,6,2	0,2,2	0,1,1	2,4,3	219	194	1.27926239766e-05	0.00708419676015	1.0,0.727,0.47	0.0,0.181,0.228	0.596
22480	ENSG00000236088	COX10-DT	chr17	-	13790268	13790313	13892724	13892842	13776826	13777349	14034007	14034416	22480	4,2,2	0,2,2	1,0,1	2,4,3	267	194	9.9247772219e-05	0.0245433902593	1.0,0.421,0.421	0.266,0.0,0.195	0.46
22508	ENSG00000236088	COX10-DT	chr17	-	13892724	13892839	13898608	13898732	13880301	13880371	14034007	14034416	22508	0,0,1	5,4,2	4,3,1	1,7,6	273	264	0.000137566020034	0.0294567027133	0.0,0.0,0.326	0.795,0.293,0.139	-0.3
22509	ENSG00000236088	COX10-DT	chr17	-	13892724	13892842	13898608	13898732	13880301	13880371	14034007	14034416	22509	0,0,1	4,5,4	4,3,1	2,5,0	273	267	6.20259521622e-06	0.0046291876237	0.0,0.0,0.196	0.662,0.37,1.0	-0.612
22593	ENSG00000291203	NA	chr4	+	119475081	119475185	119488644	119488717	119462895	119462979	119493332	119493437	22593	7,9,1	18,24,8	0,1,0	15,14,18	253	222	8.67654486814e-07	0.00121755574957	0.254,0.248,0.099	0.0,0.059,0.0	0.181
23495	ENSG00000178980	SELENOW	chr19	+	47780863	47780917	47781107	47781182	47778932	47780749	47781289	47781388	23495	811,856,552	1415,1370,1219	554,572,463	1426,1393,1224	203	224	0.000252976050727	0.0410256591226	0.387,0.408,0.333	0.3,0.312,0.294	0.074
23596	ENSG00000122507	BBS9	chr7	+	33352858	33352873	33357854	33357995	33349067	33349170	33383665	33383838	23596	0,0,0	7,6,3	2,2,4	5,6,3	164	290	3.50727534792e-08	0.000119799757697	0.0,0.0,0.0	0.414,0.371,0.702	-0.496
23674	ENSG00000246145	RRS1-DT	chr8	-	66228893	66229006	66258066	66258131	66221023	66221208	66264252	66264334	23674	0,2,2	2,2,4	2,1,0	0,0,1	214	262	0.000246364076826	0.040433301882	0.0,0.55,0.38	1.0,1.0,0.0	-0.357
23713	ENSG00000155511	GRIA1	chr5	+	153794620	153794735	153795475	153795590	153770167	153770415	153802355	153802490	23713	317,396,302	496,520,398	259,241,280	503,670,596	264	264	1.82513711278e-06	0.00213716352544	0.39,0.432,0.431	0.34,0.265,0.32	0.109
23714	ENSG00000155511	GRIA1	chr5	+	153794620	153794735	153795477	153795590	153770167	153770415	153802355	153802490	23714	317,396,302	193,227,159	259,241,280	200,273,226	264	262	0.000221011830267	0.0382945362497	0.62,0.634,0.653	0.562,0.467,0.551	0.109
23715	ENSG00000155511	GRIA1	chr5	+	153794620	153794745	153795475	153795590	153770167	153770415	153802355	153802490	23715	153,212,136	496,520,398	130,135,152	503,670,596	274	264	0.000335853146288	0.0496082328404	0.229,0.282,0.248	0.199,0.163,0.197	0.067
24406	ENSG00000181722	ZBTB20	chr3	-	114693527	114693575	114801100	114801174	114500351	114500391	114900303	114900342	24406	2,2,10	2,1,4	7,2,1	0,0,0	223	197	1.00326414221e-05	0.00602531779122	0.469,0.639,0.688	1.0,1.0,1.0	-0.401
24445	ENSG00000261390	MAFTRR	chr16	-	79757650	79757715	79769152	79769222	79751213	79751276	79770446	79770563	24445	8,13,9	5,4,1	25,5,3	0,0,0	219	214	2.10468540007e-06	0.00230050532969	0.61,0.761,0.898	1.0,1.0,1.0	-0.244
24873	ENSG00000228793	NA	chr6	-	3595566	3595661	3609379	3609549	3593552	3594535	3719362	3720077	24873	0,0,0	2,1,3	7,0,4	9,2,5	319	244	3.48458710708e-06	0.00312196155043	0.0,0.0,0.0	0.373,0.0,0.38	-0.251
24887	ENSG00000228793	NA	chr6	-	3653220	3654795	3663659	3663905	3634018	3634059	3719362	3720077	24887	0,0,0	2,29,5	6,0,2	22,15,19	395	1724	8.07136286429e-06	0.00531465208746	0.0,0.0,0.0	0.543,0.0,0.315	-0.286
25056	ENSG00000114867	EIF4G1	chr3	+	184315488	184315545	184316131	184316218	184314566	184314674	184316712	184316733	25056	109,89,72	65,42,47	116,107,111	33,22,23	206	236	3.76238704081e-07	0.000708404222037	0.658,0.708,0.637	0.801,0.848,0.847	-0.164
25058	ENSG00000114867	EIF4G1	chr3	+	184315488	184315545	184316131	184316218	184314568	184314674	184317716	184317816	25058	112,103,80	35,36,21	131,116,116	17,16,19	206	236	0.000115990184438	0.0272287407067	0.786,0.766,0.814	0.898,0.893,0.875	-0.1
25060	ENSG00000114867	EIF4G1	chr3	+	184315488	184315545	184316071	184316218	184314653	184314674	184316712	184316733	25060	109,89,72	61,40,43	116,107,111	32,20,21	206	296	6.26036030238e-07	0.00100629768013	0.72,0.762,0.706	0.839,0.885,0.884	-0.14
25626	ENSG00000158966	CACHD1	chr1	+	64641819	64641969	64647800	64648034	64602805	64602912	64652160	64652310	25626	10,7,20	270,285,245	1,2,0	200,212,152	299	383	3.88862743561e-07	0.000708404222037	0.045,0.031,0.095	0.006,0.012,0.0	0.051
25664	ENSG00000138798	EGF	chr4	+	109988583	109988709	110004504	110004622	109980825	109980975	110008151	110008230	25664	1,1,0	37,47,16	9,6,1	37,34,46	275	267	5.60489888516e-05	0.0184529478236	0.026,0.02,0.0	0.191,0.146,0.021	-0.104
25889	ENSG00000078403	MLLT10	chr10	+	21551815	21551921	21557620	21557824	21538832	21538912	21586293	21586348	25889	9,6,4	74,113,72	2,0,0	56,82,61	255	353	2.28280647123e-05	0.00967131312137	0.144,0.068,0.071	0.047,0.0,0.0	0.079
25890	ENSG00000078403	MLLT10	chr10	+	21551815	21551921	21571974	21572026	21538832	21538912	21586293	21586348	25890	9,6,4	9,17,2	2,0,0	12,7,3	255	201	1.40410451208e-05	0.00751235304441	0.441,0.218,0.612	0.116,0.0,0.0	0.385
26352	ENSG00000149131	SERPING1	chr11	+	57602034	57602169	57606407	57606547	57598193	57598321	57611716	57611936	26352	49,44,25	210,321,256	30,22,13	498,254,210	284	289	1.66943950606e-05	0.00837047778763	0.192,0.122,0.09	0.058,0.081,0.059	0.069
26680	ENSG00000185760	KCNQ5	chr6	+	73124485	73124512	73169745	73169854	73120482	73120577	73190572	73190704	26680	2,2,2	4,5,3	0,0,0	11,3,3	176	258	1.92967086469e-05	0.00896306641786	0.423,0.37,0.494	0.0,0.0,0.0	0.429
27015	ENSG00000138443	ABI2	chr2	+	203394699	203394846	203395655	203395780	203391045	203391143	203396784	203396967	27015	1181,1363,952	501,583,497	1066,1191,1114	294,456,350	296	274	0.000252231577805	0.0410256591226	0.686,0.684,0.639	0.77,0.707,0.747	-0.072
27017	ENSG00000138443	ABI2	chr2	+	203395658	203395780	203396784	203396967	203394699	203394846	203402575	203402734	27017	882,845,670	633,597,562	794,849,811	348,511,465	271	332	0.000300659352346	0.0457299956892	0.631,0.634,0.594	0.737,0.671,0.681	-0.077
27414	ENSG00000154529	CNTNAP3B	chr9	-	41964537	41964644	41970073	41970245	41953182	41953383	41986167	41986311	27414	2,2,7	1,5,2	4,7,3	0,0,1	321	256	1.93522988602e-05	0.00896306641786	0.615,0.242,0.736	1.0,1.0,0.705	-0.371
27488	ENSG00000055917	PUM2	chr2	-	20331716	20331937	20332966	20333063	20327309	20327378	20350596	20350702	27488	37,18,21	53,43,40	12,11,11	52,46,63	246	370	0.000119332714303	0.0275184210048	0.512,0.386,0.441	0.258,0.265,0.208	0.203
27492	ENSG00000106714	CNTNAP3	chr9	-	39140518	39140638	39149805	39149977	39132931	39133132	39165932	39166076	27492	21,29,16	17,15,13	7,11,14	12,25,27	321	269	0.000301229569789	0.0457299956892	0.509,0.618,0.508	0.328,0.269,0.303	0.245
28093	ENSG00000161249	DMKN	chr19	-	35506125	35506185	35508204	35508240	35505938	35505986	35509910	35509961	28093	5,7,1	6,5,0	9,5,5	0,2,0	185	209	0.000320814895414	0.0477743206108	0.485,0.613,1.0	1.0,0.739,1.0	-0.214
28095	ENSG00000161249	DMKN	chr19	-	35506125	35506185	35509910	35509961	35505938	35505986	35510183	35510252	28095	32,31,17	5,7,0	54,37,38	0,2,0	200	209	5.86993021514e-05	0.0188707897716	0.87,0.822,1.0	1.0,0.951,1.0	-0.086
28155	ENSG00000182732	RGS6	chr14	+	71964771	71964875	72352094	72352194	71933115	71933302	72454527	72454578	28155	0,0,0	34,40,23	11,0,3	28,16,7	253	249	7.76491675292e-07	0.00117880063995	0.0,0.0,0.0	0.279,0.0,0.297	-0.192
28210	ENSG00000167380	ZNF226	chr19	+	44166704	44166882	44167818	44167860	44165756	44165807	44170034	44170095	28210	34,45,52	0,0,0	23,26,22	0,6,2	327	191	0.000166662498405	0.0321852963351	1.0,1.0,1.0	1.0,0.717,0.865	0.139
28240	ENSG00000157349	DDX19B	chr16	+	70315968	70316104	70317495	70317588	70312608	70312657	70319600	70319683	28240	1,0,0	2,4,3	0,2,3	1,0,0	285	242	9.04758839404e-07	0.00123617200228	0.298,0.0,0.0	0.0,1.0,1.0	-0.567
28307	ENSG00000091039	OSBPL8	chr12	-	76410563	76410634	76450850	76450988	76402688	76402766	76459858	76459895	28307	224,228,188	352,290,256	159,173,129	338,333,352	287	220	3.12976432224e-05	0.0123056028589	0.328,0.376,0.36	0.265,0.285,0.219	0.098
28618	ENSG00000197332	ZNF833P	chr19	+	11644238	11644361	11646226	11646273	11639775	11639896	11648357	11648484	28618	3,6,7	0,2,0	0,0,3	3,1,0	272	196	0.000254833290964	0.0412045828928	1.0,0.684,1.0	0.0,0.0,1.0	0.561
28778	ENSG00000184083	FAM120C	chrX	-	54085714	54085916	54087754	54087964	54081321	54081460	54091311	54091426	28778	37,52,55	37,58,54	37,23,17	74,53,49	359	351	3.54920589282e-05	0.0133773241693	0.494,0.467,0.499	0.328,0.298,0.253	0.194
28913	ENSG00000180881	CAPS2	chr12	-	75323176	75323222	75326417	75326527	75321399	75321576	75390837	75390901	28913	2,0,0	9,5,3	2,3,9	0,1,3	259	195	2.26004466253e-08	8.82256863547e-05	0.143,0.0,0.0	1.0,0.693,0.693	-0.748
28968	ENSG00000103852	TTC23	chr15	-	99245388	99245510	99249621	99249799	99228532	99228732	99251154	99251223	28968	8,21,8	3,10,4	29,18,25	3,1,1	327	271	3.88565245416e-05	0.0142522602634	0.688,0.635,0.624	0.889,0.937,0.954	-0.278
29030	ENSG00000291140	AMZ2P1	chr17	-	64973231	64973517	64973576	64973690	64972753	64972927	64974554	64974641	29030	20,13,14	242,303,242	5,3,7	253,253,209	263	435	0.000127737347102	0.0281496027977	0.12,0.066,0.087	0.032,0.019,0.052	0.057
29032	ENSG00000291140	AMZ2P1	chr17	-	64973241	64973352	64973576	64973690	64972753	64972927	64974554	64974641	29032	20,13,14	82,84,56	5,3,7	90,73,58	263	260	6.55245933999e-05	0.0203736319635	0.194,0.133,0.198	0.052,0.039,0.107	0.109
29115	ENSG00000103160	HSDL1	chr16	-	84130336	84130431	84135543	84135605	84129985	84130171	84145079	84145169	29115	33,51,49	10,9,11	26,42,32	2,1,2	211	244	5.19963761123e-05	0.0177102198974	0.792,0.868,0.837	0.938,0.98,0.949	-0.123
29475	ENSG00000257522	NA	chr14	-	29309179	29309317	29346444	29346525	29307380	29307470	29378292	29378456	29475	10,8,6	0,0,0	6,2,2	0,4,4	230	287	1.97427580745e-05	0.00906706902763	1.0,1.0,1.0	1.0,0.384,0.384	0.411
30063	ENSG00000198431	TXNRD1	chr12	+	104290992	104291104	104309758	104310099	104288930	104289040	104311289	104311412	30063	88,117,86	38,52,55	78,78,68	61,94,57	261	490	0.000177618439045	0.0336144511361	0.813,0.809,0.746	0.706,0.609,0.691	0.121
30197	ENSG00000155761	SPAG17	chr1	-	118097669	118097851	118115309	118115441	118091929	118092002	118150542	118150629	30197	4,9,4	0,1,1	7,2,5	8,2,3	281	331	2.04725565184e-05	0.00909647283613	1.0,0.914,0.825	0.508,0.541,0.663	0.342
30492	ENSG00000172661	WASHC2C	chr10	+	45784820	45784901	45785508	45785631	45784564	45784693	45787034	45787247	30492	93,141,88	27,60,33	135,116,100	13,16,25	230	272	9.35287164394e-06	0.00582760668228	0.803,0.735,0.759	0.925,0.896,0.825	-0.116
30499	ENSG00000179397	CATSPERE	chr1	+	244617528	244617686	244635488	244635542	244610239	244610326	244639927	244640360	30499	3,9,2	2,0,0	2,0,9	6,1,4	307	203	0.000127365222121	0.0281496027977	0.498,1.0,1.0	0.181,0.0,0.598	0.573
30561	ENSG00000079156	OSBPL6	chr2	+	178339671	178339764	178344285	178344360	178338990	178339094	178349223	178349389	30561	25,44,35	18,35,15	55,53,61	12,14,13	242	224	9.00432982067e-05	0.0232124827056	0.562,0.538,0.684	0.809,0.778,0.813	-0.205
30646	ENSG00000112701	SENP6	chr6	+	75634706	75634811	75640683	75640704	75621531	75621625	75647730	75647801	30646	88,104,83	54,55,43	149,128,107	35,36,24	254	170	2.27537253217e-06	0.00243830705153	0.522,0.559,0.564	0.74,0.704,0.749	-0.183
30849	ENSG00000247950	SEC24B-AS1	chr4	-	109405649	109405773	109414257	109414433	109396193	109396279	109430579	109430780	30849	11,3,4	0,0,0	3,8,5	2,2,2	325	273	0.00020116994642	0.0358761626409	1.0,1.0,1.0	0.558,0.771,0.677	0.331
30880	ENSG00000101746	NOL4	chr18	-	34019317	34019601	34093464	34093597	33958238	33958418	34104046	34104159	30880	231,132,108	900,459,363	43,149,62	415,662,455	282	433	2.64636237607e-05	0.0107932086998	0.283,0.306,0.314	0.137,0.257,0.173	0.112
31671	ENSG00000166024	R3HCC1L	chr10	+	98163292	98163397	98186466	98186563	98134623	98134706	98208100	98209899	31671	41,60,49	15,23,9	81,73,66	7,9,6	254	246	7.68638669723e-05	0.0215423797834	0.726,0.716,0.841	0.918,0.887,0.914	-0.145
31981	ENSG00000168385	SEPTIN2	chr2	+	241320202	241320287	241324408	241324662	241317498	241317599	241325992	241326113	31981	3,8,1	45,39,39	0,0,2	41,43,58	234	403	0.000123310668536	0.0279633803188	0.103,0.261,0.042	0.0,0.0,0.056	0.117
32247	ENSG00000118997	DNAH7	chr2	-	195936598	195936792	195957260	195957447	195926425	195926566	195960259	195960945	32247	19,24,7	6,0,3	10,1,6	0,0,0	336	343	0.000105364851638	0.0254796454501	0.764,1.0,0.704	1.0,1.0,1.0	-0.177
32256	ENSG00000005243	COPZ2	chr17	-	48032155	48032233	48032685	48032741	48029124	48029176	48033862	48033944	32256	1,4,2	8,5,1	0,2,0	17,9,16	205	227	0.000196950101918	0.0355238183829	0.122,0.47,0.689	0.0,0.197,0.0	0.361
32349	ENSG00000131373	HACL1	chr3	-	15582876	15582989	15589539	15589612	15573158	15573242	15596383	15596424	32349	3,3,5	2,0,0	1,1,7	11,5,1	222	262	0.000101059738977	0.024767340155	0.639,1.0,1.0	0.097,0.191,0.892	0.486
32616	ENSG00000109046	WSB1	chr17	+	27304779	27304911	27306781	27306882	27303319	27303635	27309099	27309272	32616	1898,1862,1368	272,240,182	1457,1584,1391	391,318,285	281	250	2.63964362257e-07	0.000577047213043	0.861,0.873,0.87	0.768,0.816,0.813	0.069
32754	ENSG00000185480	PARPBP	chr12	+	102148229	102148463	102153868	102153989	102123987	102124041	102165728	102165883	32754	160,196,132	9,18,3	177,118,125	21,16,23	383	270	0.000286923905928	0.0443719336419	0.926,0.885,0.969	0.856,0.839,0.793	0.097
32807	ENSG00000107566	ERLIN1	chr10	-	100178132	100178194	100179200	100179247	100175944	100176070	100183755	100183837	32807	73,94,54	28,41,20	65,47,51	56,46,34	196	211	0.000134304792436	0.0291463044653	0.737,0.712,0.744	0.555,0.524,0.618	0.165
33018	ENSG00000145740	SLC30A5	chr5	+	69118498	69118628	69121693	69121895	69117238	69117396	69123198	69123425	33018	214,181,137	302,310,237	304,249,208	265,236,242	279	351	1.03874347218e-05	0.00615054090189	0.471,0.423,0.421	0.591,0.57,0.52	-0.122
33536	ENSG00000171735	CAMTA1	chr1	+	6825091	6825210	7091303	7091371	6785453	6785575	7249490	7249626	33536	204,290,204	19,13,17	338,307,320	10,6,9	268	217	6.62112421518e-05	0.0203736319635	0.897,0.948,0.907	0.965,0.976,0.966	-0.052
33708	ENSG00000057935	MTA3	chr2	+	42695764	42695839	42697775	42697834	42659762	42659862	42704193	42704318	33708	2,3,1	28,83,53	11,4,11	44,41,33	224	208	5.81783728493e-06	0.00447825976473	0.062,0.032,0.017	0.188,0.083,0.236	-0.132
33742	ENSG00000183780	SLC35F3	chr1	+	234318750	234318943	234320097	234320187	234316601	234316727	234323007	234324511	33742	83,77,42	28,15,8	121,43,53	70,19,36	342	239	0.000188085689049	0.0347994665129	0.674,0.782,0.786	0.547,0.613,0.507	0.192
33960	ENSG00000276234	TADA2A	chr17	+	37437737	37437829	37440504	37440662	37411268	37411390	37442563	37442652	33960	1,0,2	146,174,131	6,5,10	135,126,97	241	307	4.19890041914e-06	0.00353043547241	0.009,0.0,0.019	0.054,0.048,0.116	-0.063
34209	ENSG00000146587	RBAK	chr7	+	5046254	5046396	5048032	5048091	5045820	5045958	5057294	5057421	34209	6,4,9	39,50,30	1,1,0	46,32,54	291	208	3.37796981087e-06	0.00310787527489	0.099,0.054,0.177	0.015,0.022,0.0	0.098
34547	ENSG00000148950	IMMP1L	chr11	-	31456259	31456386	31469739	31469797	31433459	31433570	31473723	31473786	34547	9,21,13	76,82,52	1,7,6	72,83,62	207	276	0.000177753355382	0.0336144511361	0.136,0.255,0.25	0.018,0.101,0.114	0.136
34550	ENSG00000148950	IMMP1L	chr11	-	31460625	31460714	31477500	31477759	31433459	31433570	31509518	31509592	34550	7,14,5	6,7,7	6,19,10	0,4,0	408	238	0.000153110438614	0.0307639400409	0.405,0.538,0.294	1.0,0.735,1.0	-0.499
34653	ENSG00000138794	CASP6	chr4	-	109696409	109696486	109698299	109698342	109694524	109694700	109703355	109703445	34653	3,6,2	90,102,89	13,14,5	84,106,60	192	226	0.000242061976951	0.0401286730289	0.038,0.065,0.026	0.154,0.135,0.089	-0.083
34863	ENSG00000224078	SNHG14	chr15	+	25217212	25217342	25218927	25218972	25213973	25214018	25222158	25222285	34863	4,1,3	7,1,2	2,5,6	0,0,0	279	194	1.44054435047e-10	1.14198561242e-06	0.284,0.41,0.511	1.0,1.0,1.0	-0.598
35070	ENSG00000267313	KC6	chr18	-	41437370	41437441	41501119	41501276	41419004	41419598	41516419	41516555	35070	79,72,75	1,13,3	34,75,69	0,0,2	306	220	9.91819008966e-05	0.0245433902593	0.983,0.799,0.947	1.0,1.0,0.961	-0.077
35082	ENSG00000267313	KC6	chr18	-	41556294	41556395	41564798	41564898	41525363	41525526	41594345	41594468	35082	0,3,0	1,5,4	5,4,0	0,0,1	249	250	6.4866037226e-06	0.00472674488863	0.0,0.376,0.0	1.0,1.0,0.0	-0.541
35237	ENSG00000198909	MAP3K3	chr17	+	63668145	63668334	63672844	63672914	63666985	63667060	63681765	63681899	35237	2,8,2	0,0,0	0,1,0	2,0,1	338	219	1.04662282053e-05	0.00615054090189	1.0,1.0,1.0	0.0,1.0,0.0	0.667
35927	ENSG00000287725	NA	chr11	+	69083944	69084016	69135434	69135532	69081399	69081499	69159445	69162440	35927	23,30,16	2,2,1	19,18,15	11,5,4	221	247	0.000147648915465	0.0303041202405	0.928,0.944,0.947	0.659,0.801,0.807	0.184
36001	ENSG00000233452	STXBP5-AS1	chr6	-	146911551	146911663	146972044	146972070	146851117	146851331	147074804	147074847	36001	4,2,3	5,2,1	2,0,0	3,5,2	175	261	0.000256425107555	0.0413396607023	0.544,0.599,0.817	0.499,0.0,0.0	0.487
36009	ENSG00000233452	STXBP5-AS1	chr6	-	146911551	146911665	146972044	146972070	146851117	146851331	147074804	147074847	36009	4,2,3	5,2,1	2,0,0	3,8,2	175	263	0.000136452550236	0.0294567027133	0.546,0.6,0.818	0.5,0.0,0.0	0.488
36371	ENSG00000145002	FAM86B2	chr8	-	12430588	12430702	12432081	12432162	12430349	12430451	12434051	12434114	36371	0,1,0	3,3,8	4,7,2	9,2,3	230	263	3.76147588288e-06	0.00322718261571	0.0,0.276,0.0	0.337,0.8,0.433	-0.431
36597	ENSG00000198870	STKLD1	chr9	+	133385616	133385691	133394290	133394409	133383855	133383900	133395599	133395763	36597	4,1,4	8,4,5	6,6,6	0,2,2	224	268	9.53618244068e-05	0.0238223685672	0.374,0.23,0.489	1.0,0.782,0.782	-0.49
36906	ENSG00000268043	NBPF12	chr1	+	146951347	146951489	146959858	146960006	146943290	146943562	146960108	146960318	36906	21,8,9	7,4,2	6,16,11	0,1,0	291	297	5.70132146815e-06	0.00445126601253	0.754,0.671,0.821	1.0,0.942,1.0	-0.232
36907	ENSG00000268043	NBPF12	chr1	+	146951347	146951489	146959858	146960006	146946554	146946607	146960108	146960318	36907	3,0,0	6,4,4	2,3,0	0,1,1	291	297	0.000164464988098	0.0319869769734	0.338,0.0,0.0	1.0,0.754,0.0	-0.472
37049	ENSG00000231204	NA	chr2	+	21951825	21951976	21970844	21970944	21951631	21951689	21975616	21975809	37049	4,10,13	3,6,3	12,12,10	0,2,0	300	249	3.38319352821e-05	0.0130210065284	0.525,0.58,0.782	1.0,0.833,1.0	-0.315
37099	ENSG00000290555	LINC00680	chr6	-	57949357	57949505	57949903	57950011	57948872	57949068	57959027	57959111	37099	49,76,41	20,21,27	65,67,53	13,9,7	257	297	0.000245992694369	0.040433301882	0.739,0.807,0.637	0.852,0.896,0.897	-0.154
37373	ENSG00000138382	METTL5	chr2	-	169812456	169812506	169819560	169819643	169811764	169811858	169821942	169822057	37373	9,16,6	0,0,1	4,8,5	1,5,1	232	199	0.000116085350667	0.0272287407067	1.0,1.0,0.837	0.774,0.578,0.811	0.225
37443	ENSG00000141837	CACNA1A	chr19	-	13317111	13317321	13330243	13330336	13312668	13312781	13332868	13332925	37443	41,26,16	125,74,72	57,40,43	77,50,84	242	359	8.53315272558e-05	0.0225291721139	0.327,0.343,0.248	0.523,0.543,0.432	-0.193
37869	ENSG00000272168	CASC15	chr6	+	22036830	22036941	22043630	22043894	22020338	22020542	22056545	22056690	37869	0,0,0	4,4,5	4,0,3	6,2,6	260	413	1.30770192428e-05	0.00714685255658	0.0,0.0,0.0	0.514,0.0,0.443	-0.319
37870	ENSG00000272168	CASC15	chr6	+	22036830	22036941	22043646	22043894	22020338	22020542	22056545	22056690	37870	0,0,0	6,5,5	4,0,3	7,4,6	260	397	2.35079128859e-05	0.00988272657723	0.0,0.0,0.0	0.466,0.0,0.433	-0.3
37992	ENSG00000139323	POC1B	chr12	-	89491935	89492115	89525119	89525204	89467616	89467685	89525880	89525993	37992	69,67,45	20,19,20	50,43,60	38,38,34	234	329	0.000182004034643	0.0340646729497	0.829,0.832,0.76	0.649,0.614,0.713	0.148
38004	ENSG00000145428	RNF175	chr4	-	153745668	153745727	153748644	153748786	153728206	153728361	153759796	153760024	38004	19,8,10	8,3,0	17,12,4	0,0,1	291	208	7.93484669946e-05	0.0219548200676	0.629,0.656,1.0	1.0,1.0,0.741	-0.152
38105	ENSG00000119242	CCDC92	chr12	-	123944668	123944740	123956283	123956444	123944271	123944364	123971739	123972090	38105	10,6,8	6,7,8	12,17,6	2,2,0	310	221	2.03272642899e-05	0.00909647283613	0.543,0.379,0.416	0.811,0.858,1.0	-0.444
38165	ENSG00000050748	MAPK9	chr5	-	180247438	180247510	180247854	180247926	180242572	180242755	180248972	180249138	38165	203,186,134	271,300,228	122,185,150	386,387,315	221	221	0.000248512639884	0.0406638107633	0.428,0.383,0.37	0.24,0.323,0.323	0.098
38191	ENSG00000136828	RALGPS1	chr9	+	126977694	126977745	127034430	127034514	126965843	126965951	127050042	127050132	38191	52,26,28	158,143,78	45,70,45	57,109,89	200	233	2.78034596725e-05	0.0112556642816	0.277,0.175,0.295	0.479,0.428,0.371	-0.177
38192	ENSG00000136828	RALGPS1	chr9	+	126977694	126977745	127034430	127034514	126965843	126965951	127052846	127052939	38192	59,21,25	20,8,12	51,70,46	4,5,11	200	233	0.000141745805318	0.0299100067654	0.775,0.754,0.708	0.937,0.942,0.83	-0.157
38194	ENSG00000136828	RALGPS1	chr9	+	126977694	126977745	127052846	127052939	126965843	126965951	127069229	127069355	38194	51,20,25	133,94,83	43,68,45	59,106,80	200	242	5.40640969187e-05	0.018016530639	0.317,0.205,0.267	0.469,0.437,0.405	-0.174
38675	ENSG00000134769	DTNA	chr18	+	34763157	34763258	34765781	34765865	34755975	34756043	34765960	34766041	38675	4,4,8	3,1,2	0,5,1	7,9,11	250	233	1.53511181772e-05	0.00791480481717	0.554,0.788,0.788	0.0,0.341,0.078	0.57
39277	ENSG00000153563	CD8A	chr2	-	86789322	86789433	86789639	86789750	86788529	86788560	86790327	86790681	39277	9,3,4	7,2,6	6,5,3	0,0,2	260	260	9.13207890207e-05	0.0234312852655	0.563,0.6,0.4	1.0,1.0,0.6	-0.346
39935	ENSG00000259153	MAP3K9-DT	chr14	+	70810746	70811062	70814226	70814359	70810080	70810291	70815110	70815391	39935	73,39,35	4,0,0	52,43,45	4,12,4	465	282	0.000117213437989	0.0273758496281	0.917,1.0,1.0	0.887,0.685,0.872	0.158
40017	ENSG00000135164	DMTF1	chr7	+	87155454	87155497	87163238	87163332	87154389	87154528	87163494	87163617	40017	0,1,0	42,60,56	6,4,3	39,43,36	192	243	9.92409112244e-06	0.00602531779122	0.0,0.021,0.0	0.163,0.105,0.095	-0.114
40199	ENSG00000291151	NSUN5P1	chr7	+	75411407	75411574	75412788	75412932	75410605	75410726	75414884	75415023	40199	5,2,2	15,14,27	0,0,0	17,18,10	316	293	0.000124613026154	0.0280261362361	0.236,0.117,0.064	0.0,0.0,0.0	0.139
40223	ENSG00000278259	MYO19	chr17	-	36509061	36509135	36512657	36512779	36507832	36507924	36513428	36513457	40223	5,12,6	58,51,54	2,2,2	70,72,64	271	223	5.21727549492e-05	0.0177102198974	0.066,0.162,0.084	0.023,0.022,0.025	0.081
40456	ENSG00000213981	NA	chr2	-	170644485	170644643	170649921	170649975	170643716	170643944	170668324	170668488	40456	4,4,0	24,9,14	0,0,1	11,20,6	203	307	0.000189920637103	0.0348306800636	0.201,0.402,0.0	0.0,0.0,0.201	0.134
40460	ENSG00000213981	NA	chr2	-	170647956	170648066	170668324	170668488	170644485	170644643	170682394	170682490	40460	12,10,26	2,0,0	6,15,10	1,7,3	313	259	3.47757409322e-05	0.0132906558981	0.832,1.0,1.0	0.832,0.639,0.734	0.209
40461	ENSG00000213981	NA	chr2	-	170649921	170649975	170668324	170668488	170643716	170643944	170682394	170682490	40461	19,11,24	2,0,1	7,15,10	2,4,6	313	203	0.000102693623773	0.0250554103859	0.86,1.0,0.94	0.694,0.709,0.519	0.293
40790	ENSG00000089022	MAPKAPK5	chr12	+	111868752	111868861	111870270	111870360	111866155	111866231	111871084	111871180	40790	95,116,82	148,181,118	83,81,52	216,198,136	258	239	0.0001610596092	0.0315618419285	0.373,0.373,0.392	0.263,0.275,0.262	0.113
40798	ENSG00000132635	PCED1A	chr20	-	2839191	2839271	2839788	2839933	2838595	2838746	2840865	2841190	40798	24,18,15	1,3,1	9,12,9	5,4,7	294	229	0.000161124092404	0.0315618419285	0.949,0.824,0.921	0.584,0.7,0.5	0.303
41108	ENSG00000295235	NA	chr3	+	162212051	162212203	162215334	162215413	162204736	162204790	162216311	162216805	41108	9,3,1	14,1,0	0,0,0	1,4,1	301	228	1.10120592467e-06	0.0014678806389	0.327,0.694,1.0	0.0,0.0,0.0	0.674
41917	ENSG00000204764	RANBP17	chr5	+	170983064	170983245	171028871	171028989	170968241	170968377	171161406	171161466	41917	18,9,6	46,43,28	19,21,19	22,28,24	330	267	0.000104962486917	0.0254796454501	0.24,0.145,0.148	0.411,0.378,0.39	-0.215
42034	ENSG00000148660	CAMK2G	chr10	-	73818208	73818267	73819531	73819617	73817478	73817554	73821681	73821730	42034	80,53,47	4,2,1	54,50,49	11,9,8	235	208	1.92978381788e-05	0.00896306641786	0.947,0.959,0.977	0.813,0.831,0.844	0.132
42051	ENSG00000103544	VPS35L	chr16	+	19573118	19573241	19575097	19575122	19569423	19569591	19579051	19579128	42051	302,353,253	93,92,59	343,352,292	64,44,53	272	174	0.000286831061347	0.0443719336419	0.675,0.711,0.733	0.774,0.837,0.779	-0.09
42101	ENSG00000105146	AURKC	chr19	+	57232541	57232680	57233459	57233608	57232032	57232224	57234883	57235058	42101	11,15,11	11,18,8	7,1,2	22,13,8	288	298	0.000177039599501	0.0336144511361	0.509,0.463,0.587	0.248,0.074,0.206	0.344
42108	ENSG00000005007	UPF1	chr19	+	18845979	18846119	18847743	18847833	18831958	18832440	18850074	18850242	42108	309,236,147	317,271,235	532,370,388	324,326,232	289	239	1.49648562556e-05	0.00786403196232	0.446,0.419,0.341	0.576,0.484,0.58	-0.145
42175	ENSG00000289177	NA	chr7	+	66863605	66863693	66877931	66878032	66858076	66858135	66878741	66878836	42175	16,9,8	1,9,2	9,5,7	0,0,1	237	250	0.000120845001851	0.0275184210048	0.944,0.513,0.808	1.0,1.0,0.881	-0.205
42332	ENSG00000215481	BCRP3	chr22	+	24633370	24633443	24635643	24635761	24632914	24633034	24644739	24644799	42332	4,0,0	1,5,3	4,2,5	3,0,0	222	267	0.000111682114938	0.0264227313662	0.828,0.0,0.0	0.616,1.0,1.0	-0.596
42372	ENSG00000150995	ITPR1	chr3	+	4494430	4494506	4516475	4516583	4493344	4493605	4521023	4521094	42372	65,66,59	65,85,60	140,36,115	72,20,69	225	257	2.20957287933e-05	0.00943418570321	0.533,0.47,0.529	0.69,0.673,0.656	-0.162
42440	ENSG00000163412	EIF4E3	chr3	-	71710411	71710484	71728475	71728623	71690009	71690165	71753462	71753624	42440	14,3,5	1,1,0	0,7,9	8,4,3	297	222	1.83962132638e-05	0.00881920918678	0.913,0.692,1.0	0.0,0.567,0.692	0.449
42529	ENSG00000227888	FAM66A	chr8	+	12438163	12438218	12438339	12438511	12436546	12436647	12440968	12441061	42529	0,0,0	15,12,13	6,1,3	16,20,19	204	321	5.26403885293e-06	0.00423073899103	0.0,0.0,0.0	0.371,0.073,0.199	-0.214
42649	ENSG00000227888	FAM66A	chr8	+	12480828	12480935	12530942	12531031	12447087	12447211	12551948	12552033	42649	0,7,1	10,5,3	0,0,0	6,8,6	256	238	0.000328841905808	0.0487042488786	0.0,0.566,0.237	0.0,0.0,0.0	0.268
42841	ENSG00000144214	LYG1	chr2	-	99298458	99298549	99301049	99301140	99295627	99295702	99304639	99304742	42841	0,0,0	4,7,13	5,3,0	2,4,4	240	240	1.79071332818e-05	0.00872334568581	0.0,0.0,0.0	0.714,0.429,0.0	-0.381
42981	ENSG00000172965	MIR4435-2HG	chr2	-	111208487	111208661	111233681	111233739	111196998	111197194	111248147	111248241	42981	7,4,0	21,33,34	0,1,0	27,39,52	207	323	3.57611451463e-05	0.0133864253735	0.342,0.159,0.0	0.0,0.038,0.0	0.154
43091	ENSG00000130997	POLN	chr4	-	2176265	2176334	2193203	2193316	2174690	2174751	2198523	2198717	43091	2,1,3	2,0,1	0,1,0	3,0,2	262	218	0.000100339425003	0.0247015777264	0.454,1.0,0.714	0.0,1.0,0.0	0.389
43116	ENSG00000223891	OSER1-DT	chr20	+	44217366	44217682	44223718	44223872	44214887	44215003	44224820	44226027	43116	14,12,13	6,1,1	22,27,7	0,1,0	465	303	8.02682037153e-05	0.0220443109018	0.603,0.887,0.894	1.0,0.946,1.0	-0.187
43794	ENSG00000089505	CMTM1	chr16	+	66571136	66571270	66577103	66577202	66569935	66570094	66578830	66579135	43794	2,5,3	4,12,8	0,0,0	8,8,6	283	248	3.67887937935e-06	0.00322718261571	0.305,0.267,0.247	0.0,0.0,0.0	0.273
43922	ENSG00000164068	RNF123	chr3	+	49706790	49706898	49712478	49712892	49705981	49706065	49713512	49713587	43922	127,125,110	77,87,56	185,145,131	61,47,50	257	563	0.000138519589353	0.0294567027133	0.783,0.759,0.811	0.869,0.871,0.852	-0.08
44166	ENSG00000291041	NA	chr13	-	24937576	24937770	24943492	24943687	24925847	24925894	24951396	24951488	44166	3,2,1	0,0,3	1,0,2	3,5,3	344	343	0.00014827655307	0.0303041202405	1.0,1.0,0.249	0.249,0.0,0.399	0.534
44604	ENSG00000119969	HELLS	chr10	+	94576661	94576709	94581325	94581522	94574553	94574736	94582962	94583059	44604	87,111,97	105,165,132	63,58,54	149,180,103	197	346	0.000192785819609	0.035160328623	0.593,0.542,0.563	0.426,0.361,0.479	0.144
44672	ENSG00000173905	GOLIM4	chr3	-	168036835	168036994	168040785	168040869	168032519	168032852	168041391	168041474	44672	88,130,65	707,870,706	147,123,126	856,689,589	233	308	0.000296405651719	0.0453758030189	0.141,0.165,0.108	0.185,0.191,0.22	-0.061
45051	ENSG00000223482	NUTM2A-AS1	chr10	-	87289157	87289296	87324091	87324145	87288441	87288495	87326629	87326672	45051	0,0,0	2,3,5	2,0,2	0,3,0	203	288	1.41581710381e-05	0.00751235304441	0.0,0.0,0.0	1.0,0.0,1.0	-0.667
45625	ENSG00000139974	SLC38A6	chr14	+	61037624	61037683	61043146	61043212	61030444	61030519	61043449	61043503	45625	6,2,3	18,35,18	0,1,0	15,21,18	208	215	0.000110718511341	0.0263730826501	0.256,0.056,0.147	0.0,0.047,0.0	0.137
46177	ENSG00000063601	MTMR1	chrX	+	150712341	150712365	150714478	150714529	150699194	150699300	150718624	150718700	46177	0,1,0	28,29,25	6,3,0	22,33,13	173	200	0.000304582848623	0.0461109746342	0.0,0.038,0.0	0.24,0.095,0.0	-0.099
46835	ENSG00000119487	MAPKAP1	chr9	-	125559632	125559809	125657650	125657799	125484442	125484583	125706970	125707234	46835	44,82,43	74,109,70	41,41,34	118,97,106	298	326	0.000264195336684	0.0420687430008	0.394,0.451,0.402	0.275,0.316,0.26	0.132
46990	ENSG00000271848	SYNPO2L-AS1	chr10	+	73653958	73654306	73667406	73667597	73647558	73647677	73667725	73668361	46990	15,10,13	7,0,1	10,10,8	0,0,0	497	340	0.000151139289425	0.0306658854792	0.594,1.0,0.899	1.0,1.0,1.0	-0.169
47840	ENSG00000179698	WDR97	chr8	+	144114748	144114911	144115340	144115858	144113976	144114675	144115942	144116013	47840	6,2,1	19,26,11	0,1,0	18,26,10	312	667	4.73766856939e-05	0.0165178525933	0.403,0.141,0.163	0.0,0.076,0.0	0.21
48058	ENSG00000119688	ABCD4	chr14	-	74292747	74292869	74299547	74299675	74292286	74292376	74302874	74302969	48058	38,66,41	1,5,1	57,47,37	15,3,10	277	271	0.000203150615707	0.0358761626409	0.974,0.928,0.976	0.788,0.939,0.784	0.122
48171	ENSG00000079819	EPB41L2	chr6	-	130878103	130878250	130880143	130880206	130867458	130867581	130885095	130885268	48171	51,71,56	33,52,42	114,40,82	44,18,15	212	296	0.000142993993953	0.0299421753162	0.683,0.656,0.651	0.783,0.756,0.884	-0.144
48178	ENSG00000101181	MTG2	chr20	+	62195801	62195949	62197851	62197967	62183027	62183057	62198633	62198852	48178	19,15,23	201,188,100	5,1,12	146,168,130	297	265	4.74511977082e-05	0.0165178525933	0.078,0.066,0.17	0.03,0.005,0.076	0.068
48196	ENSG00000138002	IFT172	chr2	-	27484226	27484266	27485359	27485503	27483871	27483937	27489614	27489678	48196	87,110,70	37,33,24	111,107,85	18,17,12	293	189	6.70785803587e-05	0.0203736319635	0.603,0.683,0.653	0.799,0.802,0.82	-0.161
48960	ENSG00000140386	SCAPER	chr15	-	76841733	76841931	76857808	76857879	76804532	76804633	76883811	76883876	48960	0,5,3	159,152,127	8,9,5	80,138,79	220	347	0.00018748171317	0.0347994665129	0.0,0.049,0.036	0.136,0.093,0.091	-0.078
49162	ENSG00000225880	LINC00115	chr1	-	808573	808623	810066	810170	805798	805891	827483	827525	49162	4,2,4	14,10,7	0,0,0	3,9,12	253	199	8.65635482161e-06	0.00563198932989	0.183,0.136,0.31	0.0,0.0,0.0	0.21
49199	ENSG00000276087	NA	chr2	+	24177801	24177870	24183284	24183372	24164197	24164335	24183494	24183645	49199	5,2,3	13,13,9	0,1,1	12,22,6	218	237	0.000259736401652	0.0416667597519	0.295,0.143,0.266	0.0,0.047,0.153	0.168
49274	ENSG00000189144	ZNF573	chr19	-	37758475	37758596	37759046	37759139	37755200	37755261	37770004	37770097	49274	16,10,4	1,0,1	2,5,3	4,5,0	242	270	0.000231808570488	0.0389809292133	0.947,1.0,0.817	0.358,0.527,1.0	0.293
49373	ENSG00000234456	MAGI2-AS3	chr7	+	79459406	79459453	79469431	79469446	79458846	79458999	79470593	79470679	49373	11,5,3	8,0,3	4,3,4	0,1,0	196	164	0.000134393411499	0.0291463044653	0.535,1.0,0.456	1.0,0.715,1.0	-0.241
49607	ENSG00000198478	SH3BGRL2	chr6	+	79541516	79541652	79626420	79626532	79538727	79538843	79673613	79673799	49607	7,20,23	10,2,2	37,21,19	2,0,0	285	261	8.08096168927e-05	0.0220820359121	0.391,0.902,0.913	0.944,1.0,1.0	-0.246
49734	ENSG00000261008	LINC01572	chr16	-	72479682	72479790	72555264	72555326	72427389	72427457	72570434	72570515	49734	0,0,6	5,4,3	3,4,2	1,0,0	211	257	1.90123532584e-07	0.000432942970949	0.0,0.0,0.709	0.785,1.0,1.0	-0.692
49735	ENSG00000261008	LINC01572	chr16	-	72479682	72479790	72555264	72555326	72427389	72427457	72570450	72570515	49735	5,5,5	5,4,1	1,6,1	1,0,0	211	257	0.000193648154057	0.035160328623	0.549,0.604,0.859	0.549,1.0,1.0	-0.179
50634	ENSG00000259495	ARNT2-DT	chr15	-	80362374	80362510	80380063	80380153	80347698	80347784	80397943	80398006	50634	6,4,5	5,6,9	6,9,7	2,1,1	239	285	6.70743584958e-05	0.0203736319635	0.589,0.443,0.398	0.782,0.915,0.893	-0.387
50638	ENSG00000259495	ARNT2-DT	chr15	-	80362374	80362510	80402130	80402232	80347698	80347784	80403501	80403585	50638	3,2,0	4,9,9	4,2,5	3,1,1	251	285	0.000308113901519	0.0465166876956	0.46,0.201,0.0	0.602,0.694,0.85	-0.495
50642	ENSG00000259495	ARNT2-DT	chr15	-	80362374	80362513	80397943	80398006	80347698	80347784	80403501	80403585	50642	5,11,9	6,6,9	7,11,9	0,2,1	212	288	1.26075474876e-05	0.00708419676015	0.531,0.714,0.576	1.0,0.882,0.924	-0.328
50643	ENSG00000259495	ARNT2-DT	chr15	-	80362374	80362513	80402130	80402232	80347698	80347784	80403501	80403585	50643	3,2,0	6,6,9	4,2,5	0,2,1	251	288	1.122909968e-05	0.00651444494253	0.365,0.277,0.0	1.0,0.534,0.852	-0.581
51224	ENSG00000127948	POR	chr7	+	75915660	75915767	75946771	75947244	75915156	75915179	75953988	75954180	51224	3,7,0	16,18,13	0,0,0	25,23,20	256	622	2.3547879372e-06	0.002474882122	0.313,0.486,0.0	0.0,0.0,0.0	0.266
51701	ENSG00000153904	DDAH1	chr1	-	85324739	85324883	85358747	85358847	85318480	85321568	85496165	85496281	51701	158,76,73	1264,937,655	225,322,227	1228,1518,1300	249	293	6.8437677081e-08	0.000201553591646	0.128,0.087,0.116	0.177,0.2,0.17	-0.072
51702	ENSG00000153904	DDAH1	chr1	-	85324739	85324883	85358747	85358847	85318484	85321568	85464742	85465159	51702	588,454,342	1265,939,655	408,579,387	1230,1521,1299	249	293	6.83010131466e-05	0.0203736319635	0.354,0.363,0.381	0.281,0.309,0.26	0.083
51710	ENSG00000153904	DDAH1	chr1	-	85351505	85351579	85358747	85358847	85350414	85350534	85464742	85465159	51710	588,454,342	583,461,277	409,579,386	599,678,558	249	223	0.000227010303646	0.0386497417908	0.475,0.469,0.525	0.379,0.433,0.383	0.091
51711	ENSG00000153904	DDAH1	chr1	-	85351505	85351579	85358747	85358847	85350414	85350534	85496165	85496281	51711	158,76,73	584,461,277	228,322,226	599,676,561	249	223	7.00709624768e-08	0.000201553591646	0.195,0.129,0.191	0.254,0.299,0.265	-0.101
51713	ENSG00000153904	DDAH1	chr1	-	85358747	85358847	85496165	85496281	85351505	85351579	85577983	85578363	51713	361,178,154	678,438,330	486,564,503	632,793,627	265	249	1.75081266263e-06	0.00212634252529	0.333,0.276,0.305	0.419,0.401,0.43	-0.112
52213	ENSG00000226067	LINC00623	chr1	+	120914357	120914412	120927790	120927950	120913320	120913450	120969118	120969354	52213	1,0,0	4,8,2	8,2,0	3,0,7	204	309	4.22645200059e-05	0.0150140693166	0.275,0.0,0.0	0.802,1.0,0.0	-0.509
52735	ENSG00000221955	SLC12A8	chr3	-	125110188	125110335	125118768	125118856	125107480	125107631	125120598	125120686	52735	64,52,43	7,10,4	89,38,24	2,0,2	237	296	8.52618563251e-05	0.0225291721139	0.919,0.867,0.931	0.982,1.0,0.937	-0.067
52762	ENSG00000123815	COQ8B	chr19	-	40710058	40710136	40714277	40714397	40703540	40703622	40716586	40716882	52762	24,12,10	4,3,6	6,14,13	1,0,1	269	227	0.000203980589543	0.0358761626409	0.835,0.771,0.584	0.835,1.0,0.916	-0.187
53183	ENSG00000167207	NOD2	chr16	+	50716890	50716974	50719924	50720008	50716586	50716670	50722621	50722705	53183	0,1,0	1,2,6	3,0,4	4,1,6	233	233	8.37334020931e-05	0.0224323426039	0.0,0.333,0.0	0.429,0.0,0.4	-0.165
53206	ENSG00000166676	TVP23A	chr16	-	10800296	10800338	10808536	10808606	10775013	10775096	10818102	10818182	53206	3,3,2	1,6,3	17,13,6	0,4,0	219	191	0.000233306616269	0.039112494455	0.723,0.304,0.368	1.0,0.739,1.0	-0.448
53360	ENSG00000116754	SRSF11	chr1	+	70230556	70230618	70231094	70231203	70228421	70228555	70232267	70232377	53360	0,0,1	9,15,5	4,4,5	19,10,8	211	258	8.00462670536e-06	0.00531465208746	0.0,0.0,0.196	0.205,0.328,0.433	-0.257
53431	ENSG00000176225	RTTN	chr18	-	70109497	70109717	70121555	70121700	70092675	70092804	70134472	70134541	53431	13,14,11	81,82,94	2,2,5	88,79,87	294	369	9.24010016756e-06	0.00582760668228	0.168,0.176,0.128	0.028,0.031,0.067	0.115
53821	ENSG00000140451	PIF1	chr15	-	64819846	64819986	64820981	64821088	64818256	64818344	64821166	64821281	53821	32,35,37	0,1,0	33,20,22	2,3,6	256	289	5.86678899089e-05	0.0188707897716	1.0,0.975,1.0	0.949,0.883,0.805	0.113
53892	ENSG00000151292	CSNK1G3	chr5	+	123557494	123557564	123573392	123573541	123512259	123512570	123588067	123588153	53892	0,1,0	8,1,1	2,5,4	9,1,4	219	298	4.60484804186e-05	0.0162363971086	0.0,0.576,0.0	0.232,0.872,0.576	-0.368
54011	ENSG00000291147	NA	chr2	+	242130654	242130812	242138783	242138888	242122286	242122455	242159348	242159498	54011	2,0,9	49,30,26	0,0,0	18,27,49	307	254	0.000299746708528	0.0457299956892	0.033,0.0,0.223	0.0,0.0,0.0	0.085
54240	ENSG00000260456	C16orf95	chr16	-	87310296	87310333	87311149	87311296	87305718	87305905	87314970	87315096	54240	8,4,1	3,2,2	1,4,4	0,0,0	296	186	8.52424419717e-07	0.00121755574957	0.626,0.557,0.239	1.0,1.0,1.0	-0.526
54674	ENSG00000170113	NIPA1	chr15	+	22813632	22813714	22819287	22819416	22812162	22812253	22820312	22820473	54674	0,2,0	2,3,5	4,2,1	1,2,1	231	278	7.78229216344e-05	0.0216998893529	0.0,0.445,0.0	0.828,0.546,0.546	-0.492
54691	ENSG00000163006	CCDC138	chr2	+	108804891	108805008	108812630	108812708	108798427	108798586	108812819	108812927	54691	5,6,4	93,129,77	25,12,20	89,84,54	266	227	1.99750964658e-08	8.45025535188e-05	0.044,0.038,0.042	0.193,0.109,0.24	-0.139
55079	ENSG00000106723	SPIN1	chr9	+	88415606	88415699	88418777	88418951	88388430	88388538	88426381	88426591	55079	17,23,12	90,117,61	2,4,8	74,93,82	242	323	1.1323872311e-05	0.00651444494253	0.201,0.208,0.208	0.035,0.054,0.115	0.138
55415	ENSG00000152457	DCLRE1C	chr10	-	14922980	14923069	14928015	14928152	14919737	14919832	14932853	14932955	55415	39,35,24	24,28,22	61,43,56	12,15,21	286	238	0.000203984957428	0.0358761626409	0.575,0.51,0.476	0.809,0.705,0.689	-0.214
56839	ENSG00000169057	MECP2	chrX	-	154056940	154057254	154058398	154058566	154032206	154032557	154092183	154092307	56839	12,9,6	69,51,55	0,2,1	36,38,52	317	463	3.13797893081e-06	0.00306244329512	0.203,0.205,0.137	0.0,0.071,0.027	0.149
56958	ENSG00000249715	FER1L5	chr2	+	96651891	96652020	96653639	96653702	96650179	96650289	96654445	96654496	56958	6,8,9	3,8,2	6,9,8	1,0,1	278	212	6.9711431918e-05	0.0203736319635	0.604,0.433,0.774	0.821,1.0,0.859	-0.29
56978	ENSG00000175354	PTPN2	chr18	-	12819213	12819282	12821335	12821425	12817155	12817365	12825809	12825944	56978	1,7,9	12,5,17	1,0,0	6,1,5	239	218	5.76148169619e-05	0.0188548800994	0.071,0.561,0.326	0.132,0.0,0.0	0.275
57217	ENSG00000118473	SGIP1	chr1	+	66690189	66690316	66695433	66695493	66689147	66689275	66719293	66719405	57217	137,107,95	45,36,22	112,168,153	16,28,19	276	209	0.000118132298226	0.0274730483517	0.697,0.692,0.766	0.841,0.82,0.859	-0.122
57323	ENSG00000130779	CLIP1	chr12	-	122352725	122352786	122354452	122354556	122347374	122347479	122355114	122355312	57323	235,294,227	95,132,101	302,260,273	59,68,71	253	210	3.77917893957e-06	0.00322718261571	0.672,0.649,0.651	0.809,0.76,0.761	-0.119
57591	ENSG00000291003	NA	chr15	+	22523346	22523478	22534067	22534243	22495569	22495672	22537437	22537608	57591	18,20,18	265,232,182	6,12,4	237,254,187	281	325	0.000145239107411	0.0300666958266	0.073,0.091,0.103	0.028,0.052,0.024	0.054
57592	ENSG00000291003	NA	chr15	+	22523346	22523478	22534067	22534243	22523041	22523201	22537437	22537608	57592	13,20,14	257,223,181	5,5,5	229,252,178	281	325	3.53388750162e-05	0.0133773241693	0.055,0.094,0.082	0.025,0.022,0.031	0.051
57659	ENSG00000170325	PRDM10	chr11	-	129942425	129942629	129947144	129947370	129937597	129937670	129955511	129955571	57659	126,124,98	188,205,163	101,150,125	103,140,101	375	353	1.6647791256e-05	0.00837047778763	0.387,0.363,0.361	0.48,0.502,0.538	-0.136
58094	ENSG00000164733	CTSB	chr8	-	11854679	11854914	11857857	11857940	11853328	11853479	11864375	11864463	58094	1,3,2	1,1,6	6,5,5	0,0,0	232	384	7.76679588377e-06	0.00531465208746	0.623,0.832,0.356	1.0,1.0,1.0	-0.396
58097	ENSG00000164733	CTSB	chr8	-	11854679	11854914	11862344	11862478	11853328	11853479	11864375	11864463	58097	5,2,1	1,1,6	14,1,3	0,0,0	283	384	9.36950334633e-05	0.0238168417155	0.872,0.731,0.184	1.0,1.0,1.0	-0.404
58259	ENSG00000226328	NUP50-DT	chr22	-	45152404	45152449	45158059	45158185	45138823	45138916	45163666	45163862	58259	15,6,14	0,0,0	10,13,19	4,3,4	275	194	6.11209875934e-07	0.00100629768013	1.0,1.0,1.0	0.638,0.754,0.77	0.279
58299	ENSG00000259673	IQCH-AS1	chr15	-	67459691	67459975	67466493	67466711	67430320	67430400	67518999	67519102	58299	0,0,2	11,1,12	4,1,4	2,4,8	367	433	0.0001273827453	0.0281496027977	0.0,0.0,0.164	0.702,0.228,0.371	-0.379
58435	ENSG00000125462	MIR9-1HG	chr1	-	156407841	156407975	156416768	156416864	156404251	156404601	156426797	156426872	58435	8,5,3	47,5,16	0,0,0	2,23,6	245	283	1.38281664486e-06	0.00175752779709	0.164,0.536,0.178	0.0,0.0,0.0	0.293
59221	ENSG00000236548	RNF217-AS1	chr6	-	124648252	124648656	124682870	124683022	124644580	124645417	124786459	124786530	59221	2,1,2	0,0,0	1,0,0	3,2,2	301	553	4.58323379249e-11	6.26207233068e-07	1.0,1.0,1.0	0.38,0.0,0.0	0.873
59336	ENSG00000188517	COL25A1	chr4	-	108819251	108819329	108819811	108819898	108817396	108817435	108824173	108824227	59336	91,47,30	28,12,5	97,99,142	5,15,14	236	227	0.000267597383247	0.0422680121076	0.758,0.79,0.852	0.949,0.864,0.907	-0.107
59678	ENSG00000100412	ACO2	chr22	+	41517942	41518572	41520170	41520276	41517526	41517631	41523204	41523278	59678	33,77,39	10,2,2	58,54,49	1,1,0	779	255	6.55720740935e-05	0.0203736319635	0.519,0.926,0.865	0.95,0.946,1.0	-0.195
59966	ENSG00000125846	ZNF133	chr20	+	18289898	18290074	18297984	18298062	18288282	18288604	18305007	18305178	59966	12,5,10	14,5,9	11,15,25	0,7,1	325	227	4.85203935312e-05	0.0166775883476	0.374,0.411,0.437	1.0,0.599,0.946	-0.441
59977	ENSG00000125846	ZNF133	chr20	+	18305007	18305178	18305667	18305807	18297984	18298062	18306297	18306393	59977	23,18,15	94,97,72	1,10,0	73,81,58	320	289	1.67542769103e-06	0.00208103350387	0.181,0.144,0.158	0.012,0.1,0.0	0.124
59978	ENSG00000125846	ZNF133	chr20	+	18305007	18305178	18305680	18305807	18297984	18298062	18306297	18306393	59978	23,18,15	91,94,70	1,10,0	74,76,65	320	276	8.68855197123e-07	0.00121755574957	0.179,0.142,0.156	0.012,0.102,0.0	0.121
60042	ENSG00000127328	RAB3IP	chr12	+	69800208	69800332	69801608	69801721	69795140	69795344	69812963	69813033	60042	161,157,103	19,28,12	240,153,170	4,2,7	273	262	6.52563558745e-11	7.13278072251e-07	0.89,0.843,0.892	0.983,0.987,0.959	-0.101
60044	ENSG00000127328	RAB3IP	chr12	+	69800208	69800337	69801608	69801721	69795140	69795344	69812963	69813033	60044	167,172,112	19,28,12	245,161,176	4,2,7	278	262	1.46269107937e-10	1.14198561242e-06	0.892,0.853,0.898	0.983,0.987,0.96	-0.096
60046	ENSG00000127328	RAB3IP	chr12	+	69801608	69801721	69812777	69812877	69795140	69795344	69812963	69813033	60046	19,28,12	154,183,127	4,2,7	208,148,140	262	249	1.08296380752e-08	5.44654514763e-05	0.105,0.127,0.082	0.018,0.013,0.045	0.079
60059	ENSG00000178694	NSUN3	chr3	+	94084354	94084450	94094139	94094294	94064436	94064546	94095032	94095094	60059	13,5,8	86,91,80	1,0,6	126,121,85	245	304	2.0919364722e-05	0.00914628096629	0.158,0.064,0.11	0.01,0.0,0.081	0.08
60091	ENSG00000099330	OCEL1	chr19	+	17226692	17226869	17226993	17227199	17226224	17226316	17228255	17228309	60091	62,45,31	79,63,64	117,97,89	91,86,65	326	355	0.000259978867661	0.0416667597519	0.461,0.438,0.345	0.583,0.551,0.599	-0.163
61061	ENSG00000285090	NA	chr7	-	94380306	94380385	94390627	94390746	94279328	94279390	94391404	94391533	61061	1,7,3	7,4,1	9,1,6	0,0,0	268	228	2.01005122547e-08	8.45025535188e-05	0.108,0.598,0.718	1.0,1.0,1.0	-0.525
61107	ENSG00000031823	RANBP3	chr19	-	5965732	5965922	5976380	5976574	5957917	5957973	5978060	5978093	61107	7,12,3	0,0,1	3,7,3	6,2,1	343	339	2.03812331881e-05	0.00909647283613	1.0,1.0,0.748	0.331,0.776,0.748	0.298
61285	ENSG00000147862	NFIB	chr9	-	14112998	14113081	14116207	14116346	14102421	14102510	14120439	14120624	61285	12,5,5	0,0,1	9,20,11	4,4,3	288	232	7.57776733347e-05	0.0213474299128	1.0,1.0,0.801	0.644,0.801,0.747	0.203
