36	ENSG00000128908	INO80	chr15	-	41016087	41016215	41020899	41021125	41005592	41005687	41027595	41027736	36	4,6,17,10	0,5,2,5	1,1,9,3	7,6,11,2	325	227	0.000629956121405	0.0232231192725	1.0,0.456,0.856,0.583	0.091,0.104,0.364,0.512	0.456
231	ENSG00000217555	CKLF	chr16	+	66558189	66558348	66563121	66563217	66552568	66552793	66565885	66566072	231	3,0,7,4	3,8,40,10	7,1,48,7	2,1,59,2	258	195	0.000387613507481	0.0164902483759	0.43,0.0,0.117,0.232	0.726,0.43,0.381,0.726	-0.371
321	ENSG00000273217	NA	chr5	-	131442348	131442537	131446482	131446703	131439580	131439715	131453053	131453177	321	60,185,82,156	154,271,179,190	98,234,192,117	90,161,115,135	320	288	4.23848763353e-06	0.000602356662817	0.26,0.381,0.292,0.425	0.495,0.567,0.6,0.438	-0.185
370	ENSG00000107077	KDM4C	chr9	+	6805598	6805774	6814630	6814745	6792971	6793132	6849506	6849700	370	13,24,10,13	18,54,11,27	11,15,45,24	7,17,23,20	275	214	0.000940579481815	0.0300433954354	0.36,0.257,0.414,0.273	0.55,0.407,0.604,0.483	-0.185
376	ENSG00000143363	PRUNE1	chr1	+	151018466	151018669	151025514	151025673	151017811	151017904	151027232	151027327	376	6,12,38,6	25,14,104,18	4,0,1,4	21,21,15,23	302	258	0.000144855975357	0.00816354996753	0.17,0.423,0.238,0.222	0.14,0.0,0.054,0.129	0.182
378	ENSG00000143363	PRUNE1	chr1	+	151018556	151018669	151025514	151025673	151017811	151017904	151027232	151027327	378	2,10,19,0	25,14,104,18	2,0,0,2	21,21,15,23	212	258	0.000385152850933	0.0164902483759	0.089,0.465,0.182,0.0	0.104,0.0,0.0,0.096	0.134
477	ENSG00000114062	UBE3A	chr15	-	25407066	25407212	25408619	25408684	25405460	25405502	25409087	25409207	477	0,1,0,1	13,44,14,37	4,11,0,3	15,33,26,41	164	245	3.86648894091e-06	0.000565892396337	0.0,0.033,0.0,0.039	0.285,0.332,0.0,0.099	-0.161
478	ENSG00000114062	UBE3A	chr15	-	25407066	25407262	25408619	25408684	25405460	25405502	25409087	25409207	478	0,1,0,1	28,58,24,61	4,11,0,3	35,42,30,60	164	295	2.73410111618e-06	0.000446843259088	0.0,0.03,0.0,0.029	0.171,0.32,0.0,0.083	-0.129
527	ENSG00000196876	SCN8A	chr12	+	51774188	51774362	51780201	51780271	51770528	51770683	51786541	51786826	527	26,37,49,35	0,0,0,0	26,48,27,49	10,2,1,6	273	169	5.05306340104e-08	2.25228816866e-05	1.0,1.0,1.0,1.0	0.617,0.937,0.944,0.835	0.167
529	ENSG00000196876	SCN8A	chr12	+	51780201	51780271	51780648	51780771	51770528	51770683	51786541	51786826	529	0,0,0,0	36,37,51,49	10,2,1,6	29,38,15,40	169	222	5.94252957953e-09	4.85603708807e-06	0.0,0.0,0.0,0.0	0.312,0.065,0.081,0.165	-0.156
530	ENSG00000196876	SCN8A	chr12	+	51780201	51780271	51780648	51780771	51774188	51774362	51786541	51786826	530	2,0,0,0	63,48,66,77	10,2,1,11	50,58,22,55	169	222	8.06999644887e-09	6.08726039828e-06	0.04,0.0,0.0,0.0	0.208,0.043,0.056,0.208	-0.119
754	ENSG00000115295	CLIP4	chr2	+	29160332	29160467	29163830	29163954	29157203	29157347	29167475	29167540	754	5,12,67,25	26,25,97,58	8,4,7,3	24,7,63,48	234	223	0.0016536091754	0.0450850769219	0.155,0.314,0.397,0.291	0.241,0.353,0.096,0.056	0.103
832	ENSG00000141627	DYM	chr18	-	49118743	49118926	49163684	49163787	49097401	49097515	49209550	49209715	832	5,28,65,18	3,6,2,10	14,15,9,12	5,12,5,17	202	282	0.00101159079476	0.0315050107291	0.699,0.867,0.978,0.715	0.796,0.636,0.715,0.496	0.154
833	ENSG00000141627	DYM	chr18	-	49118743	49118926	49163684	49163787	49097401	49097515	49257009	49257104	833	41,17,46,62	3,7,2,9	24,24,13,47	7,12,5,17	202	282	0.000378506598292	0.0162791039599	0.95,0.772,0.97,0.906	0.827,0.736,0.784,0.794	0.114
851	ENSG00000198612	COPS8	chr2	+	237089861	237089994	237094089	237094197	237088604	237088653	237095821	237095884	851	4,11,10,6	17,28,80,20	16,16,18,12	21,32,36,30	232	207	0.00136511771685	0.0393716009748	0.174,0.26,0.1,0.211	0.405,0.308,0.308,0.263	-0.135
852	ENSG00000111834	RSPH4A	chr6	+	116627628	116628369	116629566	116629702	116622767	116623002	116630434	116630552	852	3,17,32,14	0,0,1,0	5,3,1,6	0,2,6,0	840	235	0.000182172513785	0.00965230141725	1.0,1.0,0.9,1.0	1.0,0.296,0.045,1.0	0.39
882	ENSG00000078328	RBFOX1	chr16	+	5467215	5467254	5598901	5598961	5239801	5240105	5867302	5867335	882	2,4,12,3	8,28,60,23	0,0,1,1	14,9,20,6	138	159	1.70553887197e-05	0.00174064853375	0.224,0.141,0.187,0.131	0.0,0.0,0.054,0.161	0.117
884	ENSG00000078328	RBFOX1	chr16	+	6775732	6776011	6876661	6876743	6654602	6654650	7052056	7052098	884	9,8,15,14	8,6,0,2	10,20,11,11	0,1,0,0	378	181	4.83641574345e-07	0.000131738591056	0.35,0.39,1.0,0.77	1.0,0.905,1.0,1.0	-0.349
909	ENSG00000080845	DLGAP4	chr20	+	36499241	36499321	36499587	36499676	36496704	36497066	36500198	36500611	909	36,79,77,37	25,66,98,17	60,98,84,44	9,15,38,8	179	188	2.12772258368e-07	7.25714468658e-05	0.602,0.557,0.452,0.696	0.875,0.873,0.699,0.852	-0.248
933	ENSG00000067715	SYT1	chr12	+	79103013	79103055	79182378	79182572	79047296	79047362	79217502	79217685	933	3,2,0,1	8,0,2,5	0,0,0,0	1,1,6,5	141	293	0.00108906700125	0.0334777147782	0.438,1.0,0.0,0.294	0.0,0.0,0.0,0.0	0.433
935	ENSG00000067715	SYT1	chr12	+	79125794	79125869	79182378	79182572	79047296	79047362	79217502	79217685	935	0,1,6,3	8,0,2,5	0,0,0,0	1,1,6,5	174	293	3.68762294645e-06	0.000556320470968	0.0,1.0,0.835,0.503	0.0,0.0,0.0,0.0	0.585
938	ENSG00000162408	NOL9	chr1	-	6541829	6541927	6549570	6549698	6533279	6533441	6550395	6550615	938	4,13,14,12	22,26,36,28	7,25,24,11	5,23,20,18	227	197	0.000646468949539	0.0232679933054	0.136,0.303,0.252,0.271	0.549,0.485,0.51,0.347	-0.232
1008	ENSG00000250241	PCDH10-DT	chr4	-	133115495	133115646	133116368	133116511	133110785	133110910	133138959	133139033	1008	2,4,7,1	0,3,5,4	0,1,0,2	2,5,2,4	242	250	9.89850107634e-05	0.00630290269835	1.0,0.579,0.591,0.205	0.0,0.171,0.0,0.341	0.466
1009	ENSG00000250241	PCDH10-DT	chr4	-	133115495	133115703	133116368	133116511	133096735	133096883	133138959	133139033	1009	2,4,7,1	1,7,25,17	0,1,0,2	1,11,6,8	242	307	0.000746765165177	0.0256041231109	0.717,0.42,0.262,0.069	0.0,0.103,0.0,0.241	0.281
1010	ENSG00000250241	PCDH10-DT	chr4	-	133115495	133115703	133116368	133116511	133110785	133110910	133138959	133139033	1010	2,4,7,1	0,7,5,5	0,1,0,2	2,7,2,6	242	307	0.000120960609778	0.00727693091707	1.0,0.42,0.64,0.202	0.0,0.153,0.0,0.297	0.453
1013	ENSG00000250241	PCDH10-DT	chr4	-	133142605	133142782	133145603	133145745	133139825	133139881	133147198	133147276	1013	52,114,147,75	7,21,21,20	24,45,57,66	3,2,4,6	241	276	0.000779350954821	0.0265358175798	0.895,0.861,0.889,0.811	0.902,0.963,0.942,0.926	-0.069
1049	ENSG00000291129	PPIEL	chr1	-	39523561	39523697	39523806	39523936	39522279	39522505	39529054	39529164	1049	1,2,0,0	14,68,1,5	4,7,2,5	2,59,25,17	229	235	3.86666793331e-05	0.00312718405805	0.068,0.029,0.0,0.0	0.672,0.109,0.076,0.232	-0.248
1119	ENSG00000179406	LINC00174	chr7	-	66455658	66455853	66467681	66467719	66450070	66450236	66476258	66476327	1119	1,1,0,3	0,1,4,0	0,0,0,0	1,2,4,3	137	294	4.47395612646e-06	0.000626737339658	1.0,0.682,0.0,1.0	0.0,0.0,0.0,0.0	0.67
1174	ENSG00000137872	SEMA6D	chr15	+	47241239	47241370	47412392	47412472	47184100	47184418	47470473	47470545	1174	2,0,0,5	4,5,45,7	2,3,9,5	1,12,1,9	230	179	0.00123652536536	0.0366325309146	0.28,0.0,0.0,0.357	0.609,0.163,0.875,0.302	-0.328
1296	ENSG00000090612	ZNF268	chr12	+	133187871	133188072	133191488	133191615	133181945	133182030	133191907	133192003	1296	0,7,100,8	3,3,12,3	0,4,0,1	3,1,8,10	300	226	0.000393597766655	0.0165942396698	0.0,0.637,0.863,0.668	0.0,0.751,0.0,0.07	0.337
1329	ENSG00000170919	TPT1-AS1	chr13	+	45378529	45378671	45379194	45379335	45377060	45377215	45379925	45380001	1329	0,6,0,2	3,1,1,2	1,2,8,1	0,1,0,0	241	240	1.51559880618e-05	0.00159806041865	0.0,0.857,0.0,0.499	1.0,0.666,1.0,1.0	-0.578
1356	ENSG00000131323	TRAF3	chr14	+	102886188	102886269	102889559	102889634	102876357	102876525	102891324	102891417	1356	25,19,31,18	8,5,0,2	11,8,20,11	7,2,16,10	180	174	0.00020427740075	0.0102725343167	0.751,0.786,1.0,0.897	0.603,0.795,0.547,0.515	0.243
1384	ENSG00000246982	BRPF3-AS1	chr6	-	36115983	36116105	36119674	36119863	36113077	36113334	36179616	36179707	1384	3,3,0,6	0,5,8,0	8,4,3,3	0,1,0,0	288	221	7.51745288559e-05	0.00515497503469	1.0,0.315,0.0,1.0	1.0,0.754,1.0,1.0	-0.36
1385	ENSG00000246982	BRPF3-AS1	chr6	-	36115983	36116105	36158647	36158941	36113077	36113334	36179616	36179707	1385	14,24,9,16	0,5,8,0	9,24,3,38	0,1,0,0	393	221	3.05531810195e-05	0.00256072216305	1.0,0.73,0.387,1.0	1.0,0.931,1.0,1.0	-0.204
1386	ENSG00000246982	BRPF3-AS1	chr6	-	36119674	36119816	36158647	36158941	36113077	36113334	36179616	36179707	1386	14,24,9,16	0,2,0,0	9,24,3,38	4,2,2,2	393	241	8.11576627364e-05	0.00541382340676	1.0,0.88,1.0,1.0	0.58,0.88,0.479,0.921	0.255
1410	ENSG00000185379	RAD51D	chr17	-	35116858	35117037	35118500	35118619	35106987	35107122	35119110	35119172	1410	0,1,0,1	7,18,4,6	7,0,5,1	7,16,5,4	218	278	1.90811121737e-05	0.00183440574486	0.0,0.066,0.0,0.175	0.56,0.0,0.56,0.242	-0.28
1411	ENSG00000185379	RAD51D	chr17	-	35116858	35117037	35118500	35118619	35107365	35107447	35119110	35119172	1411	0,1,0,1	7,18,4,6	7,0,5,1	7,16,5,4	218	278	1.90811121737e-05	0.00183440574486	0.0,0.066,0.0,0.175	0.56,0.0,0.56,0.242	-0.28
1559	ENSG00000138777	PPA2	chr4	-	105446382	105446502	105456680	105456745	105437949	105438036	105473893	105474059	1559	1,1,0,0	5,1,9,5	2,2,7,1	4,2,14,2	164	219	2.41835807913e-05	0.00217563480036	0.211,0.572,0.0,0.0	0.4,0.572,0.4,0.4	-0.247
1581	ENSG00000241288	LINC02614	chr3	-	125848229	125848447	125862815	125863113	125827237	125827455	125873740	125873845	1581	4,6,2,8	0,1,0,0	7,4,13,15	1,4,3,2	397	317	3.53283280441e-06	0.000541296226251	1.0,0.827,1.0,1.0	0.848,0.444,0.776,0.857	0.226
1582	ENSG00000241288	LINC02614	chr3	-	125848229	125848447	125872072	125872253	125827237	125827455	125873740	125873845	1582	5,16,19,14	0,1,0,0	7,18,9,5	1,4,3,2	280	317	3.22141621534e-05	0.00267705147522	1.0,0.948,1.0,1.0	0.888,0.836,0.773,0.739	0.178
1598	ENSG00000153064	BANK1	chr4	+	101829807	101830206	101855034	101855189	101790729	101790950	101862525	101862664	1598	3,1,3,4	5,16,4,7	0,0,2,0	3,6,6,5	498	254	0.000105695172334	0.00656799087672	0.234,0.031,0.277,0.226	0.0,0.0,0.145,0.0	0.156
1678	ENSG00000161533	ACOX1	chr17	-	75960214	75960375	75973624	75973785	75957458	75957566	75978533	75978693	1678	1,1,0,0	9,7,15,2	1,0,16,1	1,1,2,8	260	260	0.000443254954212	0.0177410533918	0.1,0.125,0.0,0.0	0.5,0.0,0.889,0.111	-0.319
1682	ENSG00000204815	ODAD4	chr17	+	41935470	41935543	41935598	41935749	41935216	41935348	41936472	41936534	1682	0,1,0,1	2,7,1,6	1,5,2,5	8,0,0,1	172	250	2.02237934177e-08	1.07557647006e-05	0.0,0.172,0.0,0.195	0.154,1.0,1.0,0.879	-0.666
1778	ENSG00000047249	ATP6V1H	chr8	-	53806741	53806858	53811163	53811217	53801798	53801896	53814661	53814766	1778	1,2,14,0	0,2,1,3	2,0,1,1	4,4,4,3	153	216	0.001208152677	0.0360369190935	1.0,0.585,0.952,0.0	0.414,0.0,0.261,0.32	0.385
1805	ENSG00000291207	NA	chr7	-	45728831	45729023	45735606	45735670	45728177	45728313	45736786	45736910	1805	1,0,0,0	4,30,51,25	3,30,1,16	5,10,5,25	163	291	2.71005440311e-13	2.65747934769e-09	0.309,0.0,0.0,0.0	0.517,0.843,0.263,0.533	-0.462
1806	ENSG00000291207	NA	chr7	-	45728831	45729026	45735606	45735670	45728177	45728313	45736786	45736910	1806	1,0,0,0	2,57,96,44	3,30,1,16	9,22,20,47	163	294	1.12325482249e-09	1.72701089856e-06	0.474,0.0,0.0,0.0	0.375,0.711,0.083,0.38	-0.269
1823	ENSG00000142621	FHAD1	chr1	+	15349041	15349149	15352876	15352984	15345415	15345523	15358109	15358283	1823	2,4,0,0	4,30,10,21	1,7,14,5	11,21,5,14	207	207	0.000838405567875	0.0278218344461	0.333,0.118,0.0,0.0	0.083,0.25,0.737,0.263	-0.221
1853	ENSG00000196482	ESRRG	chr1	-	216865060	216865178	216939581	216939673	216677075	216677491	217000252	217000724	1853	1,4,7,1	5,11,0,0	1,0,0,1	3,7,4,4	191	217	3.26753979007e-06	0.00050859516161	0.185,0.292,1.0,1.0	0.275,0.0,0.0,0.221	0.495
1864	ENSG00000138380	CARF	chr2	+	202942739	202942967	202955673	202955758	202917876	202918043	202966977	202967012	1864	13,26,29,20	0,0,2,0	10,21,29,16	1,0,8,0	327	184	0.00163480026922	0.0447789146368	1.0,1.0,0.891,1.0	0.849,1.0,0.671,1.0	0.093
1896	ENSG00000104218	CSPP1	chr8	+	67137455	67137603	67149782	67149935	67131950	67132080	67154023	67154136	1896	61,50,38,71	4,6,0,7	36,28,26,63	4,4,11,19	247	252	0.000309207790564	0.0141686523097	0.94,0.895,1.0,0.912	0.902,0.877,0.707,0.772	0.122
2036	ENSG00000058063	ATP11B	chr3	+	182902480	182902566	182905793	182905919	182898606	182898772	182913860	182913994	2036	5,10,31,3	0,3,1,5	16,9,3,10	18,6,14,17	185	225	0.000202735715427	0.0102475588942	1.0,0.802,0.974,0.422	0.519,0.646,0.207,0.417	0.352
2234	ENSG00000269713	NBPF9	chr1	-	149082276	149082430	149090204	149090428	149081964	149082174	149090752	149090894	2234	9,10,12,6	0,5,4,4	7,3,4,4	1,0,0,1	323	253	6.01885992428e-05	0.00447128336496	1.0,0.61,0.701,0.54	0.846,1.0,1.0,0.758	-0.188
2259	ENSG00000089169	RPH3A	chr12	+	112828300	112828389	112836490	112836502	112792142	112792263	112847695	112847842	2259	13,34,46,21	3,1,3,2	4,12,1,8	0,1,0,0	188	111	0.00142544600215	0.0405157202814	0.719,0.953,0.901,0.861	1.0,0.876,1.0,1.0	-0.11
2263	ENSG00000287288	FRG1BP	chr20	+	30388452	30388578	30391196	30391308	30379584	30379651	30393550	30393655	2263	17,1,9,16	2,1,2,1	11,4,15,20	6,4,8,9	225	211	0.00181765285019	0.0479137200241	0.889,0.484,0.808,0.938	0.632,0.484,0.637,0.676	0.172
2311	ENSG00000119321	FKBP15	chr9	-	113191815	113191949	113193491	113193549	113190470	113190578	113194026	113194169	2311	11,51,58,13	2,9,2,2	7,15,13,13	6,7,6,8	157	233	9.88266872703e-06	0.00118182255533	0.891,0.894,0.977,0.906	0.634,0.761,0.763,0.707	0.201
2325	ENSG00000128881	TTBK2	chr15	-	42840359	42840433	42872610	42872696	42829937	42830078	42878548	42878684	2325	0,1,12,0	19,32,39,25	0,0,0,0	10,40,19,23	185	173	9.98360643656e-05	0.00631608030432	0.0,0.028,0.223,0.0	0.0,0.0,0.0,0.0	0.063
2397	ENSG00000104043	ATP8B4	chr15	-	49987390	49987549	49996676	49996759	49981205	49981294	50002152	50002223	2397	0,6,2,2	2,2,0,2	0,0,0,0	11,1,2,6	182	258	6.01829814872e-08	2.56588833245e-05	0.0,0.81,1.0,0.586	0.0,0.0,0.0,0.0	0.599
2400	ENSG00000104043	ATP8B4	chr15	-	50010844	50010917	50038767	50038829	50002152	50002223	50044593	50044674	2400	2,1,12,3	2,1,0,0	1,2,1,0	4,1,0,3	161	172	0.000305174463707	0.0140494872822	0.517,0.517,1.0,1.0	0.211,0.681,1.0,0.0	0.285
2451	ENSG00000100372	SLC25A17	chr22	-	40792524	40792676	40794513	40794580	40779008	40779125	40799022	40799083	2451	0,2,8,2	3,6,32,4	0,0,2,0	8,3,8,8	166	251	6.71314922497e-05	0.00480504681022	0.0,0.335,0.274,0.431	0.0,0.0,0.274,0.0	0.192
2488	ENSG00000291178	NA	chr7	-	100325690	100325779	100330234	100330284	100320908	100321084	100330462	100330549	2488	1,1,0,2	5,21,9,8	6,2,32,6	2,29,1,11	149	188	6.54599646444e-06	0.000844605806978	0.202,0.057,0.0,0.24	0.791,0.08,0.976,0.408	-0.439
2492	ENSG00000291178	NA	chr7	-	100325690	100325779	100330462	100330549	100320910	100321084	100332441	100332581	2492	2,2,3,13	5,21,9,8	10,8,88,16	2,29,1,11	186	188	0.00176215113285	0.0469555815455	0.288,0.088,0.252,0.622	0.835,0.218,0.989,0.595	-0.347
2499	ENSG00000291178	NA	chr7	-	100325690	100325868	100330181	100330284	100283491	100283798	100330462	100330549	2499	3,10,0,8	5,10,49,2	9,11,61,13	2,6,22,0	202	277	0.000793068424374	0.0266349332259	0.451,0.578,0.0,0.846	0.861,0.715,0.792,1.0	-0.373
2505	ENSG00000291178	NA	chr7	-	100325690	100325868	100330181	100330284	100320910	100321084	100330462	100330549	2505	3,10,0,8	11,33,61,10	9,11,61,13	4,36,23,12	202	277	0.000388460878526	0.0164902483759	0.272,0.294,0.0,0.523	0.755,0.295,0.784,0.598	-0.336
2506	ENSG00000291178	NA	chr7	-	100325690	100325868	100330234	100330284	100320910	100321084	100330462	100330549	2506	1,1,0,2	11,33,61,10	6,2,32,6	4,36,23,12	149	277	2.14620840211e-07	7.25714468658e-05	0.145,0.053,0.0,0.271	0.736,0.094,0.721,0.482	-0.391
2512	ENSG00000291178	NA	chr7	-	100328835	100329019	100330234	100330284	100320908	100321084	100330462	100330549	2512	1,1,0,2	3,6,4,4	6,2,32,6	5,11,4,5	149	283	0.0013978372339	0.0400719893674	0.388,0.24,0.0,0.487	0.695,0.257,0.938,0.695	-0.367
2517	ENSG00000291178	NA	chr7	-	100328835	100329019	100330234	100330284	100325659	100325868	100330462	100330549	2517	1,1,0,2	3,7,4,4	6,2,32,6	5,11,4,4	149	283	0.00078751508757	0.0266288722369	0.388,0.213,0.0,0.487	0.695,0.257,0.938,0.74	-0.385
2518	ENSG00000291178	NA	chr7	-	100328835	100329019	100330234	100330284	100325690	100325779	100330462	100330549	2518	1,1,0,2	8,37,11,12	6,2,32,6	15,44,16,11	149	283	2.04975789415e-05	0.00193268518366	0.192,0.049,0.0,0.24	0.432,0.079,0.792,0.509	-0.333
2545	ENSG00000103274	NUBP1	chr16	+	10761756	10761859	10767948	10768032	10761363	10761474	10769046	10769351	2545	0,7,8,3	15,13,31,16	2,12,9,7	4,10,3,8	202	183	0.00032990791424	0.0147450163073	0.0,0.328,0.189,0.145	0.312,0.521,0.731,0.442	-0.336
2558	ENSG00000121716	PILRB	chr7	+	100353372	100353483	100353894	100354012	100353209	100353270	100355142	100355240	2558	8,10,19,10	5,14,2,23	3,6,0,4	13,37,150,19	210	217	1.42670752989e-09	1.72701089856e-06	0.623,0.425,0.908,0.31	0.193,0.144,0.0,0.179	0.438
2808	ENSG00000134759	ELP2	chr18	+	36138269	36138426	36138794	36138872	36136306	36136377	36141136	36141201	2808	6,13,14,39	3,9,14,3	15,30,28,27	1,4,3,0	256	177	0.000156957916267	0.00869564591477	0.58,0.5,0.409,0.9	0.912,0.838,0.866,1.0	-0.307
2809	ENSG00000134759	ELP2	chr18	+	36138794	36138872	36139418	36139613	36138269	36138426	36141136	36141201	2809	4,19,33,8	1,4,0,4	2,14,11,9	2,10,11,14	177	294	5.55587074014e-07	0.000145265469756	0.869,0.888,1.0,0.769	0.624,0.699,0.624,0.516	0.266
2855	ENSG00000248309	MEF2C-AS1	chr5	+	88943015	88943122	89094958	89095029	88905208	88905270	89150532	89150595	2855	4,2,14,2	8,1,11,3	1,1,2,15	0,4,0,0	206	170	0.00042581809891	0.0173260260494	0.292,0.623,0.512,0.355	1.0,0.171,1.0,1.0	-0.347
2874	ENSG00000100714	MTHFD1	chr14	+	64435568	64435671	64439095	64439172	64431786	64431861	64440125	64441453	2874	6,12,14,9	1,3,6,0	22,25,13,17	0,0,4,0	202	176	0.000918185684289	0.0298326312819	0.839,0.777,0.67,1.0	1.0,1.0,0.739,1.0	-0.113
2894	ENSG00000232973	CYP1B1-AS1	chr2	+	38180288	38180876	38194821	38194952	38131510	38131614	38202507	38202780	2894	2,11,1,7	0,0,0,2	1,17,3,16	1,3,2,5	687	230	4.16200012878e-05	0.00331809538722	1.0,1.0,1.0,0.54	0.251,0.655,0.334,0.517	0.446
2999	ENSG00000130731	METTL26	chr16	-	634888	634956	635280	635340	634718	634797	635611	635774	2999	7,7,24,7	16,20,60,12	12,27,11,5	3,22,10,6	159	167	0.000458812134069	0.0182150274764	0.315,0.269,0.296,0.38	0.808,0.563,0.536,0.467	-0.278
3000	ENSG00000130731	METTL26	chr16	-	634888	635063	635280	635340	634718	634797	635611	635774	3000	7,7,24,7	22,24,80,22	12,27,11,5	5,36,16,9	159	274	0.000862073080517	0.028328459168	0.354,0.334,0.341,0.354	0.805,0.564,0.542,0.489	-0.254
3056	ENSG00000054965	FAM168A	chr11	-	73419873	73419999	73425021	73425048	73411393	73411536	73430689	73430770	3056	4,23,31,5	48,95,191,23	11,32,60,10	37,54,80,19	126	225	5.52541902876e-06	0.000752531374945	0.13,0.302,0.225,0.28	0.347,0.514,0.573,0.484	-0.245
3075	ENSG00000293497	NA	chr14	-	34921588	34921713	34963928	34964040	34920645	34920936	34969169	34969307	3075	5,1,2,1	9,6,2,0	2,5,3,9	1,3,0,0	211	224	0.000433283578609	0.0174846863039	0.371,0.15,0.515,1.0	0.68,0.639,1.0,1.0	-0.321
3089	ENSG00000262619	LINC00621	chr13	-	22876297	22876474	22894605	22895038	22872636	22873274	22896360	22896502	3089	3,7,1,5	0,2,0,0	0,9,5,0	5,4,15,1	532	276	2.0840253856e-08	1.07557647006e-05	1.0,0.645,1.0,1.0	0.0,0.539,0.147,0.0	0.74
3164	ENSG00000046651	OFD1	chrX	+	13751248	13751368	13755150	13755242	13749426	13749533	13756577	13756767	3164	15,5,10,13	18,29,15,45	1,2,5,6	31,19,30,52	219	191	6.93039114019e-05	0.00485424396576	0.421,0.131,0.368,0.201	0.027,0.084,0.127,0.091	0.198
3211	ENSG00000088367	EPB41L1	chr20	+	36214356	36214440	36218875	36218962	36212271	36212376	36221863	36221944	3211	38,85,138,25	35,78,169,21	47,54,109,39	28,34,41,28	183	186	0.00018406897461	0.00965230141725	0.525,0.526,0.454,0.548	0.63,0.617,0.73,0.586	-0.127
3239	ENSG00000288902	NA	chr2	+	220810750	220810932	220835617	220835795	220776817	220776862	220839893	220839996	3239	5,2,1,4	9,6,16,17	4,12,21,8	6,12,13,11	281	277	0.000248211299019	0.01198995073	0.354,0.247,0.058,0.188	0.397,0.496,0.614,0.418	-0.27
3365	ENSG00000165895	ARHGAP42	chr11	+	100859553	100859625	100913451	100913553	100795104	100795166	100921493	100921604	3365	2,2,0,5	1,3,2,3	1,4,2,1	0,0,1,1	171	201	8.36004994325e-05	0.00553909795564	0.702,0.439,0.0,0.662	1.0,1.0,0.702,0.54	-0.36
3388	ENSG00000264324	NA	chr2	-	74314944	74315025	74328119	74328186	74304488	74304680	74334026	74334177	3388	0,2,0,4	2,6,2,4	3,4,3,5	1,0,0,4	166	180	6.32298896366e-05	0.00459283183538	0.0,0.265,0.0,0.52	0.765,1.0,1.0,0.575	-0.639
3410	ENSG00000183735	TBK1	chr12	+	64468875	64469289	64471743	64471995	64466900	64467082	64474229	64474390	3410	10,17,38,20	4,5,28,2	13,9,48,14	0,0,1,1	513	351	1.41167189049e-09	1.72701089856e-06	0.631,0.699,0.481,0.872	1.0,1.0,0.97,0.905	-0.298
3421	ENSG00000141252	VPS53	chr17	-	586269	586364	599944	600094	562502	562745	601794	601896	3421	7,10,1,7	52,50,52,62	0,2,0,4	26,75,116,54	249	194	5.98186822154e-06	0.000803536983293	0.095,0.135,0.015,0.081	0.0,0.02,0.0,0.055	0.063
3467	ENSG00000089057	SLC23A2	chr20	-	4902441	4902558	4912879	4912978	4874575	4874696	4932454	4932716	3467	25,20,72,29	1,0,0,3	13,22,23,24	7,5,3,1	198	216	1.25231607582e-05	0.00139547857267	0.965,1.0,1.0,0.913	0.67,0.828,0.893,0.963	0.131
3711	ENSG00000145362	ANK2	chr4	+	112949104	112949215	113151079	113151124	112904454	112904514	113174415	113174517	3711	1,1,1,1	0,0,0,0	3,0,1,1	2,1,1,1	210	144	0.000606823357217	0.0227988882792	1.0,1.0,1.0,1.0	0.507,0.0,0.407,0.407	0.67
3716	ENSG00000049618	ARID1B	chr6	+	157084661	157084905	157110471	157110561	156935465	156935576	157133027	157133207	3716	56,68,92,77	1,7,4,3	72,62,31,92	18,10,24,6	343	189	6.83842766684e-05	0.00485424396576	0.969,0.843,0.927,0.934	0.688,0.774,0.416,0.894	0.225
3733	ENSG00000285053	NA	chr1	+	235427139	235427239	235430704	235430804	235414432	235414618	235434203	235434280	3733	1,4,0,4	12,3,22,8	0,0,0,3	11,14,30,15	199	199	0.000834914130031	0.0278218344461	0.077,0.571,0.0,0.333	0.0,0.0,0.0,0.167	0.203
3734	ENSG00000285053	NA	chr1	+	235430704	235430804	235432945	235433171	235427139	235427239	235434203	235434280	3734	19,16,49,24	2,11,14,3	32,25,50,23	2,2,4,1	199	325	0.000168979330577	0.00920561842021	0.939,0.704,0.851,0.929	0.963,0.953,0.953,0.974	-0.105
3823	ENSG00000186952	TMEM232	chr5	-	110606163	110606287	110618428	110618562	110605108	110605358	110625266	110625433	3823	8,2,0,10	20,3,6,31	11,14,3,27	10,6,5,25	233	223	0.00149477301793	0.0418792691823	0.277,0.39,0.0,0.236	0.513,0.691,0.365,0.508	-0.293
3837	ENSG00000104419	NDRG1	chr8	-	133264546	133264652	133280231	133280267	133262046	133262167	133284248	133284329	3837	1,0,0,0	11,1,5,9	2,5,2,1	4,10,21,10	135	205	4.17571919675e-06	0.000602163271225	0.121,0.0,0.0,0.0	0.432,0.432,0.126,0.132	-0.25
3976	ENSG00000186409	CCDC30	chr1	+	42506946	42507069	42536475	42536601	42498817	42498916	42566295	42566475	3976	0,1,0,0	25,18,23,54	0,6,1,6	29,21,12,39	222	225	2.02207996264e-05	0.00192509865181	0.0,0.053,0.0,0.0	0.0,0.225,0.078,0.135	-0.096
3977	ENSG00000186409	CCDC30	chr1	+	42506946	42507069	42556155	42556405	42498817	42498916	42566295	42566475	3977	0,1,0,0	8,27,29,28	0,6,1,6	19,19,0,30	222	349	0.00150364764674	0.0420078883873	0.0,0.055,0.0,0.0	0.0,0.332,1.0,0.239	-0.379
3994	ENSG00000186409	CCDC30	chr1	+	42630403	42630525	42637236	42637378	42610977	42611090	42642472	42642609	3994	0,2,0,1	9,11,6,17	0,3,4,3	21,15,1,14	221	241	0.00183518791148	0.0481547655822	0.0,0.165,0.0,0.06	0.0,0.179,0.814,0.189	-0.239
4140	ENSG00000015153	YAF2	chr12	-	42199135	42199235	42235613	42235755	42161612	42161765	42237598	42237724	4140	2,0,0,0	12,2,2,13	2,4,0,7	8,10,6,5	241	199	4.76767761572e-05	0.00374014773598	0.121,0.0,0.0,0.0	0.171,0.248,0.0,0.536	-0.209
4144	ENSG00000050426	LETMD1	chr12	+	51052091	51052207	51053777	51053860	51049033	51049185	51055834	51056021	4144	3,5,9,2	0,2,11,0	5,2,39,4	0,0,2,1	215	182	0.000374830096035	0.01625434947	1.0,0.679,0.409,1.0	1.0,1.0,0.943,0.772	-0.157
4237	ENSG00000153310	CYRIB	chr8	-	129862228	129862334	129871374	129871496	129855610	129855747	129903311	129903350	4237	1,5,3,3	27,22,65,45	6,6,3,8	15,29,9,43	221	205	0.0016746888182	0.045490300696	0.033,0.174,0.041,0.058	0.271,0.161,0.236,0.147	-0.127
4252	ENSG00000163075	CFAP221	chr2	+	119549084	119549185	119557007	119557405	119546084	119546270	119559688	119559775	4252	21,64,70,32	1,3,3,3	6,36,10,12	8,7,0,2	200	497	0.00116364097951	0.0353060887849	0.981,0.981,0.983,0.964	0.651,0.927,1.0,0.937	0.098
4278	ENSG00000090054	SPTLC1	chr9	-	92076797	92077035	92079433	92079566	92067965	92068098	92080015	92080088	4278	0,0,0,0	5,24,10,15	0,0,2,7	5,17,5,13	232	337	0.000292536503721	0.0135953220639	0.0,0.0,0.0,0.0	0.0,0.0,0.368,0.439	-0.202
4284	ENSG00000099968	BCL2L13	chr22	+	17683213	17683321	17702242	17702386	17655661	17655832	17726676	17730855	4284	0,1,0,3	2,7,8,2	3,1,4,2	0,0,0,1	207	243	2.70653499612e-11	8.84676072398e-08	0.0,0.144,0.0,0.638	1.0,1.0,1.0,0.701	-0.73
4339	ENSG00000075413	MARK3	chr14	+	103468032	103468186	103474992	103475210	103467078	103467191	103480386	103480490	4339	106,100,108,160	34,35,54,55	95,125,48,144	43,72,59,113	253	317	0.000727792978989	0.0251722032421	0.796,0.782,0.715,0.785	0.735,0.685,0.505,0.615	0.135
4484	ENSG00000255717	SNHG1	chr11	-	62853800	62854551	62854887	62854938	62853074	62853115	62855132	62855216	4484	1,0,0,1	9,4,3,4	0,1,3,3	8,2,26,6	150	850	7.29648582143e-05	0.00503868591302	0.386,0.0,0.0,0.586	0.0,0.739,0.395,0.739	-0.225
4485	ENSG00000255717	SNHG1	chr11	-	62853800	62854551	62854887	62854938	62853551	62853590	62855132	62855216	4485	1,0,0,1	11,8,27,8	0,1,3,3	13,5,26,17	150	850	0.000458413340477	0.0182150274764	0.34,0.0,0.0,0.415	0.0,0.531,0.395,0.5	-0.168
4500	ENSG00000255717	SNHG1	chr11	-	62854518	62854551	62854887	62854938	62854017	62854064	62855132	62855216	4500	1,0,0,1	0,1,16,2	0,1,3,3	1,0,0,5	150	132	0.000486685974761	0.0192437204375	1.0,0.0,0.0,0.306	0.0,1.0,1.0,0.346	-0.26
4531	ENSG00000078070	MCCC1	chr3	-	183072365	183072487	183086692	183086788	183071209	183071357	183094558	183094605	4531	2,7,7,10	21,26,16,40	2,5,0,3	23,42,23,36	195	221	0.00135259993543	0.0392414052273	0.097,0.234,0.331,0.221	0.09,0.119,0.0,0.086	0.147
4740	ENSG00000168394	TAP1	chr6	-	32848651	32848840	32848989	32849118	32847918	32848092	32850319	32850517	4740	1,1,0,0	0,1,1,3	1,3,1,2	0,1,1,2	228	288	0.000116306371042	0.00704012515085	1.0,0.558,0.0,0.0	1.0,0.791,0.558,0.558	-0.337
4748	ENSG00000275131	PDE4DIPP2	chr1	-	120491581	120491628	120491934	120492073	120489859	120489916	120493157	120493301	4748	18,22,57,68	2,6,19,5	14,56,117,63	1,2,2,0	238	146	1.14555553932e-08	8.02379829898e-06	0.847,0.692,0.648,0.893	0.896,0.945,0.973,1.0	-0.183
4792	ENSG00000228315	GUSBP11	chr22	-	23659864	23660000	23705428	23705541	23638486	23638942	23709129	23709241	4792	5,24,24,22	29,60,100,60	13,23,25,21	22,40,46,29	212	235	0.00158125698362	0.0438017118118	0.16,0.307,0.21,0.289	0.396,0.389,0.376,0.445	-0.16
4843	ENSG00000197969	VPS13A	chr9	+	77201364	77201407	77205312	77205408	77199944	77199988	77205977	77206079	4843	31,34,26,62	118,77,82,173	51,34,59,64	88,61,95,108	142	195	0.000259721819612	0.0123035370199	0.265,0.377,0.303,0.33	0.443,0.434,0.46,0.449	-0.128
4918	ENSG00000081803	CADPS2	chr7	-	122621480	122621717	122629247	122629328	122615180	122615299	122663236	122663569	4918	58,47,16,92	98,66,24,104	64,107,58,57	44,76,17,60	180	336	9.51850790012e-05	0.00612790317712	0.525,0.571,0.554,0.623	0.731,0.724,0.864,0.639	-0.171
5056	ENSG00000142599	RERE	chr1	-	8624309	8624380	8655972	8656441	8614560	8614686	8792403	8792588	5056	143,236,111,161	2,6,0,6	112,192,115,141	11,12,1,11	568	170	0.000729033828346	0.0251722032421	0.955,0.922,1.0,0.889	0.753,0.827,0.972,0.793	0.105
5066	ENSG00000153253	SCN3A	chr2	-	165163617	165163709	165163801	165163893	165162555	165162828	165164391	165164520	5066	7,1,1,13	18,23,28,31	0,1,0,7	21,55,54,44	191	191	0.00039429510943	0.0165942396698	0.28,0.042,0.034,0.295	0.0,0.018,0.0,0.137	0.124
5102	ENSG00000293616	PCBP1-AS1	chr2	-	69964230	69964427	69996685	69996888	69962262	69963500	70018014	70018131	5102	9,21,9,27	0,0,0,5	16,19,14,25	3,9,4,3	302	296	0.000673205197538	0.0240091332481	1.0,1.0,1.0,0.841	0.839,0.674,0.774,0.891	0.166
5125	ENSG00000293616	PCBP1-AS1	chr2	-	70003045	70003315	70011654	70011718	69996685	69996888	70051202	70051305	5125	2,3,14,1	0,5,0,11	2,0,0,7	6,6,17,10	163	369	0.00155940546949	0.0433187819655	1.0,0.576,1.0,0.171	0.43,0.0,0.0,0.613	0.426
5128	ENSG00000293616	PCBP1-AS1	chr2	-	70003045	70003315	70032132	70032255	69996685	69996888	70051202	70051305	5128	11,12,20,20	0,5,0,11	4,2,14,16	6,6,17,10	222	369	0.000128500706351	0.00756297084448	1.0,0.8,1.0,0.751	0.526,0.357,0.578,0.727	0.341
5166	ENSG00000293616	PCBP1-AS1	chr2	-	70053730	70053792	70083506	70083687	70051202	70051305	70085546	70085624	5166	31,33,29,36	0,3,0,1	21,32,17,49	1,6,8,0	280	161	0.000622531702583	0.0230360221718	1.0,0.863,1.0,0.954	0.924,0.754,0.55,1.0	0.147
5167	ENSG00000293616	PCBP1-AS1	chr2	-	70053730	70053792	70083537	70083687	70051202	70051305	70085546	70085624	5167	23,32,28,34	0,3,0,1	17,26,13,44	1,6,8,0	249	161	0.00055163043262	0.0210478133162	1.0,0.873,1.0,0.956	0.917,0.737,0.512,1.0	0.166
5279	ENSG00000198300	PEG3	chr19	-	56827133	56827246	56833289	56833420	56826387	56826463	56836017	56836104	5279	8,5,10,4	0,1,0,1	1,9,5,10	4,2,2,12	230	212	9.69275309903e-07	0.000213524876701	1.0,0.822,1.0,0.787	0.187,0.806,0.697,0.434	0.371
5368	ENSG00000188739	RBM34	chr1	-	235148403	235148447	235152705	235152765	235138090	235138174	235154880	235155112	5368	2,4,2,3	1,2,5,3	3,2,9,5	0,0,0,4	159	143	0.000420300433622	0.0171727752171	0.643,0.643,0.265,0.474	1.0,1.0,1.0,0.529	-0.376
5439	ENSG00000151834	GABRA2	chr4	-	46303459	46303612	46310172	46310255	46261925	46262128	46312495	46312716	5439	3,4,2,5	26,10,88,41	9,4,15,18	21,22,37,42	182	252	0.000140060830083	0.00807903823408	0.138,0.356,0.031,0.144	0.372,0.201,0.36,0.372	-0.159
5526	ENSG00000281091	LL0XNC01-250H12.3	chrX	+	103461214	103461354	103475100	103475252	103450496	103450660	103486388	103486459	5526	5,5,7,2	0,1,0,2	2,5,0,4	2,1,3,4	239	251	0.00025634404864	0.0122024744707	1.0,0.84,1.0,0.512	0.512,0.84,0.0,0.512	0.372
5527	ENSG00000281091	LL0XNC01-250H12.3	chrX	+	103461214	103461354	103475100	103475252	103450496	103450660	103517647	103517943	5527	5,5,7,2	0,1,0,0	0,5,0,2	1,1,2,4	239	251	2.1376785424e-06	0.000374322781907	1.0,0.84,1.0,1.0	0.0,0.84,0.0,0.344	0.664
5534	ENSG00000281091	LL0XNC01-250H12.3	chrX	+	103475100	103475252	103497434	103497613	103408157	103408299	103517647	103517943	5534	0,1,0,0	3,8,4,11	1,1,2,4	3,3,17,7	251	278	0.00019255928297	0.00997986295888	0.0,0.122,0.0,0.0	0.27,0.27,0.115,0.388	-0.23
5660	ENSG00000102780	DGKH	chr13	+	42187048	42187148	42194884	42195016	42178134	42178220	42198477	42198595	5660	30,47,99,80	2,10,22,7	9,30,24,33	9,9,19,8	199	231	0.000691429986859	0.0243907744933	0.946,0.845,0.839,0.93	0.537,0.795,0.595,0.827	0.202
5687	ENSG00000100997	ABHD12	chr20	-	25309445	25309575	25314924	25314970	25308456	25308494	25317047	25317078	5687	0,1,2,5	8,4,13,12	1,0,0,0	5,4,1,10	145	229	0.000291599630719	0.0135953220639	0.0,0.283,0.195,0.397	0.24,0.0,0.0,0.0	0.159
5740	ENSG00000137871	ZNF280D	chr15	-	56693097	56693215	56700932	56701072	56689299	56689470	56701172	56701238	5740	49,96,59,116	45,94,72,142	76,112,77,146	50,83,40,94	239	217	5.96886683512e-05	0.00446799299124	0.497,0.481,0.427,0.426	0.58,0.551,0.636,0.585	-0.13
5790	ENSG00000134490	TMEM241	chr18	-	23384989	23385067	23399565	23399647	23377645	23377671	23421366	23421444	5790	7,9,6,4	1,3,4,0	1,0,31,4	3,3,28,6	181	177	0.00120631918465	0.0360369190935	0.873,0.746,0.595,1.0	0.246,0.0,0.52,0.395	0.513
5823	ENSG00000274020	LINC01138	chr1	-	148431038	148431172	148433523	148433629	148428673	148428912	148435145	148435354	5823	2,0,1,0	0,1,1,3	2,3,1,1	0,0,0,0	205	233	0.00037627343766	0.01625434947	1.0,0.0,0.532,0.0	1.0,1.0,1.0,1.0	-0.617
5832	ENSG00000242247	ARFGAP3	chr22	-	42831548	42831636	42834241	42834325	42826939	42826999	42840943	42841016	5832	0,0,0,0	3,6,15,8	2,0,9,0	10,9,11,12	183	187	0.000107166891727	0.00656799087672	0.0,0.0,0.0,0.0	0.17,0.0,0.455,0.0	-0.156
5861	ENSG00000003147	ICA1	chr7	-	8138984	8139047	8141764	8141817	8138839	8138881	8143874	8143972	5861	5,12,25,10	3,25,64,13	4,8,0,3	14,33,32,15	152	162	0.000612050412273	0.0228204043451	0.64,0.338,0.294,0.451	0.233,0.205,0.0,0.176	0.277
5862	ENSG00000128739	SNRPN	chr15	+	24886515	24886589	24920010	24920124	24829797	24829905	24962113	24962209	5862	0,7,7,4	29,46,43,63	0,2,0,2	32,30,30,44	173	213	0.000441053594622	0.017725293233	0.0,0.158,0.167,0.073	0.0,0.076,0.0,0.053	0.067
6032	ENSG00000082701	GSK3B	chr3	-	119866589	119866628	119876412	119876508	119863418	119863605	119905754	119905852	6032	77,165,236,84	14,13,15,4	82,95,486,69	1,2,13,5	195	138	7.76432172708e-05	0.00525082336936	0.796,0.9,0.918,0.937	0.983,0.971,0.964,0.907	-0.069
6042	ENSG00000142687	KIAA0319L	chr1	-	35444160	35444303	35448172	35448332	35442905	35443028	35449866	35450005	6042	6,15,41,7	3,7,16,6	8,4,57,13	10,27,106,8	259	242	0.000940066012676	0.0300433954354	0.651,0.667,0.705,0.522	0.428,0.122,0.334,0.603	0.264
6047	ENSG00000142687	KIAA0319L	chr1	-	35470862	35470960	35474804	35474906	35454361	35454485	35478965	35479212	6047	18,25,33,13	0,0,0,1	6,38,19,15	0,0,15,0	201	197	0.00181592497764	0.0479137200241	1.0,1.0,1.0,0.927	1.0,1.0,0.554,1.0	0.093
6152	ENSG00000264515	VSTM2B-DT	chr19	-	29392881	29393075	29412774	29412966	29391420	29391608	29428730	29428810	6152	0,0,0,0	3,4,35,5	0,2,8,2	4,6,10,5	291	293	1.60432629959e-07	6.29280947751e-05	0.0,0.0,0.0,0.0	0.0,0.251,0.446,0.287	-0.246
6210	ENSG00000133226	SRRM1	chr1	+	24663182	24663224	24666814	24666925	24662659	24662804	24669122	24669587	6210	22,102,80,53	91,308,263,150	40,180,120,52	93,387,180,139	141	210	0.0018372774756	0.0481547655822	0.265,0.33,0.312,0.345	0.39,0.409,0.498,0.358	-0.101
6334	ENSG00000151150	ANK3	chr10	-	60073871	60076454	60080536	60080618	60067934	60068009	60082614	60082737	6334	213,372,531,369	1342,2409,2443,2709	279,502,637,434	1455,1957,1941,2286	181	2682	6.3076808695e-05	0.00459283183538	0.702,0.696,0.763,0.669	0.74,0.792,0.829,0.738	-0.067
6429	ENSG00000115020	PIKFYVE	chr2	+	208274020	208274053	208276711	208276830	208273583	208273733	208285725	208285933	6429	5,5,12,12	1,2,10,5	20,7,15,20	1,2,1,2	132	218	0.000159485986649	0.00878606508472	0.892,0.805,0.665,0.799	0.971,0.853,0.961,0.943	-0.142
6452	ENSG00000197563	PIGN	chr18	-	62113133	62113316	62114560	62114639	62109833	62109973	62138242	62138298	6452	0,1,1,3	4,4,11,10	1,1,4,4	1,5,0,1	178	282	0.000143950308776	0.0081594030512	0.0,0.284,0.126,0.322	0.613,0.241,1.0,0.864	-0.496
6484	ENSG00000152784	PRDM8	chr4	+	80191471	80191569	80194112	80194239	80183878	80184055	80196351	80196598	6484	0,0,0,2	3,3,13,6	0,0,130,1	6,2,3,2	197	226	0.000310847079754	0.0141775184375	0.0,0.0,0.0,0.277	0.0,0.0,0.98,0.365	-0.267
6616	ENSG00000079387	SENP1	chr12	-	48096342	48096427	48097993	48098124	48089162	48089293	48101468	48101516	6616	6,14,16,24	0,2,7,6	7,11,56,7	1,0,0,3	230	184	0.000703080227189	0.0245352480705	1.0,0.848,0.646,0.762	0.848,1.0,1.0,0.651	-0.061
6681	ENSG00000155511	GRIA1	chr5	+	153794620	153794735	153795475	153795590	153770167	153770415	153802355	153802490	6681	30,63,203,47	10,5,38,8	31,29,47,45	10,6,30,30	214	214	0.000492648245032	0.0193236347631	0.75,0.926,0.842,0.855	0.756,0.829,0.61,0.6	0.145
6682	ENSG00000155511	GRIA1	chr5	+	153794620	153794735	153795477	153795590	153770167	153770415	153802355	153802490	6682	30,63,203,47	10,2,28,7	31,29,47,45	9,4,26,23	214	212	0.000702114192612	0.0245352480705	0.748,0.969,0.878,0.869	0.773,0.878,0.642,0.66	0.128
6713	ENSG00000168724	DNAJC21	chr5	+	34945721	34945803	34949542	34949677	34944866	34945025	34950169	34950342	6713	8,23,18,19	7,4,19,11	10,23,13,28	0,2,0,8	181	234	7.98904105781e-05	0.00536579017896	0.596,0.881,0.551,0.691	1.0,0.937,1.0,0.819	-0.259
6714	ENSG00000168724	DNAJC21	chr5	+	34945760	34945803	34949542	34949677	34944866	34945025	34950169	34950342	6714	28,62,62,63	7,4,19,11	32,54,38,43	0,2,0,8	142	234	0.000106940922446	0.00656799087672	0.868,0.962,0.843,0.904	1.0,0.978,1.0,0.899	-0.075
6784	ENSG00000117643	MAN1C1	chr1	+	25778104	25778324	25780939	25781112	25771656	25771772	25782584	25782700	6784	7,11,8,10	30,47,110,41	8,32,21,17	27,47,42,51	319	272	3.55123865986e-05	0.00290195385822	0.166,0.166,0.058,0.172	0.202,0.367,0.299,0.221	-0.132
6804	ENSG00000163491	NEK10	chr3	-	27143444	27143474	27162460	27162601	27141481	27141582	27162700	27162738	6804	1,5,2,2	0,3,0,0	4,6,5,1	1,3,7,0	240	129	0.00161739449386	0.0445021799	1.0,0.473,1.0,1.0	0.683,0.518,0.277,1.0	0.249
7060	ENSG00000272690	LINC02018	chr3	+	75446397	75446535	75451209	75451402	75443507	75443646	75452531	75452653	7060	0,1,0,1	6,12,38,15	1,14,1,0	2,8,1,5	237	292	1.45774001463e-05	0.00155376071559	0.0,0.093,0.0,0.076	0.381,0.683,0.552,0.0	-0.362
7062	ENSG00000272690	LINC02018	chr3	+	75446397	75446535	75451215	75451402	75443507	75443646	75452531	75452655	7062	0,1,0,1	5,11,37,14	1,14,1,0	2,8,1,5	237	286	1.59417993769e-05	0.00166303494351	0.0,0.099,0.0,0.079	0.376,0.679,0.547,0.0	-0.356
7063	ENSG00000272690	LINC02018	chr3	+	75446397	75446535	75451209	75451402	75443507	75443646	75456616	75457486	7063	0,1,0,1	4,15,18,7	1,14,1,0	2,2,1,1	237	292	6.99634891355e-06	0.000890989577224	0.0,0.076,0.0,0.15	0.381,0.896,0.552,0.0	-0.401
7185	ENSG00000130294	KIF1A	chr2	-	240728388	240728412	240734718	240734745	240726825	240726940	240737062	240737168	7185	3,8,2,10	8,1,3,4	4,10,16,6	1,0,2,2	126	123	0.00162015890519	0.0445021799	0.268,0.886,0.394,0.709	0.796,1.0,0.886,0.745	-0.292
7231	ENSG00000120784	ZFP30	chr19	-	37665983	37666262	37686450	37686522	37654711	37654879	37691520	37691618	7231	1,0,26,0	7,10,6,19	1,0,0,0	13,1,11,10	171	378	0.00184152937929	0.0481547655822	0.24,0.0,0.905,0.0	0.145,0.0,0.0,0.0	0.25
7267	ENSG00000291099	NA	chr7	+	5833526	5833568	5839069	5839244	5823215	5823526	5839948	5840075	7267	7,7,10,12	0,3,0,3	9,2,1,6	6,8,5,7	141	274	5.19103833974e-06	0.000716948196613	1.0,0.819,1.0,0.886	0.745,0.327,0.28,0.625	0.432
7300	ENSG00000109339	MAPK10	chr4	-	86089205	86089277	86098523	86101217	86067772	86067955	86101893	86102032	7300	732,689,821,1036	2,7,6,3	839,600,711,1062	1,3,0,0	2793	171	0.000109594946922	0.0066750810529	0.957,0.858,0.893,0.955	0.981,0.924,1.0,1.0	-0.06
7372	ENSG00000101294	HM13	chr20	+	31527483	31527582	31538178	31538359	31514501	31514734	31544946	31545035	7372	9,28,31,19	4,1,0,0	18,17,39,17	4,26,2,3	198	280	0.000186295426784	0.0097170901864	0.761,0.975,1.0,1.0	0.864,0.48,0.965,0.889	0.135
7464	ENSG00000176406	RIMS2	chr8	+	103525810	103525991	103652623	103652714	103500873	103501062	103697085	103697296	7464	19,12,3,11	0,3,1,7	12,14,9,12	0,0,0,1	280	190	6.48573003237e-06	0.000844605806978	1.0,0.731,0.671,0.516	1.0,1.0,1.0,0.891	-0.243
7552	ENSG00000120049	KCNIP2	chr10	-	101828150	101828258	101828388	101828459	101827888	101827993	101828626	101828696	7552	14,15,29,19	8,5,13,20	25,17,38,48	53,62,46,52	170	207	0.000350222358147	0.0154003607354	0.681,0.785,0.731,0.536	0.365,0.25,0.501,0.529	0.272
7567	ENSG00000164619	BMPER	chr7	+	34062001	34062047	34078856	34079186	34055162	34055303	34085755	34086092	7567	0,0,0,0	8,5,2,8	1,2,3,0	5,2,10,9	145	429	0.000934052895369	0.0300305662032	0.0,0.0,0.0,0.0	0.372,0.747,0.47,0.0	-0.397
7594	ENSG00000112679	DUSP22	chr6	+	311879	311962	335113	335163	304627	304661	345853	345928	7594	4,9,9,2	0,0,0,0	4,3,1,4	1,0,15,2	182	149	2.4570752426e-06	0.000415415169464	1.0,1.0,1.0,1.0	0.766,1.0,0.052,0.621	0.39
7607	ENSG00000169398	PTK2	chr8	-	140830471	140830526	140864311	140864399	140818879	140819020	140890542	140890769	7607	22,14,15,35	50,86,95,107	19,7,1,28	72,104,185,142	187	154	0.000330808034632	0.0147450163073	0.266,0.118,0.115,0.212	0.179,0.053,0.004,0.14	0.084
7972	ENSG00000285517	LINC00941	chr12	+	30796982	30797210	30798144	30798315	30795947	30796029	30799912	30800021	7972	1,1,0,0	0,2,1,3	2,4,13,0	1,5,4,1	327	270	0.000253069881035	0.012105381724	1.0,0.292,0.0,0.0	0.623,0.398,0.729,0.0	-0.114
8233	ENSG00000273018	FAM106A	chr17	-	18587665	18587879	18590391	18590555	18582657	18582786	18594720	18594862	8233	0,2,0,0	25,20,6,17	1,2,0,5	11,12,5,11	263	313	0.00116654831392	0.0353060887849	0.0,0.106,0.0,0.0	0.098,0.166,0.0,0.351	-0.127
8284	ENSG00000009307	CSDE1	chr1	-	114741526	114741673	114745156	114745245	114739691	114739890	114749820	114750207	8284	0,0,0,0	4,7,2,12	0,0,15,0	4,3,32,16	188	246	3.89064302551e-05	0.00312718405805	0.0,0.0,0.0,0.0	0.0,0.0,0.38,0.0	-0.095
8334	ENSG00000137075	RNF38	chr9	-	36369718	36369932	36375933	36376127	36357774	36357942	36390466	36390616	8334	21,40,28,27	93,130,259,91	20,45,51,27	68,89,162,57	293	313	0.00147028828133	0.0416694996726	0.194,0.247,0.104,0.241	0.239,0.351,0.252,0.336	-0.098
8417	ENSG00000267575	LINC02987	chr19	+	27918687	27918863	27918941	27919047	27902599	27902694	27919779	27919858	8417	2,0,10,2	1,9,28,1	0,0,1,1	2,6,9,1	275	205	0.00149003503832	0.0418792691823	0.599,0.0,0.21,0.599	0.0,0.0,0.076,0.427	0.226
8442	ENSG00000111731	C2CD5	chr12	-	22484696	22484888	22493222	22493337	22482556	22482743	22506710	22506819	8442	19,48,52,46	87,118,106,220	51,111,169,118	91,93,74,205	214	291	2.79986975147e-05	0.00240837919148	0.229,0.356,0.4,0.221	0.432,0.619,0.756,0.439	-0.26
8444	ENSG00000111731	C2CD5	chr12	-	22490122	22490218	22493222	22493337	22484696	22484888	22506710	22506819	8444	19,50,52,46	45,145,70,75	51,110,169,118	42,161,172,123	214	195	0.000743586270737	0.0255845858626	0.278,0.239,0.404,0.359	0.525,0.384,0.472,0.466	-0.142
8446	ENSG00000111731	C2CD5	chr12	-	22493222	22493337	22502738	22502804	22490122	22490218	22506710	22506819	8446	19,28,22,16	86,236,156,164	16,9,4,24	120,326,451,304	165	214	2.89100075102e-07	8.85911042641e-05	0.223,0.133,0.155,0.112	0.147,0.035,0.011,0.093	0.084
8491	ENSG00000053328	METTL24	chr6	-	110298921	110299150	110315341	110315481	110243939	110246260	110322773	110322872	8491	1,0,2,1	11,26,33,17	0,2,11,2	3,11,5,2	239	328	0.000168159947268	0.00920561842021	0.111,0.0,0.077,0.075	0.0,0.2,0.751,0.578	-0.317
8612	ENSG00000138614	INTS14	chr15	-	65605128	65605236	65607158	65607442	65599773	65599929	65611097	65611289	8612	6,3,10,7	2,0,4,2	3,1,0,2	3,9,2,8	383	207	2.65512269226e-06	0.00044129039187	0.619,1.0,0.575,0.654	0.351,0.057,0.0,0.119	0.58
8643	ENSG00000211460	TSN	chr2	+	121758709	121758806	121761408	121761524	121755684	121755845	121763004	121763084	8643	1,0,0,0	14,10,38,38	0,2,5,2	16,13,12,26	196	215	0.000673313445159	0.0240091332481	0.073,0.0,0.0,0.0	0.0,0.144,0.314,0.078	-0.116
8655	ENSG00000146147	MLIP	chr6	+	54149055	54149127	54202104	54202233	54136714	54138286	54230713	54230917	8655	6,21,15,25	30,108,60,79	11,25,13,25	60,208,234,152	171	228	0.000556803277366	0.0211628408444	0.211,0.206,0.25,0.297	0.196,0.138,0.069,0.18	0.095
8659	ENSG00000213020	ZNF611	chr19	-	52707468	52707542	52714014	52714141	52702812	52706864	52715831	52715913	8659	2,12,2,5	1,3,8,0	4,8,18,6	0,0,0,0	226	173	3.1901046762e-06	0.000504551071852	0.605,0.754,0.161,1.0	1.0,1.0,1.0,1.0	-0.37
8697	ENSG00000291102	GUSBP1	chr5	+	21491320	21491508	21495097	21495182	21461782	21461866	21497021	21497196	8697	7,2,2,5	7,1,7,28	7,4,4,12	1,0,0,5	287	184	6.31621515623e-06	0.000836983862459	0.391,0.562,0.155,0.103	0.818,1.0,1.0,0.606	-0.553
8796	ENSG00000078549	ADCYAP1R1	chr7	+	31100126	31100210	31103236	31103366	31092643	31092735	31104867	31104909	8796	6,20,11,15	93,152,280,96	14,9,33,18	66,73,208,88	183	229	0.00118178192062	0.0356570877342	0.075,0.141,0.047,0.164	0.21,0.134,0.166,0.204	-0.072
8800	ENSG00000137171	KLC4	chr6	+	43071566	43071619	43071851	43071922	43071274	43071374	43072146	43072255	8800	2,3,6,2	0,2,11,4	0,1,0,0	3,1,1,6	152	170	9.79871451312e-07	0.000213524876701	1.0,0.627,0.379,0.359	0.0,0.528,0.0,0.0	0.459
8854	ENSG00000095637	SORBS1	chr10	-	95371325	95371427	95371983	95372049	95367649	95367699	95375972	95376056	8854	9,5,24,9	86,116,128,193	1,10,3,8	108,135,155,190	165	201	0.00083810774133	0.0278218344461	0.113,0.05,0.186,0.054	0.011,0.083,0.023,0.049	0.059
8889	ENSG00000178971	CTC1	chr17	-	8228724	8228892	8229141	8229206	8228502	8228629	8229301	8229446	8889	1,2,3,3	5,2,0,6	0,1,0,0	1,1,4,3	164	267	9.60275328588e-07	0.000213524876701	0.246,0.619,1.0,0.449	0.0,0.619,0.0,0.0	0.424
8890	ENSG00000178971	CTC1	chr17	-	8228726	8228892	8229141	8229206	8228502	8228629	8229301	8229446	8890	1,2,3,3	4,14,1,8	0,1,0,0	5,9,13,1	164	265	1.09873569309e-06	0.000225877043537	0.288,0.188,0.829,0.377	0.0,0.152,0.0,0.0	0.383
8956	ENSG00000067225	PKM	chr15	-	72202453	72202620	72203021	72203188	72200473	72200655	72206727	72206880	8956	42,88,245,19	0,0,0,0	23,59,159,31	1,4,8,4	266	266	1.72183263077e-05	0.00174064853375	1.0,1.0,1.0,1.0	0.958,0.937,0.952,0.886	0.067
8991	ENSG00000177879	AP3S1	chr5	+	115870016	115870128	115895086	115895158	115841934	115842106	115902884	115902992	8991	0,0,10,3	2,7,22,9	0,0,1,2	5,9,12,8	211	171	0.000546879521118	0.0209480491566	0.0,0.0,0.269,0.213	0.0,0.0,0.063,0.168	0.063
9003	ENSG00000198947	DMD	chrX	-	31169442	31169601	31172347	31172413	31147274	31147518	31178668	31178805	9003	1,1,0,2	28,26,50,27	2,3,5,1	23,10,21,23	165	258	0.000891166483237	0.0291292617821	0.053,0.057,0.0,0.104	0.12,0.319,0.271,0.064	-0.14
9198	ENSG00000175455	CCDC14	chr3	-	123955842	123956115	123956354	123956427	123948895	123949132	123956739	123956795	9198	0,1,0,0	2,3,2,11	2,7,1,0	2,4,7,1	172	372	1.08089921198e-05	0.00126182115151	0.0,0.419,0.0,0.0	0.684,0.791,0.236,0.0	-0.323
9200	ENSG00000239382	ALKBH6	chr19	-	36010893	36011045	36011403	36011464	36010566	36010683	36013020	36013089	9200	3,1,0,1	1,4,4,8	0,3,35,3	1,1,0,5	160	251	0.000944266010478	0.0300632223985	0.825,0.282,0.0,0.164	0.0,0.825,1.0,0.485	-0.26
9211	ENSG00000205853	RFPL3S	chr22	-	32370898	32370941	32377260	32377349	32368496	32368567	32381147	32381255	9211	0,0,0,2	3,2,3,8	2,3,1,1	2,0,1,3	188	142	0.000171927834932	0.0092846309258	0.0,0.0,0.0,0.159	0.43,1.0,0.43,0.201	-0.475
9289	ENSG00000151322	NPAS3	chr14	+	33560120	33560210	33676210	33676385	33367185	33367268	33735213	33735332	9289	6,17,7,10	2,11,8,2	4,2,1,4	2,0,0,1	189	274	0.000643073759527	0.0232679933054	0.813,0.691,0.559,0.879	0.744,1.0,1.0,0.853	-0.164
9293	ENSG00000106070	GRB10	chr7	-	50705139	50705323	50732271	50732368	50703820	50703908	50755886	50756056	9293	2,3,2,3	6,4,10,5	0,0,0,3	17,7,5,15	196	283	2.18201041754e-05	0.00203778991947	0.325,0.52,0.224,0.464	0.0,0.0,0.0,0.224	0.327
9395	ENSG00000102900	NUP93	chr16	+	56839520	56839604	56841704	56841833	56837607	56837726	56844498	56844764	9395	0,0,2,0	14,15,37,10	3,7,0,0	5,27,28,13	183	228	0.00155307454028	0.0432654799488	0.0,0.0,0.063,0.0	0.428,0.244,0.0,0.0	-0.152
9596	ENSG00000148950	IMMP1L	chr11	-	31463171	31463305	31477500	31477759	31433459	31433570	31509518	31509592	9596	6,10,12,10	1,2,14,0	10,7,7,17	0,0,0,0	358	233	6.42900851555e-07	0.000161648352573	0.796,0.765,0.358,1.0	1.0,1.0,1.0,1.0	-0.27
9646	ENSG00000064115	TM7SF3	chr12	-	26990449	26990627	26995236	26995408	26982772	26982859	26996741	26996785	9646	24,29,38,14	13,9,28,9	19,8,33,24	47,10,76,16	271	277	0.000727060517781	0.0251722032421	0.654,0.767,0.581,0.614	0.292,0.45,0.307,0.605	0.24
9669	ENSG00000174482	LINGO2	chr9	-	28026258	28026318	28080823	28080978	27948549	27950706	28295207	28295366	9669	4,3,3,19	0,2,11,2	6,7,5,11	0,0,2,0	254	159	7.57550220023e-05	0.00515870656774	1.0,0.484,0.146,0.856	1.0,1.0,0.61,1.0	-0.281
9750	ENSG00000108239	TBC1D12	chr10	+	94500220	94500327	94507266	94507347	94497054	94497172	94510090	94510179	9750	5,1,6,6	0,0,0,1	6,6,3,7	1,9,5,3	206	180	1.08269451848e-07	4.42370935342e-05	1.0,1.0,1.0,0.84	0.84,0.368,0.344,0.671	0.404
9784	ENSG00000166833	NAV2	chr11	+	19832483	19832601	19842870	19842923	19350723	19351027	19868924	19868997	9784	10,16,19,15	47,104,86,87	7,6,11,4	46,133,133,68	217	152	9.23770159335e-05	0.00603899345496	0.13,0.097,0.134,0.108	0.096,0.031,0.055,0.04	0.062
9794	ENSG00000197070	ARRDC1	chr9	+	137612895	137613006	137613459	137613510	137605685	137605835	137613614	137613769	9794	0,0,0,0	6,3,4,10	0,2,7,2	1,16,23,3	210	150	4.94155313907e-05	0.00384578333982	0.0,0.0,0.0,0.0	0.0,0.082,0.179,0.323	-0.146
9905	ENSG00000163618	CADPS	chr3	-	62512750	62512768	62513637	62513706	62499161	62499268	62516058	62516182	9905	23,20,18,32	24,54,61,56	26,51,31,85	23,19,5,11	168	117	2.08396346846e-08	1.07557647006e-05	0.4,0.205,0.17,0.285	0.44,0.651,0.812,0.843	-0.421
9960	ENSG00000141644	MBD1	chr18	-	50274185	50274353	50274976	50275045	50273563	50273863	50275128	50275245	9960	2,4,13,4	5,16,6,10	1,3,0,2	7,52,5,14	168	267	2.92481323265e-05	0.00247247573788	0.389,0.284,0.775,0.389	0.185,0.084,0.0,0.185	0.346
10014	ENSG00000233452	STXBP5-AS1	chr6	-	146962390	146962566	146972044	146972070	146911551	146911665	147074804	147074847	10014	0,2,1,0	1,0,0,1	0,1,1,0	2,3,0,1	125	275	0.000198048908702	0.0100916068255	0.0,1.0,1.0,0.0	0.0,0.423,1.0,0.0	0.144
10021	ENSG00000233452	STXBP5-AS1	chr6	-	147001440	147001543	147119416	147119477	146851117	146851331	147131865	147131953	10021	1,0,2,0	0,3,13,2	1,1,2,3	4,1,1,0	160	202	0.000172323355955	0.0092846309258	1.0,0.0,0.163,0.0	0.24,0.558,0.716,1.0	-0.338
10062	ENSG00000090097	PCBP4	chr3	-	51961748	51961894	51961940	51962088	51961159	51961304	51967325	51967454	10062	11,7,4,19	4,0,3,2	4,9,7,7	1,0,1,0	247	245	0.00133816469536	0.0389378130644	0.732,1.0,0.569,0.904	0.799,1.0,0.874,1.0	-0.117
10116	ENSG00000112320	SOBP	chr6	+	107587079	107587175	107633513	107635469	107506241	107506427	107658206	107661306	10116	0,1,10,2	49,138,119,106	0,3,0,0	81,104,211,73	195	2055	0.000366520304976	0.0159737693804	0.0,0.071,0.47,0.166	0.0,0.233,0.0,0.0	0.118
10120	ENSG00000124155	PIGT	chr20	+	45416516	45416654	45418851	45418979	45416140	45416343	45419294	45419395	10120	6,3,28,7	15,26,78,27	13,40,11,20	19,44,26,35	237	227	0.00176967186763	0.047028190607	0.277,0.1,0.256,0.199	0.396,0.465,0.288,0.354	-0.168
10121	ENSG00000124155	PIGT	chr20	+	45416516	45416694	45418851	45418979	45416122	45416343	45419294	45419395	10121	9,6,32,10	15,26,78,27	14,48,15,27	19,44,26,35	277	227	0.00175870569811	0.0469555815455	0.33,0.159,0.252,0.233	0.376,0.472,0.321,0.387	-0.146
10123	ENSG00000124155	PIGT	chr20	+	45416516	45416694	45418851	45418979	45416141	45416343	45419503	45419590	10123	9,6,32,8	2,1,12,3	14,48,15,27	2,1,3,2	277	227	0.000953578929198	0.0302614724263	0.787,0.831,0.686,0.686	0.852,0.975,0.804,0.917	-0.14
10215	ENSG00000204138	PHACTR4	chr1	+	28459084	28459258	28460211	28460292	28407409	28407463	28465684	28465849	10215	0,8,11,5	23,57,89,59	10,9,29,11	26,35,65,41	273	180	2.04837945283e-06	0.000365207434808	0.0,0.085,0.075,0.053	0.202,0.145,0.227,0.15	-0.128
10229	ENSG00000068400	GRIPAP1	chrX	-	48993427	48993578	48997249	48997357	48989971	48990003	48998153	48998180	10229	15,31,7,42	2,2,1,18	19,27,48,26	2,1,1,4	207	250	0.00187855591475	0.0488695388285	0.901,0.949,0.894,0.738	0.92,0.97,0.983,0.887	-0.07
10290	ENSG00000237298	TTN-AS1	chr2	+	178537603	178537691	178584572	178584993	178523291	178523636	178597595	178597681	10290	1,3,0,0	6,4,3,17	1,6,8,3	0,6,2,5	187	520	5.55541270005e-05	0.00422297495633	0.317,0.676,0.0,0.0	1.0,0.736,0.918,0.625	-0.571
10315	ENSG00000231721	LINC-PINT	chr7	-	130967388	130967517	130978507	130978528	130944165	130945835	130984052	130984109	10315	7,7,14,18	42,43,69,38	3,2,4,4	44,51,72,55	120	228	1.14285181453e-05	0.0013184476345	0.241,0.236,0.278,0.474	0.115,0.069,0.095,0.121	0.207
10350	ENSG00000131089	ARHGEF9	chrX	-	63715987	63716119	63722761	63722897	63706257	63706449	63724531	63724711	10350	1,3,1,4	0,13,4,1	0,0,0,2	4,1,9,3	235	231	0.000416459252948	0.017158821153	1.0,0.185,0.197,0.797	0.0,0.0,0.0,0.396	0.446
10365	ENSG00000241684	ADAMTS9-AS2	chr3	+	64809794	64809851	64867167	64867257	64799464	64799745	65008944	65008986	10365	0,4,8,4	4,10,15,15	0,0,1,0	1,2,2,4	156	189	1.16827719547e-05	0.00133210769521	0.0,0.326,0.393,0.244	0.0,0.0,0.377,0.0	0.147
10423	ENSG00000135317	SNX14	chr6	-	85557975	85558060	85567533	85567577	85549722	85549879	85572136	85572215	10423	2,1,8,11	3,2,11,14	0,1,0,4	5,6,4,12	143	184	0.000518783921696	0.0201074906567	0.462,0.391,0.483,0.503	0.0,0.177,0.0,0.3	0.341
10428	ENSG00000135317	SNX14	chr6	-	85561214	85561340	85564727	85564985	85557975	85558060	85565331	85565419	10428	4,2,0,1	0,1,16,0	1,14,2,1	0,0,0,0	357	225	0.00098380038351	0.0309203415407	1.0,0.558,0.0,1.0	1.0,1.0,1.0,1.0	-0.361
10430	ENSG00000135317	SNX14	chr6	-	85561214	85561340	85564729	85564981	85557975	85558060	85565331	85565419	10430	3,2,0,4	0,1,16,0	3,9,4,2	0,0,0,0	351	225	0.00121079223767	0.0360369190935	1.0,0.562,0.0,1.0	1.0,1.0,1.0,1.0	-0.359
10431	ENSG00000135317	SNX14	chr6	-	85561214	85561340	85564729	85564985	85557975	85558060	85565331	85565419	10431	5,2,0,4	0,1,16,0	3,16,4,2	0,0,0,0	355	225	0.00129500894146	0.0382495713252	1.0,0.559,0.0,1.0	1.0,1.0,1.0,1.0	-0.36
10566	ENSG00000100320	RBFOX2	chr22	-	35750425	35750457	35756104	35756144	35746472	35746561	35759887	35760020	10566	20,81,89,33	0,8,15,1	24,83,122,38	0,2,1,1	139	131	1.42633123268e-06	0.000279732081353	1.0,0.905,0.848,0.969	1.0,0.975,0.991,0.973	-0.054
10667	ENSG00000145428	RNF175	chr4	-	153728206	153728361	153748644	153748786	153723350	153723458	153751437	153751475	10667	5,1,3,6	4,5,21,6	1,0,0,0	1,7,14,4	241	254	3.81043390907e-06	0.000565892396337	0.568,0.174,0.131,0.513	0.513,0.0,0.0,0.0	0.218
10756	ENSG00000203705	TATDN3	chr1	+	212797111	212797196	212802700	212802763	212796516	212796590	212804319	212804429	10756	7,9,30,24	0,0,5,6	8,11,8,10	0,1,0,0	184	162	6.92741319109e-05	0.00485424396576	1.0,1.0,0.841,0.779	1.0,0.906,1.0,1.0	-0.072
10757	ENSG00000203705	TATDN3	chr1	+	212804595	212804651	212807735	212807848	212804319	212804429	212812250	212812328	10757	0,5,7,1	2,0,13,14	0,2,0,0	1,2,1,5	155	212	0.000981605699032	0.0309203415407	0.0,1.0,0.424,0.089	0.0,0.578,0.0,0.0	0.234
10776	ENSG00000079841	RIMS1	chr6	+	72265959	72266049	72284046	72284118	72260704	72260767	72291933	72292046	10776	35,34,47,41	3,8,2,8	18,27,45,24	1,0,0,0	189	171	3.50728015075e-07	0.00010115408576	0.913,0.794,0.955,0.823	0.942,1.0,1.0,1.0	-0.114
10784	ENSG00000165240	ATP7A	chrX	+	77922998	77923188	77962622	77962814	77910738	77910835	77971620	77971761	10784	1,0,18,1	5,29,2,9	0,0,2,0	2,31,23,9	289	291	0.00147783362551	0.0417626413019	0.168,0.0,0.901,0.101	0.0,0.0,0.081,0.0	0.272
10822	ENSG00000174891	RSRC1	chr3	+	158225656	158225733	158298038	158298075	158203071	158203245	158354856	158354908	10822	4,3,21,0	35,27,13,57	0,2,0,0	33,31,14,52	176	136	1.80680060849e-05	0.00178964512796	0.081,0.079,0.555,0.0	0.0,0.047,0.0,0.0	0.167
10823	ENSG00000165061	ZMAT4	chr8	-	40581164	40581261	40674703	40674931	40530589	40532238	40697244	40697401	10823	49,58,62,125	5,2,2,8	48,31,4,85	7,7,15,11	327	196	0.000543702703175	0.0209080341464	0.855,0.946,0.949,0.904	0.804,0.726,0.138,0.822	0.291
10952	ENSG00000127616	SMARCA4	chr19	+	11007901	11008023	11010380	11010531	11003339	11003397	11012948	11013112	10952	24,31,33,39	27,34,49,40	10,25,20,21	18,44,54,58	221	250	0.00109634088346	0.0335959959475	0.501,0.508,0.432,0.524	0.386,0.391,0.295,0.291	0.15
11030	ENSG00000228794	LINC01128	chr1	+	847653	847806	851926	852089	829002	829104	852670	852766	11030	7,5,8,3	1,1,0,4	3,2,0,3	2,2,14,4	252	262	0.000227061156976	0.011188752288	0.879,0.839,1.0,0.438	0.609,0.51,0.0,0.438	0.4
11031	ENSG00000228794	LINC01128	chr1	+	847653	847806	851926	852110	829002	829104	852670	852766	11031	7,5,8,3	16,22,3,19	3,2,0,3	11,24,65,18	252	283	0.000406501918505	0.0169623736717	0.329,0.203,0.75,0.151	0.234,0.086,0.0,0.158	0.239
11038	ENSG00000120658	ENOX1	chr13	-	43484008	43484152	43667478	43667544	43412844	43412988	43786651	43786972	11038	4,5,3,3	15,44,72,13	7,8,21,12	18,41,66,13	165	243	0.000929317007554	0.0299765874213	0.282,0.143,0.058,0.254	0.364,0.223,0.319,0.576	-0.186
11129	ENSG00000231607	DLEU2	chr13	-	50029277	50029492	50049583	50049662	50027087	50027406	50068096	50068163	11129	3,1,1,1	0,3,0,4	1,0,1,1	1,4,2,13	178	314	0.000103151397247	0.00648399103464	1.0,0.37,1.0,0.306	0.638,0.0,0.469,0.119	0.363
11130	ENSG00000231607	DLEU2	chr13	-	50044650	50044768	50049583	50049662	50027087	50027406	50068096	50068163	11130	3,1,1,1	3,0,0,0	1,0,1,1	4,1,1,6	178	217	2.1394110572e-07	7.25714468658e-05	0.549,1.0,1.0,1.0	0.234,0.0,0.549,0.169	0.649
11160	ENSG00000119684	MLH3	chr14	-	75033418	75033490	75038339	75038412	75032067	75032179	75039910	75040015	11160	6,8,13,8	0,0,3,2	3,5,25,9	2,5,13,3	172	171	0.000542564420415	0.0209080341464	1.0,1.0,0.812,0.799	0.599,0.499,0.657,0.749	0.277
11381	ENSG00000089022	MAPKAPK5	chr12	+	111866155	111866231	111867571	111867669	111865249	111865323	111870270	111870307	11381	3,10,87,8	1,2,0,9	8,20,3,7	5,10,31,11	175	197	7.03992238948e-05	0.00489599141498	0.772,0.849,1.0,0.5	0.643,0.692,0.098,0.417	0.318
11611	ENSG00000184719	RNLS	chr10	-	88314465	88314641	88362551	88362725	88273863	88275032	88572902	88573061	11611	6,10,12,9	9,7,17,5	5,14,10,10	3,2,0,3	273	275	0.000219688612152	0.0108801339938	0.402,0.59,0.416,0.645	0.627,0.876,1.0,0.771	-0.305
11739	ENSG00000148660	CAMK2G	chr10	-	73824039	73824084	73825278	73825347	73821681	73821730	73828088	73828121	11739	5,10,24,4	39,36,36,43	3,1,1,2	23,27,15,30	168	144	0.000276953032111	0.0130567376581	0.099,0.192,0.364,0.074	0.101,0.031,0.054,0.054	0.122
11746	ENSG00000148660	CAMK2G	chr10	-	73828088	73828121	73837467	73837511	73825278	73825347	73842168	73842211	11746	24,13,62,26	2,3,7,0	25,10,4,13	2,0,0,0	143	132	0.00113906420993	0.0346883964055	0.917,0.8,0.891,1.0	0.92,1.0,1.0,1.0	-0.078
11818	ENSG00000147010	SH3KBP1	chrX	-	19541924	19542193	19545921	19546050	19537716	19537780	19549973	19550083	11818	2,5,3,6	13,25,57,20	6,4,7,10	14,15,6,12	228	368	0.000793126708339	0.0266349332259	0.199,0.244,0.078,0.326	0.409,0.301,0.653,0.574	-0.272
11820	ENSG00000147010	SH3KBP1	chrX	-	19687570	19687691	19694994	19695051	19683822	19684028	19695611	19695741	11820	1,4,7,3	16,75,56,37	2,15,18,10	19,28,8,18	156	220	1.62727783367e-05	0.00167969330915	0.081,0.07,0.15,0.103	0.129,0.43,0.76,0.439	-0.339
11821	ENSG00000147010	SH3KBP1	chrX	-	19687616	19687686	19694994	19695051	19683822	19684028	19695611	19695741	11821	1,4,7,3	15,85,55,44	2,15,18,10	17,54,56,27	156	169	9.3184421821e-06	0.00112810671651	0.067,0.049,0.121,0.069	0.113,0.231,0.258,0.286	-0.146
11822	ENSG00000147010	SH3KBP1	chrX	-	19687616	19687691	19694994	19695051	19683822	19684028	19695611	19695741	11822	1,4,7,3	38,196,134,98	2,15,18,10	38,97,71,50	156	174	1.28680065492e-08	8.41224481476e-06	0.029,0.022,0.055,0.033	0.055,0.147,0.22,0.182	-0.116
11917	ENSG00000227888	FAM66A	chr8	+	12438163	12438511	12440968	12441061	12436994	12437710	12444755	12444894	11917	2,2,2,6	2,0,2,2	1,10,4,3	0,1,0,1	447	192	0.000178169243251	0.00954714535147	0.3,1.0,0.3,0.563	1.0,0.811,1.0,0.563	-0.303
11918	ENSG00000227888	FAM66A	chr8	+	12438163	12438511	12440999	12441061	12437002	12437710	12444755	12444894	11918	2,2,2,6	1,0,2,6	1,10,4,3	0,0,0,1	447	161	1.49800834559e-06	0.000288028820331	0.419,1.0,0.265,0.265	1.0,1.0,1.0,0.519	-0.392
11939	ENSG00000227888	FAM66A	chr8	+	12440968	12441061	12441587	12442225	12438163	12438511	12444755	12444894	11939	2,0,2,3	3,5,12,3	0,1,0,1	3,0,9,3	192	737	0.00189008571418	0.0488695388285	0.719,0.0,0.39,0.793	0.0,1.0,0.0,0.561	0.085
11940	ENSG00000227888	FAM66A	chr8	+	12440968	12441061	12441587	12442285	12438163	12438511	12444755	12444894	11940	2,0,2,3	4,8,14,4	0,1,0,1	3,1,9,5	192	797	0.000129571599212	0.00756297084448	0.675,0.0,0.372,0.757	0.0,0.806,0.0,0.454	0.136
11951	ENSG00000227888	FAM66A	chr8	+	12440999	12441061	12441587	12442285	12438163	12438511	12444755	12444894	11951	4,0,4,2	4,8,14,4	0,0,0,1	3,1,9,5	161	797	1.60545556804e-06	0.000302751871158	0.832,0.0,0.586,0.712	0.0,0.0,0.0,0.498	0.408
11963	ENSG00000227888	FAM66A	chr8	+	12444755	12444894	12530942	12531031	12440968	12441061	12565885	12566915	11963	2,1,5,6	4,13,2,3	0,1,0,2	1,19,15,9	238	188	1.05417317867e-05	0.00124544845663	0.283,0.057,0.664,0.612	0.0,0.04,0.0,0.149	0.357
11966	ENSG00000227888	FAM66A	chr8	+	12444755	12445027	12530942	12531031	12440968	12441061	12565885	12566915	11966	2,1,5,5	4,13,2,3	0,1,0,3	1,19,15,9	371	188	0.000139118832819	0.00807218505694	0.202,0.038,0.559,0.458	0.0,0.026,0.0,0.145	0.272
12115	ENSG00000172965	MIR4435-2HG	chr2	-	111208487	111208661	111239801	111239996	111131607	111132255	111344060	111344237	12115	5,2,3,2	1,4,0,3	0,2,0,0	3,3,6,1	294	273	1.35737079199e-06	0.000271640367066	0.823,0.317,1.0,0.382	0.0,0.382,0.0,0.0	0.535
12131	ENSG00000172965	MIR4435-2HG	chr2	-	111239801	111239996	111248147	111248241	111233627	111233739	111344060	111344237	12131	4,1,0,0	5,2,3,4	1,0,40,3	0,2,0,8	193	294	0.00158689415317	0.0438340396225	0.549,0.432,0.0,0.0	1.0,0.0,1.0,0.364	-0.346
12140	ENSG00000130997	POLN	chr4	-	2176265	2176334	2179307	2179465	2174690	2174751	2193203	2193316	12140	21,7,12,34	10,6,22,12	14,39,26,33	3,5,1,11	257	168	0.000315363938282	0.0143169387907	0.579,0.433,0.263,0.649	0.753,0.836,0.944,0.662	-0.318
12239	ENSG00000104133	SPG11	chr15	-	44620124	44620403	44621758	44621934	44615362	44615566	44622219	44622347	12239	40,46,29,51	0,13,3,23	34,23,5,28	11,18,5,32	275	378	0.000125124867035	0.00743620876452	1.0,0.829,0.93,0.753	0.809,0.637,0.579,0.546	0.235
12249	ENSG00000119537	KDSR	chr18	-	63344409	63344493	63350887	63351079	63338799	63338883	63355203	63355299	12249	4,4,6,4	0,0,0,0	8,7,23,3	3,0,1,3	291	183	0.001813016347	0.0479137200241	1.0,1.0,1.0,1.0	0.626,1.0,0.935,0.386	0.263
12302	ENSG00000138757	G3BP2	chr4	-	75694797	75694929	75713125	75713336	75661930	75662049	75724055	75724176	12302	5,3,17,10	0,0,15,0	7,9,12,7	0,0,0,0	310	231	0.00118722727832	0.0357115051877	1.0,1.0,0.458,1.0	1.0,1.0,1.0,1.0	-0.135
12303	ENSG00000138757	G3BP2	chr4	-	75694797	75695073	75713125	75713336	75661930	75662049	75724055	75724176	12303	5,3,17,10	1,1,9,0	7,9,12,7	1,0,1,0	310	375	0.00020728933256	0.0103708122198	0.858,0.784,0.696,1.0	0.894,1.0,0.936,1.0	-0.123
12335	ENSG00000089505	CMTM1	chr16	+	66571136	66571270	66577103	66577202	66569935	66570094	66578830	66579135	12335	4,0,4,1	0,1,0,0	1,0,6,0	1,4,5,5	233	198	2.38037219158e-07	7.78064323688e-05	1.0,0.0,1.0,1.0	0.459,0.0,0.505,0.0	0.509
12460	ENSG00000293110	NA	chr6	-	126943385	126943608	127000282	127000383	126919559	126919646	127004184	127004398	12460	2,1,0,0	5,0,10,7	4,0,1,3	0,1,0,5	200	322	2.58226359769e-05	0.00226086400348	0.392,1.0,0.0,0.0	1.0,0.0,1.0,0.491	-0.275
12599	ENSG00000150768	DLAT	chr11	+	112033403	112033530	112037272	112037460	112028791	112028945	112039243	112039397	12599	7,14,5,23	8,18,45,33	7,11,21,23	5,8,12,7	226	287	0.000281049311863	0.0131864571872	0.526,0.497,0.124,0.47	0.64,0.636,0.69,0.807	-0.289
12647	ENSG00000229425	NA	chr21	-	15412675	15412872	15441225	15441348	15401987	15402234	15444023	15444081	12647	0,0,0,2	5,23,8,9	4,0,0,15	10,23,29,31	222	296	0.000194386480231	0.00997986295888	0.0,0.0,0.0,0.229	0.348,0.0,0.0,0.392	-0.128
12873	ENSG00000291176	NA	chr2	+	96015108	96015325	96019480	96019700	96010531	96010732	96021124	96021233	12873	2,11,14,6	0,5,12,3	6,9,10,3	0,3,1,0	316	319	0.000645870706516	0.0232679933054	1.0,0.69,0.541,0.669	1.0,0.752,0.91,1.0	-0.191
12886	ENSG00000291176	NA	chr2	+	96015108	96015325	96019627	96019700	96010592	96010732	96021124	96021233	12886	2,11,14,6	0,2,5,1	6,9,10,3	0,0,0,0	316	172	5.18816936709e-05	0.00397462412607	1.0,0.75,0.604,0.766	1.0,1.0,1.0,1.0	-0.22
12941	ENSG00000107518	ATRNL1	chr10	+	115334281	115334419	115394658	115394752	115315517	115315736	115519262	115519324	12941	299,643,581,473	14,47,16,30	327,616,464,582	29,81,37,64	237	193	1.05804051986e-06	0.000225546637777	0.946,0.918,0.967,0.928	0.902,0.861,0.911,0.881	0.051
12943	ENSG00000107518	ATRNL1	chr10	+	115394658	115394752	115426249	115426302	115315517	115315736	115461940	115462016	12943	29,51,16,40	67,82,86,101	38,82,50,82	49,79,62,111	193	152	2.65469745909e-05	0.00230371356494	0.254,0.329,0.128,0.238	0.379,0.45,0.388,0.368	-0.159
12959	ENSG00000163697	APBB2	chr4	-	41100638	41100750	41138041	41138156	41033235	41033304	41142986	41143142	12959	0,0,0,0	10,58,38,58	0,0,12,0	10,52,29,39	214	211	0.00131487781508	0.038563009788	0.0,0.0,0.0,0.0	0.0,0.0,0.29,0.0	-0.072
12988	ENSG00000139974	SLC38A6	chr14	+	61037624	61037683	61043146	61043212	61030444	61030523	61043449	61043503	12988	3,0,1,10	12,11,8,21	0,0,0,1	8,21,37,24	158	165	8.51303433635e-07	0.000203606865127	0.207,0.0,0.115,0.332	0.0,0.0,0.0,0.042	0.153
13078	ENSG00000147481	SNTG1	chr8	+	50172560	50172635	50402209	50402324	49911658	49912231	50438542	50438599	13078	52,50,32,59	11,27,14,31	53,32,53,41	7,5,9,11	174	214	0.000329140631986	0.0147450163073	0.853,0.695,0.738,0.701	0.903,0.887,0.879,0.821	-0.126
13087	ENSG00000147481	SNTG1	chr8	+	50450555	50450599	50450687	50450729	50449667	50449725	50457021	50457080	13087	39,133,112,71	2,1,1,3	31,60,90,42	5,2,8,3	143	141	0.000412083988084	0.0170583992946	0.951,0.992,0.991,0.959	0.859,0.967,0.917,0.932	0.054
13172	ENSG00000131437	KIF3A	chr5	-	132706450	132706459	132708906	132708978	132703462	132703619	132710958	132711057	13172	18,39,48,8	46,80,78,39	8,7,7,4	57,63,67,48	171	108	3.58177842941e-09	3.19299266171e-06	0.198,0.235,0.28,0.115	0.081,0.066,0.062,0.05	0.142
13192	ENSG00000293697	ANKRD20A5P	chr18	+	14208170	14208242	14211308	14211416	14208049	14208078	14214212	14214283	13192	81,178,91,150	71,42,25,135	35,47,80,57	63,51,73,84	171	207	0.000183778689797	0.00965230141725	0.58,0.837,0.815,0.574	0.402,0.527,0.57,0.451	0.214
13223	ENSG00000108423	TUBD1	chr17	-	59878102	59878334	59886082	59886230	59866608	59866749	59892696	59892893	13223	0,0,0,0	3,10,3,9	2,1,14,2	2,4,14,4	247	331	2.24921192782e-11	8.84676072398e-08	0.0,0.0,0.0,0.0	0.573,0.251,0.573,0.401	-0.449
13287	ENSG00000138658	ZGRF1	chr4	-	112606007	112606091	112609378	112609429	112587279	112587929	112612523	112612588	13287	3,0,0,2	4,2,6,10	1,2,10,1	2,2,1,3	150	183	0.00170220183014	0.0457309346475	0.478,0.0,0.0,0.196	0.379,0.55,0.924,0.289	-0.367
13296	ENSG00000138346	DNA2	chr10	-	68465666	68465812	68468122	68468306	68450027	68450247	68469980	68470163	13296	32,13,1,23	1,0,0,0	20,6,0,26	2,2,2,4	283	245	0.000213752850357	0.0106399007645	0.965,1.0,1.0,1.0	0.896,0.722,0.0,0.849	0.375
13410	ENSG00000169519	METTL15	chr11	+	28290205	28290397	28296752	28296931	28211061	28211198	28352089	28352158	13410	14,7,44,22	2,6,8,3	7,5,12,8	14,6,5,6	291	278	0.00169084561796	0.0456761215695	0.87,0.527,0.84,0.875	0.323,0.443,0.696,0.56	0.272
13442	ENSG00000206077	ZDHHC11B	chr5	-	730433	730468	731961	732664	710354	712282	733751	733839	13442	381,288,451,590	0,1,0,2	314,259,459,487	3,5,1,7	802	134	0.000198621264259	0.0100916068255	1.0,0.98,1.0,0.98	0.946,0.896,0.987,0.921	0.052
13446	ENSG00000162086	ZNF75A	chr16	+	3312676	3312768	3316911	3317022	3311752	3311948	3317189	3317252	13446	7,14,15,12	11,33,37,23	10,6,1,7	27,32,46,36	191	210	0.000973872937551	0.0308058000827	0.412,0.318,0.308,0.365	0.289,0.171,0.023,0.176	0.186
13535	ENSG00000310527	WASH9P	chr1	-	187754	187890	188438	188584	187375	187577	195262	195416	13535	0,0,0,0	21,10,24,19	8,0,8,3	12,14,22,17	245	235	1.82782928793e-08	1.07557647006e-05	0.0,0.0,0.0,0.0	0.39,0.0,0.259,0.145	-0.199
13536	ENSG00000310527	WASH9P	chr1	-	187754	187890	188438	188584	187375	187577	199836	199872	13536	0,0,0,0	21,10,24,19	7,0,8,3	12,14,22,17	245	235	2.57864012365e-08	1.26430725263e-05	0.0,0.0,0.0,0.0	0.359,0.0,0.259,0.145	-0.191
13539	ENSG00000310527	WASH9P	chr1	-	187754	188266	188438	188584	187379	187577	199836	199869	13539	0,0,0,0	21,10,24,19	7,0,8,3	12,14,22,17	245	611	1.58505997216e-09	1.72701089856e-06	0.0,0.0,0.0,0.0	0.593,0.0,0.476,0.306	-0.344
13679	ENSG00000143549	TPM3	chr1	-	154170648	154170711	154172028	154172104	154170399	154170469	154172907	154172978	13679	2,11,5,2	11,78,79,61	9,26,34,3	36,54,107,37	175	162	2.56062072671e-05	0.00226086400348	0.144,0.115,0.055,0.029	0.188,0.308,0.227,0.07	-0.112
13680	ENSG00000143549	TPM3	chr1	-	154171412	154171488	154172028	154172104	154170648	154170711	154172907	154172978	13680	2,13,10,5	75,256,190,153	11,26,45,4	99,213,218,86	175	175	4.27722790963e-07	0.000119835705377	0.026,0.048,0.05,0.032	0.1,0.109,0.171,0.044	-0.067
13740	ENSG00000079819	EPB41L2	chr6	-	130865535	130865634	130878103	130878250	130863637	130863718	130880143	130880206	13740	1,20,16,14	41,199,226,188	21,47,84,31	101,603,213,313	246	198	0.000237474133874	0.0116433567838	0.019,0.075,0.054,0.057	0.143,0.059,0.241,0.074	-0.078
13873	ENSG00000119661	DNAL1	chr14	+	73661986	73662042	73671541	73671597	73658846	73658956	73687258	73687385	13873	2,6,15,7	0,1,0,2	7,2,1,6	1,1,6,2	155	155	0.000194077460761	0.00997986295888	1.0,0.857,1.0,0.778	0.875,0.667,0.143,0.75	0.3
13876	ENSG00000106772	PRUNE2	chr9	-	76638185	76638288	76641971	76641980	76637417	76637549	76644738	76644909	13876	2,0,0,2	20,25,60,53	7,0,2,5	11,14,47,26	108	202	0.000249950030468	0.0120147548959	0.158,0.0,0.0,0.066	0.543,0.0,0.074,0.265	-0.165
13928	ENSG00000104450	SPAG1	chr8	+	100233410	100233537	100239239	100239404	100231155	100231288	100240402	100240771	13928	3,2,1,8	35,57,23,44	5,15,10,16	24,40,36,53	226	264	3.2866537353e-05	0.00270831315364	0.091,0.039,0.048,0.175	0.196,0.305,0.245,0.261	-0.164
13940	ENSG00000091732	ZC3HC1	chr7	-	130023510	130023723	130024262	130024506	130022318	130022525	130026157	130026312	13940	2,4,0,1	4,9,2,1	0,1,0,0	4,12,5,5	343	312	0.00149054774151	0.0418792691823	0.313,0.288,0.0,0.476	0.0,0.07,0.0,0.0	0.252
14126	ENSG00000273032	DGCR5	chr22	+	18987756	18987900	18990719	18990924	18969865	18969945	19014352	19014506	14126	1,1,0,2	22,7,7,15	4,6,4,2	41,11,6,17	243	304	0.00121274559462	0.0360369190935	0.054,0.152,0.0,0.143	0.109,0.406,0.455,0.128	-0.187
14817	ENSG00000130340	SNX9	chr6	+	157876168	157876478	157888570	157888660	157875050	157875176	157896826	157896998	14817	2,4,1,3	0,1,0,0	2,5,1,4	2,0,16,5	409	189	1.69486792378e-07	6.39225956176e-05	1.0,0.649,1.0,1.0	0.316,1.0,0.028,0.27	0.509
14877	ENSG00000115970	THADA	chr2	-	43428099	43428231	43430212	43430302	43397970	43398139	43498832	43498955	14877	0,1,22,3	9,27,44,29	0,0,0,1	13,19,18,16	189	231	3.0075196279e-06	0.000483471106085	0.0,0.043,0.379,0.112	0.0,0.0,0.0,0.071	0.116
14936	ENSG00000141452	RMC1	chr18	+	23506969	23507054	23509192	23509279	23504370	23504447	23515855	23515996	14936	0,0,1,1	4,7,10,7	4,3,2,2	10,5,11,4	184	186	1.18877383574e-05	0.00133989841762	0.0,0.0,0.092,0.126	0.288,0.378,0.155,0.336	-0.235
14960	ENSG00000123600	METTL8	chr2	-	171392042	171392197	171433025	171433219	171360421	171360513	171433882	171433990	14960	0,0,0,0	6,1,6,20	3,4,0,1	5,4,2,16	293	254	0.000647783211541	0.0232679933054	0.0,0.0,0.0,0.0	0.342,0.464,0.0,0.051	-0.214
14961	ENSG00000166006	KCNC2	chr12	-	75042279	75042374	75048152	75048317	75040076	75041206	75050389	75051317	14961	13,39,211,20	0,7,5,8	30,9,76,33	1,0,1,0	264	194	1.83695240857e-05	0.00180131553184	1.0,0.804,0.969,0.648	0.957,1.0,0.982,1.0	-0.129
15014	ENSG00000187676	B3GLCT	chr13	+	31215050	31215100	31222951	31222991	31199974	31200154	31229184	31229294	15014	1,2,7,6	2,1,12,8	1,0,1,0	4,5,3,2	149	139	7.89248929212e-06	0.000976551221196	0.318,0.651,0.352,0.412	0.189,0.0,0.237,0.0	0.327
15031	ENSG00000026652	AGPAT4	chr6	-	161154148	161154310	161166247	161166417	161153345	161153499	161232035	161232302	15031	13,13,25,29	8,5,21,5	49,32,108,34	3,1,0,6	269	261	1.50119028319e-09	1.72701089856e-06	0.612,0.716,0.536,0.849	0.941,0.969,1.0,0.846	-0.261
15106	ENSG00000156113	KCNMA1	chr10	-	76969973	76970067	77001406	77001580	76953800	76953924	77008184	77008193	15106	8,10,10,11	74,75,91,143	9,22,61,32	67,81,42,82	273	193	1.40989249355e-05	0.00152276165448	0.071,0.086,0.072,0.052	0.087,0.161,0.507,0.216	-0.172
15107	ENSG00000156113	KCNMA1	chr10	-	76969973	76970067	77001406	77001580	76953800	76953924	77011966	77012043	15107	4,10,5,11	93,87,110,162	9,20,23,26	80,108,95,98	273	193	3.00462243752e-07	8.92828109767e-05	0.03,0.075,0.031,0.046	0.074,0.116,0.146,0.158	-0.078
15109	ENSG00000156113	KCNMA1	chr10	-	76974486	76974573	77001406	77001580	76969973	76970067	77008184	77008193	15109	8,11,14,17	7,1,17,2	19,29,75,41	2,0,0,0	273	186	2.09134132234e-09	2.05076930069e-06	0.438,0.882,0.359,0.853	0.866,1.0,1.0,1.0	-0.334
15110	ENSG00000156113	KCNMA1	chr10	-	76974486	76974573	77001406	77001580	76969973	76970067	77011966	77012043	15110	4,11,9,17	18,7,31,9	19,27,37,35	6,2,0,1	273	186	2.6930713215e-10	6.60206434466e-07	0.131,0.517,0.165,0.563	0.683,0.902,1.0,0.96	-0.542
15115	ENSG00000156113	KCNMA1	chr10	-	77001406	77001580	77008184	77008193	76969973	76970067	77011966	77012043	15115	5,9,13,7	4,11,9,17	7,6,7,0	19,27,37,35	108	273	0.000141313635119	0.00810016240716	0.76,0.674,0.785,0.51	0.482,0.36,0.324,0.0	0.391
15116	ENSG00000156113	KCNMA1	chr10	-	77001406	77001580	77008184	77008193	76974486	76974573	77011966	77012043	15116	1,1,6,1	4,10,5,11	0,0,3,0	9,20,21,24	108	273	6.6210584171e-05	0.00477397785574	0.387,0.202,0.752,0.187	0.0,0.0,0.265,0.0	0.316
15139	ENSG00000291154	NA	chr7	-	67236233	67236570	67260151	67260324	67192822	67193159	67292462	67292549	15139	0,2,8,3	6,1,0,3	0,3,0,2	7,4,21,14	272	436	0.000605823432049	0.0227988882792	0.0,0.762,1.0,0.616	0.0,0.546,0.0,0.186	0.412
15140	ENSG00000291154	NA	chr7	-	67236233	67236570	67264048	67264250	67192822	67193159	67292462	67292549	15140	4,7,13,6	6,1,0,3	2,5,1,5	7,4,21,14	301	436	2.91634515617e-05	0.00247247573788	0.491,0.91,1.0,0.743	0.293,0.644,0.065,0.341	0.45
15271	ENSG00000290763	SDHAP1	chr3	-	195960299	195960423	195962515	195962627	195959747	195960086	195963299	195963421	15271	8,5,1,18	2,1,0,0	3,15,6,12	5,1,1,5	211	223	0.000488966041214	0.0192562289162	0.809,0.841,1.0,1.0	0.388,0.941,0.864,0.717	0.185
15289	ENSG00000140538	NTRK3	chr15	-	87885693	87885735	87908488	87908563	87880269	87880428	87929190	87929434	15289	0,8,41,0	24,22,54,18	0,2,5,4	19,37,131,35	174	141	0.000337225643926	0.0149630527798	0.0,0.228,0.381,0.0	0.0,0.042,0.03,0.085	0.113
15305	ENSG00000107669	ATE1	chr10	-	121913789	121913893	121922348	121922411	121910905	121911151	121924265	121924329	15305	1,1,6,7	17,7,11,29	0,2,0,2	6,13,4,25	162	203	0.00188535884792	0.0488695388285	0.069,0.152,0.406,0.232	0.0,0.162,0.0,0.091	0.151
15320	ENSG00000143776	CDC42BPA	chr1	-	227051880	227051985	227068653	227068701	227047926	227048010	227069776	227069853	15320	6,2,2,4	2,11,21,6	7,7,2,9	0,5,0,4	147	204	0.000609717174164	0.0228201779002	0.806,0.201,0.117,0.481	1.0,0.66,1.0,0.757	-0.453
15322	ENSG00000143776	CDC42BPA	chr1	-	227059372	227059411	227068653	227068701	227047926	227048010	227069776	227069853	15322	6,2,2,4	2,6,12,1	7,7,2,9	1,0,0,3	147	138	8.95547830078e-05	0.00589378659178	0.738,0.238,0.135,0.79	0.868,1.0,1.0,0.738	-0.426
15323	ENSG00000143776	CDC42BPA	chr1	-	227059372	227059411	227068653	227068701	227051880	227051985	227069776	227069853	15323	6,7,2,2	1,3,5,0	2,10,5,10	1,0,0,0	147	138	0.000129012514404	0.00756297084448	0.849,0.687,0.273,1.0	0.652,1.0,1.0,1.0	-0.211
15373	ENSG00000130733	YIPF2	chr19	-	10925685	10925773	10927629	10927716	10923841	10924192	10927798	10927959	15373	4,1,1,1	6,3,3,4	1,1,0,0	6,4,5,7	186	187	0.000691478208153	0.0243907744933	0.401,0.251,0.251,0.201	0.144,0.201,0.0,0.0	0.19
15434	ENSG00000162631	NTNG1	chr1	+	107395153	107395326	107407681	107407708	107324281	107324922	107480610	107481853	15434	11,31,67,52	1,5,1,3	2,10,13,16	0,0,0,0	272	126	0.000181089741403	0.00965090219673	0.836,0.742,0.969,0.889	1.0,1.0,1.0,1.0	-0.141
15482	ENSG00000187672	ERC2	chr3	-	56148976	56149132	56173445	56173520	56139508	56139676	56296018	56296435	15482	126,248,214,194	144,265,150,362	99,165,73,117	157,429,251,422	174	255	7.90866153388e-06	0.000976551221196	0.562,0.578,0.676,0.44	0.48,0.36,0.299,0.289	0.207
15509	ENSG00000242759	LINC00882	chr3	-	107040074	107040116	107049796	107049902	106927834	106927994	107057669	107057932	15509	35,33,24,41	11,12,7,4	9,46,43,29	1,2,3,1	205	141	1.4131277846e-05	0.00152276165448	0.686,0.654,0.702,0.876	0.861,0.941,0.908,0.952	-0.186
15512	ENSG00000242759	LINC00882	chr3	-	107040074	107040116	107049796	107049902	106927834	106927994	107240442	107240608	15512	38,32,23,53	8,11,8,5	12,46,43,36	1,3,3,1	205	141	0.000106801859591	0.00656799087672	0.766,0.667,0.664,0.879	0.892,0.913,0.908,0.961	-0.174
15513	ENSG00000242759	LINC00882	chr3	-	107040074	107040116	107129887	107129992	106927834	106927994	107240442	107240632	15513	60,138,45,89	8,11,8,5	49,96,42,44	1,3,3,1	204	141	0.000863778226721	0.028328459168	0.838,0.897,0.795,0.925	0.971,0.957,0.906,0.968	-0.087
15525	ENSG00000118961	LDAH	chr2	-	20790254	20790398	20801291	20801465	20774809	20774979	20823036	20823130	15525	0,2,4,1	2,2,1,5	0,0,0,0	1,1,5,4	273	243	0.000921811878281	0.0298326312819	0.0,0.471,0.781,0.151	0.0,0.0,0.0,0.0	0.351
15545	ENSG00000177565	TBL1XR1	chr3	-	177064919	177065022	177079826	177079945	177053772	177053918	177098465	177098541	15545	0,1,0,1	16,38,76,20	2,7,7,5	17,48,19,25	218	202	2.71605370417e-08	1.26826774396e-05	0.0,0.024,0.0,0.044	0.098,0.119,0.254,0.156	-0.14
15593	ENSG00000109927	TECTA	chr11	+	121189079	121189167	121189763	121190108	121187831	121187994	121190705	121191462	15593	8,20,22,9	10,13,9,9	3,0,1,4	8,9,5,10	187	444	0.00031971670879	0.0144476592	0.655,0.785,0.853,0.704	0.471,0.0,0.322,0.487	0.429
15601	ENSG00000100325	ASCC2	chr22	-	29832244	29832342	29834441	29834550	29825621	29825780	29838177	29838274	15601	1,0,2,0	5,1,1,2	1,6,2,0	0,1,1,1	208	197	7.96696896754e-06	0.000976551221196	0.159,0.0,0.654,0.0	1.0,0.85,0.654,0.0	-0.423
15622	ENSG00000291147	NA	chr2	+	242130654	242130812	242138783	242138888	242122286	242122455	242159348	242159498	15622	1,4,3,8	10,30,22,16	0,0,0,0	5,16,21,17	257	204	7.59041362763e-07	0.000186078990081	0.074,0.096,0.098,0.284	0.0,0.0,0.0,0.0	0.138
15625	ENSG00000197548	ATG7	chr3	+	11282192	11282438	11288648	11288740	11280993	11281102	11298685	11298855	15625	4,6,0,4	0,2,11,0	1,1,5,3	0,1,0,0	345	191	0.0013636673774	0.0393716009748	1.0,0.624,0.0,1.0	1.0,0.356,1.0,1.0	-0.183
15817	ENSG00000204852	TCTN1	chr12	+	110642248	110642389	110644879	110645143	110641541	110641627	110647210	110647336	15817	1,2,5,3	1,2,2,4	1,1,2,0	2,1,9,4	240	363	0.00131722762083	0.038563009788	0.602,0.602,0.791,0.531	0.431,0.602,0.252,0.0	0.31
15819	ENSG00000204852	TCTN1	chr12	+	110642248	110642389	110646427	110646734	110641541	110641627	110647210	110647336	15819	1,2,5,3	7,7,8,6	1,1,2,0	8,11,13,4	240	406	0.00175670429728	0.0469555815455	0.195,0.326,0.514,0.458	0.175,0.133,0.207,0.0	0.245
15834	ENSG00000143374	TARS2	chr1	+	150496809	150496908	150497529	150497747	150492410	150492489	150498501	150498664	15834	0,2,15,0	15,19,30,38	0,0,0,3	14,53,26,12	198	317	0.000919807844461	0.0298326312819	0.0,0.144,0.445,0.0	0.0,0.0,0.0,0.286	0.076
15888	ENSG00000196792	STRN3	chr14	-	30918965	30919106	30929200	30929311	30913523	30913657	30935162	30935304	15888	2,1,0,1	0,0,3,0	2,2,0,2	2,1,5,7	210	240	0.000296545332523	0.0137166204279	1.0,1.0,0.0,1.0	0.533,0.696,0.0,0.246	0.381
15898	ENSG00000105793	GTPBP10	chr7	+	90355085	90355230	90372154	90372228	90352815	90353009	90374301	90374354	15898	4,4,2,1	2,6,3,15	0,0,0,3	2,9,7,3	244	173	0.0010203481844	0.0315631996726	0.586,0.321,0.321,0.045	0.0,0.0,0.0,0.415	0.214
15900	ENSG00000011347	SYT7	chr11	-	61546030	61546255	61547176	61547308	61532988	61533124	61551383	61551463	15900	22,55,39,43	3,2,11,1	46,143,147,47	0,5,4,1	231	324	0.000849795372382	0.028057553608	0.911,0.975,0.833,0.984	1.0,0.976,0.981,0.985	-0.06
16069	ENSG00000168310	IRF2	chr4	-	184408157	184408275	184418166	184418213	184398914	184399079	184418531	184418708	16069	0,4,8,4	2,0,0,1	6,0,1,3	2,3,5,5	146	217	0.000639691768645	0.0232679933054	0.0,1.0,1.0,0.856	0.817,0.0,0.229,0.471	0.335
16106	ENSG00000162946	DISC1	chr1	+	231749925	231750076	231767139	231767269	231701954	231702024	231770834	231771070	16106	1,1,4,2	5,5,2,1	0,0,4,0	1,1,13,12	250	229	0.00189378184324	0.0488695388285	0.155,0.155,0.647,0.647	0.0,0.0,0.22,0.0	0.346
16161	ENSG00000087085	ACHE	chr7	-	100891168	100891338	100892707	100892818	100890210	100890335	100893164	100894233	16161	1,0,5,8	11,8,34,10	1,0,0,0	2,2,1,13	210	269	6.09449370684e-05	0.00449342896912	0.104,0.0,0.159,0.506	0.39,0.0,0.0,0.0	0.095
16173	ENSG00000151338	MIPOL1	chr14	+	37369516	37369624	37422854	37422949	37285317	37285447	37499907	37500138	16173	2,0,0,2	14,6,6,30	3,8,0,4	10,7,12,24	207	194	0.00101204144194	0.0315050107291	0.118,0.0,0.0,0.059	0.219,0.517,0.0,0.135	-0.173
16234	ENSG00000143498	TAF1A	chr1	-	222579758	222579872	222584127	222584297	222577444	222577643	222588442	222588565	16234	12,5,1,22	2,0,0,0	11,12,21,7	5,4,5,5	269	213	5.62929619696e-07	0.000145265469756	0.826,1.0,1.0,1.0	0.635,0.704,0.769,0.526	0.298
16318	ENSG00000087258	GNAO1	chr16	+	56235012	56235384	56255520	56255591	56192573	56192616	56275930	56276072	16318	16,8,10,18	7,0,0,1	14,9,16,14	0,0,0,0	471	170	0.00137260174783	0.0394713570065	0.452,1.0,1.0,0.867	1.0,1.0,1.0,1.0	-0.17
16390	ENSG00000259448	LINC02352	chr15	+	31216510	31216652	31217009	31217129	31215871	31216037	31219288	31219526	16390	0,1,0,0	1,1,1,1	2,3,0,1	1,2,1,1	241	219	0.0017017165882	0.0457309346475	0.0,0.476,0.0,0.0	0.645,0.577,0.0,0.476	-0.305
16472	ENSG00000135870	RC3H1	chr1	-	173964838	173965120	173970504	173970617	173963972	173964187	173972508	173972627	16472	9,21,12,31	120,242,271,185	17,30,34,36	120,263,149,167	212	381	0.00100801841688	0.0315050107291	0.119,0.135,0.074,0.231	0.203,0.17,0.291,0.279	-0.096
16495	ENSG00000166405	RIC3	chr11	-	8126658	8126804	8137377	8137471	8108941	8111137	8138271	8138347	16495	36,70,133,67	26,48,56,54	30,75,86,82	10,14,24,36	193	245	0.000150148286117	0.00841345196379	0.637,0.649,0.751,0.612	0.792,0.872,0.82,0.743	-0.144
16500	ENSG00000269825	NA	chr19	-	52635065	52635153	52655560	52655687	52618935	52619062	52660761	52660843	16500	11,2,0,5	3,3,4,9	4,4,1,4	0,1,0,1	226	187	9.55917658252e-07	0.000213524876701	0.752,0.356,0.0,0.315	1.0,0.768,1.0,0.768	-0.528
16509	ENSG00000291003	NA	chr15	+	22498729	22498908	22516516	22516666	22495569	22495672	22516875	22516990	16509	0,0,0,6	1,1,1,1	1,2,0,6	0,1,1,1	278	249	5.69308790204e-05	0.00429433999749	0.0,0.0,0.0,0.843	1.0,0.642,0.0,0.843	-0.41
16669	ENSG00000107897	ACBD5	chr10	-	27205197	27205248	27208245	27208445	27204439	27204549	27210813	27211081	16669	17,17,31,24	13,7,23,13	4,10,4,9	12,11,13,17	299	150	0.000121962250682	0.00729245018407	0.396,0.549,0.403,0.481	0.143,0.313,0.134,0.21	0.257
16678	ENSG00000215374	FAM66B	chr8	-	7325290	7325415	7349082	7349146	7325136	7325198	7354810	7354860	16678	26,50,26,53	6,17,3,15	17,13,14,19	3,20,15,16	163	224	0.00188516715947	0.0488695388285	0.856,0.802,0.923,0.829	0.886,0.472,0.562,0.62	0.218
16692	ENSG00000064225	ST3GAL6	chr3	+	98773919	98773983	98784944	98785040	98772812	98772916	98788035	98788222	16692	0,2,1,1	7,3,13,15	8,1,6,5	22,2,11,17	163	195	0.000637827862946	0.0232679933054	0.0,0.444,0.084,0.074	0.303,0.374,0.395,0.26	-0.183
16740	ENSG00000125462	MIR9-1HG	chr1	-	156407079	156407197	156426441	156426668	156404251	156404601	156426797	156426872	16740	3,7,1,7	1,9,32,4	26,10,20,12	0,7,5,4	326	217	0.000418401133719	0.017166700909	0.666,0.341,0.02,0.538	1.0,0.487,0.727,0.666	-0.329
16820	ENSG00000281706	LINC01012	chr6	+	27710680	27710889	27711089	27711230	27702313	27702417	27713003	27713284	16820	1,4,23,6	0,7,13,4	3,1,4,3	0,0,2,0	308	240	2.38735895782e-05	0.002167633513	1.0,0.308,0.58,0.539	1.0,1.0,0.609,1.0	-0.295
16833	ENSG00000310523	NA	chr2	+	113595692	113595829	113596067	113596203	113595368	113595515	113596380	113596578	16833	2,5,3,4	2,20,0,5	1,1,0,1	5,14,1,3	236	235	5.08751550674e-05	0.00392820291804	0.499,0.199,1.0,0.443	0.166,0.066,0.0,0.249	0.415
16834	ENSG00000310523	NA	chr2	+	113595692	113595909	113596067	113596203	113595368	113595515	113596380	113596578	16834	3,5,3,4	2,20,0,5	1,1,0,1	5,14,1,3	316	235	4.74998875631e-05	0.00374014773598	0.527,0.157,1.0,0.373	0.129,0.05,0.0,0.199	0.42
16836	ENSG00000176393	RNPEP	chr1	+	201989382	201989531	201996146	201996409	201988903	201989044	201997318	201997554	16836	1,0,1,5	2,2,0,0	0,1,0,0	5,1,1,4	248	362	2.38623088618e-05	0.002167633513	0.422,0.0,1.0,1.0	0.0,0.593,0.0,0.0	0.457
16841	ENSG00000124209	RAB22A	chr20	+	58343717	58343799	58353272	58353344	58311042	58311122	58353431	58353538	16841	5,4,21,1	1,2,8,7	4,0,1,1	6,5,10,12	181	171	0.000240967708612	0.0116976700527	0.825,0.654,0.713,0.119	0.386,0.0,0.086,0.073	0.442
16872	ENSG00000170445	HARS1	chr5	-	140683545	140683664	140687745	140687933	140683099	140683219	140690854	140690944	16872	0,2,0,1	2,2,1,0	2,2,1,2	0,0,6,1	287	218	0.00106517971874	0.0328463909496	0.0,0.432,0.0,1.0	1.0,1.0,0.112,0.603	-0.321
16873	ENSG00000170445	HARS1	chr5	-	140683545	140683667	140687745	140687933	140683099	140683219	140690854	140690944	16873	0,2,0,1	2,2,1,0	2,2,1,2	0,0,6,1	287	221	0.00101879939522	0.0315631996726	0.0,0.435,0.0,1.0	1.0,1.0,0.114,0.606	-0.321
16920	ENSG00000085365	SCAMP1	chr5	+	78421800	78421960	78449932	78450034	78418774	78418903	78459244	78459362	16920	24,8,10,6	53,35,181,28	14,6,32,30	34,25,89,51	259	201	0.00140284485483	0.0400719893674	0.26,0.151,0.041,0.143	0.242,0.157,0.218,0.313	-0.084
16935	ENSG00000080815	PSEN1	chr14	+	73149347	73149550	73160008	73160138	73147966	73148106	73170796	73171047	16935	6,8,5,2	0,0,0,2	4,2,0,3	1,0,20,3	302	229	1.75051251821e-05	0.00175158426057	1.0,1.0,1.0,0.431	0.752,1.0,0.0,0.431	0.312
16959	ENSG00000164975	SNAPC3	chr9	+	15447094	15447244	15453040	15453205	15444601	15444706	15457959	15458067	16959	46,63,71,110	57,70,121,116	22,42,86,56	80,65,213,110	249	264	0.000697765860899	0.0245243442006	0.461,0.488,0.384,0.501	0.226,0.407,0.3,0.351	0.138
16980	ENSG00000138326	RPS24	chr10	+	78037438	78037441	78037964	78037982	78037193	78037304	78040203	78040225	16980	0,3,8,0	2,49,50,14	0,0,0,0	20,51,30,15	102	117	0.000239076312799	0.0116635936483	0.0,0.066,0.155,0.0	0.0,0.0,0.0,0.0	0.055
17000	ENSG00000161010	MRNIP	chr5	-	179844151	179844227	179851242	179851424	179842046	179842064	179853377	179853437	17000	1,3,7,3	0,2,0,0	5,0,8,2	5,4,4,0	281	175	2.24075931152e-05	0.00207291375554	1.0,0.483,1.0,1.0	0.384,0.0,0.555,1.0	0.386
17029	ENSG00000124788	ATXN1	chr6	-	16585779	16585907	16753232	16753347	16522626	16522688	16761297	16761460	17029	0,0,1,4	13,33,65,23	9,9,5,11	42,60,25,49	214	227	1.91696480989e-06	0.000351482147468	0.0,0.0,0.016,0.156	0.185,0.137,0.175,0.192	-0.129
17031	ENSG00000124788	ATXN1	chr6	-	16657775	16657901	16753232	16753347	16585779	16585907	16761297	16761460	17031	2,0,1,4	54,54,69,65	11,9,4,7	36,53,35,53	214	225	2.46415734151e-07	7.79468609382e-05	0.037,0.0,0.015,0.061	0.243,0.151,0.107,0.122	-0.128
17125	ENSG00000137275	RIPK1	chr6	+	3080978	3081116	3082546	3082660	3077778	3077935	3085258	3085408	17125	9,10,5,7	0,0,0,0	7,9,0,18	2,2,2,2	237	213	0.000511178909896	0.0198913507557	1.0,1.0,1.0,1.0	0.759,0.802,0.0,0.89	0.387
17128	ENSG00000137275	RIPK1	chr6	+	3082546	3082660	3083084	3083313	3077778	3077935	3085258	3085408	17128	0,0,0,0	9,25,10,6	2,2,2,2	4,12,0,12	213	328	2.57533169659e-05	0.00226086400348	0.0,0.0,0.0,0.0	0.435,0.204,1.0,0.204	-0.461
17210	ENSG00000072756	TRNT1	chr3	+	3129013	3129188	3137259	3137453	3126962	3126990	3144583	3144710	17210	1,1,0,0	1,4,7,9	2,2,0,4	2,2,8,7	274	293	0.000771875993199	0.0263728780115	0.517,0.211,0.0,0.0	0.517,0.517,0.0,0.379	-0.171
17217	ENSG00000087470	DNM1L	chr12	+	32705824	32706237	32706689	32706814	32701414	32701562	32707366	32707413	17217	6,6,36,13	0,4,2,2	11,5,22,14	0,0,1,1	512	224	0.000839818784014	0.0278218344461	1.0,0.396,0.887,0.74	1.0,1.0,0.906,0.86	-0.186
17364	ENSG00000182923	CEP63	chr3	+	134546384	134546501	134547334	134547452	134546148	134546288	134549061	134549176	17364	7,1,2,3	20,46,1,46	2,0,0,0	25,69,56,74	216	217	0.000403227317074	0.0168976370565	0.26,0.021,0.668,0.061	0.074,0.0,0.0,0.0	0.234
17365	ENSG00000182923	CEP63	chr3	+	134546384	134546501	134547334	134547468	134546148	134546288	134549061	134549176	17365	7,1,2,3	29,64,16,60	2,0,0,0	40,102,117,94	216	233	9.56117872832e-05	0.00612790317712	0.207,0.017,0.119,0.051	0.051,0.0,0.0,0.0	0.086
17366	ENSG00000182923	CEP63	chr3	+	134546384	134546501	134547334	134547472	134546148	134546288	134549061	134549176	17366	7,1,2,3	39,84,3,68	2,0,0,0	43,123,64,124	216	237	0.000639001881997	0.0232679933054	0.165,0.013,0.422,0.046	0.049,0.0,0.0,0.0	0.149
17380	ENSG00000105723	GSK3A	chr19	-	42231046	42231192	42231562	42231764	42230793	42230867	42232056	42232149	17380	1,1,3,0	1,0,0,1	0,4,0,0	3,0,2,1	301	245	9.51521353008e-05	0.00612790317712	0.449,1.0,1.0,0.0	0.0,1.0,0.0,0.0	0.362
17390	ENSG00000074657	ZNF532	chr18	+	58939444	58939621	58953517	58953799	58918270	58920633	58979054	58979167	17390	16,34,46,35	85,97,47,101	12,13,11,24	84,97,119,106	276	381	0.000343337945263	0.0151656391498	0.206,0.326,0.575,0.324	0.165,0.156,0.113,0.238	0.19
