229	ENSG00000074755	ZZEF1	chr17	-	4070683	4070924	4070810	4070924	4067162	4067242	229	4,2,28,18	0,1,0,1	6,4,15,12	0,14,0,5	226	99	0.000501139058091	0.0183591204499	1.0,0.467,1.0,0.887	1.0,0.111,1.0,0.513	0.183
247	ENSG00000164941	INTS8	chr8	+	94865505	94865700	94865505	94865690	94866157	94866191	247	3,0,4,9	7,4,8,32	0,1,0,2	17,5,8,14	109	99	7.42990960332e-05	0.00457777987576	0.28,0.0,0.312,0.203	0.0,0.154,0.0,0.115	0.132
249	ENSG00000161265	U2AF1L4	chr19	-	35744011	35744145	35744069	35744145	35743808	35743904	249	0,10,0,2	5,23,57,6	1,0,0,0	8,30,61,7	157	99	0.00061411187506	0.0208649462067	0.0,0.215,0.0,0.174	0.073,0.0,0.0,0.0	0.079
401	ENSG00000101182	PSMA7	chr20	-	62139695	62139905	62139780	62139905	62139074	62139197	401	2,0,1,0	11,23,91,14	1,1,3,6	9,11,29,14	184	99	0.000768714286162	0.0251053743225	0.089,0.0,0.006,0.0	0.056,0.047,0.053,0.187	-0.062
475	ENSG00000196876	SCN8A	chr12	+	51688757	51690019	51688757	51688849	51699569	51699791	475	170,122,194,208	0,0,4,5	154,100,219,258	0,0,0,2	1269	99	0.00087550632826	0.0271213835365	1.0,1.0,0.791,0.764	1.0,1.0,1.0,0.91	-0.089
501	ENSG00000168610	STAT3	chr17	-	42322281	42322494	42322284	42322494	42317181	42317224	501	0,0,4,0	2,2,0,1	3,2,2,8	0,0,17,0	102	99	7.40473914221e-05	0.00457777987576	0.0,0.0,1.0,0.0	1.0,1.0,0.102,1.0	-0.525
504	ENSG00000235257	ITGA9-AS1	chr3	-	37818679	37818930	37818809	37818930	37808495	37808880	504	1,1,4,5	2,0,6,2	6,8,1,6	0,1,0,1	229	99	1.54385852946e-06	0.00034233031498	0.178,1.0,0.224,0.519	1.0,0.776,1.0,0.722	-0.394
679	ENSG00000092148	HECTD1	chr14	-	31122913	31123047	31122919	31123047	31121382	31121505	679	6,24,90,21	1,3,0,2	7,13,25,13	2,10,2,5	105	99	1.35990844198e-05	0.00137780913078	0.85,0.883,1.0,0.908	0.767,0.551,0.922,0.71	0.173
745	ENSG00000126522	ASL	chr7	+	66089090	66089335	66089090	66089175	66089611	66089695	745	1,31,43,7	0,0,26,1	1,26,13,6	0,0,2,0	259	99	0.00032060978782	0.0136437276372	1.0,1.0,0.387,0.728	1.0,1.0,0.713,1.0	-0.149
757	ENSG00000070010	UFD1	chr22	-	19475469	19475602	19475495	19475602	19475067	19475100	757	5,3,5,4	4,1,0,2	0,2,1,0	2,0,49,3	125	99	9.31961695916e-06	0.00112181560711	0.497,0.704,1.0,0.613	0.0,1.0,0.016,0.0	0.45
794	ENSG00000003509	NDUFAF7	chr2	+	37241577	37241791	37241577	37241637	37242634	37242693	794	12,25,48,31	0,1,0,0	15,23,13,42	3,0,5,0	253	99	0.000836064306674	0.026684385788	1.0,0.907,1.0,1.0	0.662,1.0,0.504,1.0	0.185
913	ENSG00000291129	PPIEL	chr1	-	39529015	39529164	39529054	39529164	39522279	39522505	913	8,18,29,4	5,45,36,7	0,4,10,4	1,46,36,8	138	99	0.00126027265109	0.0347028018238	0.534,0.223,0.366,0.291	0.0,0.059,0.166,0.264	0.231
958	ENSG00000152763	DNAI4	chr1	-	66890182	66891266	66891153	66891266	66871369	66871509	958	5,25,6,12	0,1,1,6	5,26,30,15	0,0,0,0	1070	99	3.59717960763e-06	0.000561293247665	1.0,0.698,0.357,0.156	1.0,1.0,1.0,1.0	-0.447
1062	ENSG00000130475	FCHO1	chr19	+	17774238	17774287	17774238	17774283	17774393	17774478	1062	1,1,0,1	2,2,3,3	1,1,2,4	4,1,0,3	103	99	0.000992315627577	0.0294410263309	0.325,0.325,0.0,0.243	0.194,0.49,1.0,0.562	-0.338
1512	ENSG00000124275	MTRR	chr5	+	7873372	7873526	7873372	7873512	7875257	7875375	1512	14,25,38,25	4,0,0,0	7,24,21,23	0,5,48,0	113	99	0.00141219523705	0.0383843776367	0.754,1.0,1.0,1.0	1.0,0.808,0.277,1.0	0.167
1687	ENSG00000164344	KLKB1	chr4	+	186250242	186250433	186250242	186250402	186251218	186251328	1687	0,2,1,6	19,2,1,9	0,0,1,1	9,6,7,22	130	99	0.000942331382966	0.0283574436888	0.0,0.432,0.432,0.337	0.0,0.0,0.098,0.033	0.268
1716	ENSG00000177728	TMEM94	chr17	+	75491690	75491900	75491690	75491852	75492473	75492789	1716	31,45,139,25	10,24,3,12	18,29,63,18	15,13,47,18	147	99	0.00106593049847	0.0309550146204	0.676,0.558,0.969,0.584	0.447,0.6,0.474,0.402	0.216
1764	ENSG00000227733	NA	chr1	-	148206494	148206633	148206601	148206633	148205623	148205692	1764	16,3,6,14	0,0,0,1	24,7,2,21	1,11,16,1	206	99	5.65407632491e-07	0.000158804157046	1.0,1.0,1.0,0.871	0.92,0.234,0.057,0.91	0.438
1813	ENSG00000011243	AKAP8L	chr19	-	15398629	15399410	15399301	15399410	15397713	15397855	1813	5,21,14,12	29,35,36,40	13,24,29,21	19,27,9,20	771	99	1.29207455185e-05	0.00136087752174	0.022,0.072,0.048,0.037	0.081,0.102,0.293,0.119	-0.104
1845	ENSG00000141030	COPS3	chr17	-	17270757	17271008	17270895	17271008	17267884	17267977	1845	5,10,11,14	0,0,0,2	20,13,24,16	4,0,0,4	237	99	0.000693581151854	0.0233764591421	1.0,1.0,1.0,0.745	0.676,1.0,1.0,0.626	0.111
1949	ENSG00000144847	IGSF11	chr3	-	118905595	118905718	118905667	118905718	118904647	118904798	1949	19,36,64,14	0,0,22,0	25,49,27,37	0,0,0,0	171	99	1.44313591662e-05	0.00141393758528	1.0,1.0,0.627,1.0	1.0,1.0,1.0,1.0	-0.093
1986	ENSG00000121766	ZCCHC17	chr1	+	31346639	31346818	31346639	31346740	31348828	31348974	1986	12,8,2,11	24,112,152,28	20,7,29,24	23,80,140,30	177	99	0.0017817247303	0.0466236415451	0.219,0.038,0.007,0.18	0.327,0.047,0.104,0.309	-0.086
2078	ENSG00000143207	COP1	chr1	-	176163814	176163891	176163826	176163891	176162868	176162988	2078	11,17,27,27	1,1,12,5	8,13,6,24	3,1,0,0	111	99	0.00191003406148	0.0487695363698	0.908,0.938,0.667,0.828	0.704,0.921,1.0,1.0	-0.071
2119	ENSG00000234026	NA	chr10	-	95144257	95144418	95144270	95144418	95143235	95143294	2119	0,2,0,0	1,6,18,7	4,0,1,4	2,9,1,3	112	99	2.69848119546e-05	0.0021053150512	0.0,0.228,0.0,0.0	0.639,0.0,0.469,0.541	-0.355
2182	ENSG00000253361	NA	chr8	-	38552620	38553091	38552958	38553091	38552247	38552380	2182	9,16,8,7	2,4,2,3	5,6,13,21	0,0,0,1	437	99	2.06915273804e-08	1.45289008089e-05	0.505,0.475,0.475,0.346	1.0,1.0,1.0,0.826	-0.506
2515	ENSG00000260372	AQP4-AS1	chr18	+	26688078	26688573	26688078	26688154	26689354	26689668	2515	14,3,14,10	0,0,0,1	3,6,2,6	0,0,4,2	518	99	0.000499895951417	0.0183591204499	1.0,1.0,1.0,0.656	1.0,1.0,0.087,0.364	0.301
2858	ENSG00000092098	RNF31	chr14	+	24148257	24148477	24148257	24148413	24148641	24148701	2858	0,0,26,5	5,12,0,5	0,2,0,0	1,5,10,4	163	99	0.000572292490847	0.0199261839995	0.0,0.0,1.0,0.378	0.0,0.195,0.0,0.0	0.296
2900	ENSG00000291080	ZNF252P	chr8	-	144995813	144996604	144996506	144996604	144994478	144994592	2900	36,46,16,52	1,1,5,3	13,16,13,52	0,2,0,0	792	99	0.000150339005733	0.00763106302594	0.818,0.852,0.286,0.684	1.0,0.5,1.0,1.0	-0.215
2998	ENSG00000163938	GNL3	chr3	+	52688108	52688206	52688108	52688192	52689073	52689206	2998	1,0,0,0	6,7,2,15	0,1,1,7	7,8,1,12	113	99	0.00116803717721	0.033249598835	0.127,0.0,0.0,0.0	0.0,0.099,0.467,0.338	-0.194
3184	ENSG00000104320	NBN	chr8	-	89980733	89982855	89981374	89982855	89978219	89978323	3184	13,11,10,21	0,0,0,0	23,13,16,31	0,1,4,2	740	99	5.61790323785e-05	0.00381745586146	1.0,1.0,1.0,1.0	1.0,0.635,0.349,0.675	0.335
3225	ENSG00000078098	FAP	chr2	-	162173054	162173221	162173148	162173221	162172810	162172884	3225	1,0,0,6	19,17,6,55	6,12,0,20	18,46,21,29	193	99	2.6321736431e-05	0.0021053150512	0.026,0.0,0.0,0.053	0.146,0.118,0.0,0.261	-0.112
3233	ENSG00000244128	LINC01322	chr3	+	165382794	165382959	165382794	165382907	165491195	165491266	3233	1,3,1,1	0,0,0,1	6,1,1,3	2,0,5,3	151	99	3.75521170992e-06	0.000565025247639	1.0,1.0,1.0,0.396	0.663,1.0,0.116,0.396	0.305
3343	ENSG00000242588	NA	chr7	+	128626294	128626530	128626294	128626455	128629393	128629458	3343	22,62,145,73	0,4,24,0	31,83,120,76	0,2,2,1	174	99	4.23834085096e-05	0.00306384295121	1.0,0.898,0.775,1.0	1.0,0.959,0.972,0.977	-0.059
3492	ENSG00000139998	RAB15	chr14	-	64950578	64951151	64950942	64951151	64950324	64950414	3492	7,9,6,10	5,0,1,2	17,11,13,2	1,0,1,1	463	99	0.00186052142387	0.0477949802364	0.23,1.0,0.562,0.517	0.784,1.0,0.735,0.3	-0.127
3534	ENSG00000186487	MYT1L	chr2	-	1903079	1903294	1903119	1903294	1892036	1892287	3534	30,33,7,34	0,3,0,2	29,23,36,26	3,4,10,4	139	99	0.000218254662969	0.0102167432788	1.0,0.887,1.0,0.924	0.873,0.804,0.719,0.822	0.148
3535	ENSG00000186487	MYT1L	chr2	-	1922285	1923263	1922291	1923263	1912019	1912110	3535	7,13,6,9	2,11,8,5	7,4,8,6	0,0,0,0	105	99	3.96475074993e-11	8.35174745473e-08	0.767,0.527,0.414,0.629	1.0,1.0,1.0,1.0	-0.416
3684	ENSG00000185513	L3MBTL1	chr20	+	43536096	43536458	43536096	43536294	43540150	43540308	3684	10,26,40,43	0,0,0,0	10,18,20,20	0,0,12,1	263	99	0.000308797215991	0.0134119862987	1.0,1.0,1.0,1.0	1.0,1.0,0.386,0.883	0.183
3692	ENSG00000038532	CLEC16A	chr16	+	11003073	11003305	11003073	11003257	11020192	11020325	3692	6,2,30,14	0,7,3,2	7,16,20,9	0,0,0,0	147	99	2.06806786163e-05	0.00177903742131	1.0,0.161,0.871,0.825	1.0,1.0,1.0,1.0	-0.286
3718	ENSG00000197381	ADARB1	chr21	+	45222017	45223577	45222017	45222107	45225546	45226560	3718	20,24,14,15	0,5,39,0	16,8,31,15	0,0,0,0	1569	99	2.02370745606e-07	7.10489959365e-05	1.0,0.232,0.022,1.0	1.0,1.0,1.0,1.0	-0.436
3755	ENSG00000164880	INTS1	chr7	-	1472242	1472386	1472272	1472386	1471570	1471641	3755	0,0,18,0	12,18,54,23	0,0,0,0	26,56,82,15	129	99	1.94392925801e-06	0.000356077128869	0.0,0.0,0.204,0.0	0.0,0.0,0.0,0.0	0.051
3777	ENSG00000119682	AREL1	chr14	-	74669946	74670871	74670761	74670871	74669648	74669774	3777	30,35,24,32	0,0,5,2	32,19,96,25	1,0,0,0	914	99	0.000862289185647	0.0269098099195	1.0,1.0,0.342,0.634	0.776,1.0,1.0,1.0	-0.2
3829	ENSG00000234741	GAS5	chr1	-	173864483	173864704	173864674	173864704	173864256	173864304	3829	10,72,145,51	0,1,1,0	18,77,105,40	0,0,11,1	290	99	0.000147822515343	0.00759483240415	1.0,0.961,0.98,1.0	1.0,1.0,0.765,0.932	0.061
3897	ENSG00000213963	NA	chr2	-	177287484	177287834	177287610	177287834	177283508	177283804	3897	1,7,4,12	0,2,12,1	3,16,13,2	1,1,0,0	225	99	4.55015889592e-05	0.00319496990475	1.0,0.606,0.128,0.841	0.569,0.876,1.0,1.0	-0.217
3948	ENSG00000228315	GUSBP11	chr22	-	23714186	23714342	23714199	23714342	23709785	23709867	3948	13,21,15,23	1,0,12,0	28,12,16,15	0,0,0,0	112	99	0.000393082923418	0.0154771809006	0.92,1.0,0.525,1.0	1.0,1.0,1.0,1.0	-0.139
4032	ENSG00000243004	NA	chr7	-	19968136	19968395	19968153	19968395	19960921	19960994	4032	2,4,8,6	0,0,1,1	0,3,9,5	1,3,6,2	116	99	6.08907776434e-06	0.00082752531036	1.0,1.0,0.872,0.837	0.0,0.46,0.561,0.681	0.502
4081	ENSG00000177570	SAMD12	chr8	-	118439831	118439961	118439861	118439961	118379559	118379700	4081	53,200,44,83	4,10,4,4	58,163,134,120	5,11,31,14	129	99	0.00194191595825	0.0492631531728	0.91,0.939,0.894,0.941	0.899,0.919,0.768,0.868	0.057
4205	ENSG00000106105	GARS1	chr7	+	30601058	30601224	30601058	30601200	30603033	30603122	4205	1,0,52,2	14,5,4,25	1,0,0,0	14,16,16,32	123	99	0.000588605565881	0.0201609369842	0.054,0.0,0.913,0.06	0.054,0.0,0.0,0.0	0.243
4258	ENSG00000293616	PCBP1-AS1	chr2	-	70055655	70055910	70055713	70055910	70053730	70053792	4258	12,7,9,5	0,1,0,1	7,4,7,6	0,4,3,1	157	99	0.00028735122684	0.0130173195557	1.0,0.815,1.0,0.759	1.0,0.387,0.595,0.791	0.2
4321	ENSG00000177830	CHID1	chr11	-	902147	902330	902197	902330	900935	900980	4321	1,0,0,0	4,2,4,8	4,1,0,4	0,1,1,0	149	99	3.60720213699e-08	1.68857140035e-05	0.142,0.0,0.0,0.0	1.0,0.399,0.0,1.0	-0.564
4423	ENSG00000078967	UBE2D4	chr7	+	43942953	43943103	43942953	43943031	43948631	43948737	4423	1,2,0,1	7,11,2,6	0,3,4,6	3,6,5,4	171	99	0.00138287904868	0.0378316196889	0.076,0.095,0.0,0.088	0.0,0.224,0.317,0.465	-0.187
4435	ENSG00000185008	ROBO2	chr3	+	77644703	77644904	77644703	77644895	77646053	77647412	4435	4,12,71,9	6,4,3,7	12,10,53,8	2,0,0,1	108	99	2.90397423042e-06	0.000509768476365	0.379,0.733,0.956,0.541	0.846,1.0,1.0,0.88	-0.279
4693	ENSG00000125107	CNOT1	chr16	-	58556846	58556993	58556861	58556993	58555783	58555908	4693	1,6,46,12	0,1,2,3	7,20,7,10	6,4,9,3	114	99	0.000205783841788	0.00974120590396	1.0,0.839,0.952,0.776	0.503,0.813,0.403,0.743	0.276
4716	ENSG00000112146	FBXO9	chr6	+	53073480	53073639	53073480	53073638	53076485	53076543	4716	8,7,57,17	2,7,0,3	25,17,5,25	2,0,0,0	100	99	0.000123846893222	0.00687225072684	0.798,0.497,1.0,0.849	0.925,1.0,1.0,1.0	-0.195
4769	ENSG00000245281	ASAH1-AS1	chr8	+	18084385	18085485	18084385	18084939	18086882	18086936	4769	5,5,20,20	1,1,0,4	9,9,12,17	0,0,1,0	645	99	0.000966533749724	0.0288794800538	0.434,0.434,1.0,0.434	1.0,1.0,0.648,1.0	-0.337
4790	ENSG00000166169	POLL	chr10	-	101587821	101588232	101588203	101588232	101587245	101587406	4790	1,0,25,0	0,1,0,1	3,4,1,0	0,1,0,1	481	99	0.000542665159351	0.019503732021	1.0,0.0,1.0,0.0	1.0,0.452,1.0,0.0	-0.113
4933	ENSG00000205084	TMEM231	chr16	-	75542590	75542683	75542601	75542683	75541349	75541455	4933	0,1,3,1	5,0,0,0	0,6,0,0	1,3,2,1	110	99	0.000455069188983	0.0171179151177	0.0,1.0,1.0,1.0	0.0,0.643,0.0,0.0	0.589
5056	ENSG00000144061	NPHP1	chr2	-	110164519	110164730	110164687	110164730	110163047	110163135	5056	5,11,8,31	0,0,0,0	12,10,13,17	7,0,2,0	267	99	0.000173648473918	0.00840897724847	1.0,1.0,1.0,1.0	0.389,1.0,0.707,1.0	0.226
5173	ENSG00000291203	NA	chr4	+	119528739	119528867	119528739	119528789	119550378	119550443	5173	1,1,21,6	0,0,2,0	4,3,15,10	1,2,1,4	177	99	2.66346706193e-05	0.0021053150512	1.0,1.0,0.855,1.0	0.691,0.456,0.894,0.583	0.308
5190	ENSG00000231437	LINC01750	chr1	+	111990567	111991473	111990567	111991187	111996426	111996892	5190	6,2,2,1	0,4,22,1	23,6,3,3	1,0,4,0	385	99	0.00151392857526	0.0408857762024	1.0,0.114,0.023,0.205	0.855,1.0,0.162,1.0	-0.419
5282	ENSG00000104859	CLASRP	chr19	+	45068014	45068058	45068014	45068054	45068419	45068480	5282	7,8,2,9	0,1,0,0	6,9,9,9	6,1,10,9	103	99	8.2186674133e-09	6.92504916245e-06	1.0,0.885,1.0,1.0	0.49,0.896,0.464,0.49	0.386
5292	ENSG00000150756	ATPSCKMT	chr5	-	10236477	10236615	10236521	10236615	10235210	10235261	5292	4,1,29,15	0,0,10,2	12,16,1,15	0,0,0,1	143	99	1.74181865871e-05	0.00159527869764	1.0,1.0,0.668,0.839	1.0,1.0,1.0,0.912	-0.101
5366	ENSG00000164211	STARD4	chr5	-	111512384	111512535	111512390	111512535	111507328	111507442	5366	2,2,1,2	1,0,8,1	2,4,3,3	0,1,0,0	105	99	0.000165477888634	0.00810649238157	0.653,1.0,0.105,0.653	1.0,0.79,1.0,1.0	-0.345
5398	ENSG00000164172	MOCS2	chr5	-	53109250	53109757	53109711	53109757	53108521	53108643	5398	19,14,4,7	0,2,3,1	2,4,1,20	0,0,0,0	560	99	0.000143779784971	0.00748026711575	1.0,0.553,0.191,0.553	1.0,1.0,1.0,1.0	-0.426
5441	ENSG00000111961	SASH1	chr6	+	148519546	148520382	148519546	148519893	148525290	148525365	5441	8,10,29,5	0,0,0,1	0,9,0,21	8,0,1,2	588	99	1.58350015766e-07	6.06480560384e-05	1.0,1.0,1.0,0.457	0.0,1.0,0.0,0.639	0.454
5880	ENSG00000089818	NECAP1	chr12	+	8090194	8090343	8090194	8090299	8092675	8092784	5880	1,2,1,1	1,6,1,5	3,0,1,3	0,2,0,0	143	99	2.06326624991e-05	0.00177903742131	0.409,0.188,0.409,0.122	1.0,0.0,1.0,1.0	-0.468
5881	ENSG00000089818	NECAP1	chr12	+	8090194	8091850	8090194	8090299	8092675	8092784	5881	32,56,119,46	1,6,1,5	25,47,68,58	0,2,0,0	1650	99	1.37355764284e-05	0.00137780913078	0.658,0.359,0.877,0.356	1.0,0.585,1.0,1.0	-0.334
5957	ENSG00000109339	MAPK10	chr4	-	86194308	86194407	86194318	86194407	86159297	86159467	5957	54,77,119,98	1,0,1,2	66,86,127,90	4,14,0,4	109	99	4.2906891555e-05	0.00306384295121	0.98,1.0,0.991,0.978	0.937,0.848,1.0,0.953	0.053
6111	ENSG00000176406	RIMS2	chr8	+	103652623	103652714	103652623	103652710	103697085	103697296	6111	0,3,1,7	4,14,5,14	0,0,0,0	6,5,1,11	103	99	1.94165920242e-06	0.000356077128869	0.0,0.171,0.161,0.325	0.0,0.0,0.0,0.0	0.164
6174	ENSG00000281731	METTL14-DT	chr4	-	118678043	118680583	118680488	118680583	118677289	118677344	6174	6,14,13,18	0,0,0,1	8,10,1,17	0,1,1,3	2544	99	1.93870558862e-06	0.000356077128869	1.0,1.0,1.0,0.412	1.0,0.28,0.037,0.181	0.478
6185	ENSG00000204406	MBD5	chr2	+	148489385	148490594	148489385	148489500	148502435	148502509	6185	82,214,228,120	2,1,92,0	80,181,252,120	0,0,0,0	1193	99	8.32960555619e-06	0.00106341297601	0.773,0.947,0.171,1.0	1.0,1.0,1.0,1.0	-0.277
6186	ENSG00000204406	MBD5	chr2	+	148489385	148490787	148489385	148489500	148502435	148502509	6186	54,140,136,95	2,1,92,0	61,135,211,101	0,0,0,0	1386	99	1.17393551591e-06	0.000274766129363	0.659,0.909,0.096,1.0	1.0,1.0,1.0,1.0	-0.334
6518	ENSG00000147642	SYBU	chr8	-	109586016	109586162	109586059	109586162	109579798	109580002	6518	4,6,10,5	9,11,5,16	1,2,4,3	16,6,34,20	142	99	0.000377335884775	0.0151401531672	0.237,0.276,0.582,0.179	0.042,0.189,0.076,0.095	0.218
6529	ENSG00000132522	GPS2	chr17	-	7313567	7313988	7313905	7313988	7313379	7313469	6529	82,78,99,103	0,0,0,0	88,70,88,121	0,1,9,0	437	99	0.000819330956927	0.0263499337522	1.0,1.0,1.0,1.0	1.0,0.941,0.689,1.0	0.093
6576	ENSG00000140650	PMM2	chr16	+	8849848	8851050	8849848	8849993	8855033	8855217	6576	18,13,9,18	0,0,0,0	15,24,63,28	1,0,23,3	1156	99	2.31867081091e-09	2.44214003159e-06	1.0,1.0,1.0,1.0	0.562,1.0,0.19,0.444	0.451
6725	ENSG00000147044	CASK	chrX	-	41853096	41853227	41853114	41853227	41787177	41787283	6725	1,9,8,3	15,10,18,23	0,0,0,2	9,3,8,8	117	99	2.43164696917e-05	0.00204890573622	0.053,0.432,0.273,0.099	0.0,0.0,0.0,0.175	0.17
6879	ENSG00000184575	XPOT	chr12	+	64425037	64425182	64425037	64425138	64425337	64425457	6879	13,7,36,16	0,2,26,0	8,10,23,37	0,0,0,0	143	99	3.10049751828e-06	0.000522495841781	1.0,0.708,0.489,1.0	1.0,1.0,1.0,1.0	-0.201
6930	ENSG00000263753	LINC00667	chr18	+	5241698	5241889	5241698	5241812	5243593	5243643	6930	11,8,2,9	4,3,1,0	2,9,11,17	0,0,0,1	176	99	6.26901344906e-05	0.00412677400951	0.607,0.6,0.529,1.0	1.0,1.0,1.0,0.905	-0.292
6950	ENSG00000102878	HSF4	chr16	+	67167119	67167599	67167119	67167222	67167823	67167947	6950	16,15,17,13	0,2,25,1	16,13,14,21	0,0,0,0	476	99	1.12133703656e-07	4.72419293503e-05	1.0,0.609,0.124,0.73	1.0,1.0,1.0,1.0	-0.384
6954	ENSG00000176853	FAM91A1	chr8	+	123779984	123780082	123779984	123780075	123780479	123780542	6954	0,0,0,2	7,5,8,19	4,2,1,4	13,3,9,16	106	99	6.60770733123e-05	0.004282810921	0.0,0.0,0.0,0.09	0.223,0.384,0.094,0.189	-0.2
7035	ENSG00000073008	PVR	chr19	+	44658741	44658900	44658741	44658765	44661291	44661323	7035	3,7,15,20	0,0,0,0	13,2,76,9	0,0,12,0	234	99	1.14065489702e-05	0.00129660478145	1.0,1.0,1.0,1.0	1.0,1.0,0.728,1.0	0.068
7131	ENSG00000147316	MCPH1	chr8	+	6444392	6445547	6444392	6444505	6455142	6455252	7131	50,105,135,168	4,1,3,2	65,151,103,162	0,2,0,0	1141	99	2.06913917978e-05	0.00177903742131	0.52,0.901,0.796,0.879	1.0,0.868,1.0,1.0	-0.193
7167	ENSG00000174197	MGA	chr15	+	41736180	41736698	41736180	41736368	41740052	41740203	7167	11,59,46,46	0,0,0,2	19,65,71,59	0,5,4,0	429	99	0.000305216031784	0.0133945327282	1.0,1.0,1.0,0.841	1.0,0.75,0.804,1.0	0.072
7526	ENSG00000169851	PCDH7	chr4	+	30920152	30920369	30920152	30920345	30950119	30950215	7526	9,8,9,3	0,0,0,0	5,18,24,8	2,0,18,3	123	99	3.10113691393e-08	1.68834058385e-05	1.0,1.0,1.0,1.0	0.668,1.0,0.518,0.682	0.283
7529	ENSG00000169851	PCDH7	chr4	+	30920152	30920369	30920152	30920345	31142472	31146800	7529	23,41,57,13	7,11,8,4	22,23,49,17	11,9,69,8	123	99	0.000583589189442	0.0201529611075	0.726,0.75,0.852,0.723	0.617,0.673,0.364,0.631	0.191
7680	ENSG00000128463	EMC4	chr15	+	34225535	34225658	34225535	34225650	34227692	34227846	7680	0,0,8,2	10,5,24,7	0,0,0,0	19,3,33,17	107	99	0.000129498082646	0.00699455669471	0.0,0.0,0.236,0.209	0.0,0.0,0.0,0.0	0.111
7690	ENSG00000144535	DIS3L2	chr2	+	232130618	232130943	232130618	232130719	232163458	232163632	7690	9,7,11,17	0,1,0,0	9,9,8,8	0,2,4,2	323	99	3.31421700317e-06	0.000537030624398	1.0,0.682,1.0,1.0	1.0,0.58,0.38,0.551	0.293
7979	ENSG00000170946	DNAJC24	chr11	+	31426286	31426480	31426286	31426355	31430270	31432835	7979	0,0,0,7	4,2,21,4	7,1,1,3	0,11,0,0	224	99	0.000250606507965	0.0116022551435	0.0,0.0,0.0,0.436	1.0,0.039,1.0,1.0	-0.651
7990	ENSG00000289720	NA	chr20	+	34477771	34477906	34477771	34477860	34479629	34479789	7990	1,1,0,1	10,1,1,9	3,3,5,1	3,4,18,7	145	99	0.00163526043764	0.043329259269	0.064,0.406,0.0,0.071	0.406,0.339,0.159,0.089	-0.113
8016	ENSG00000224078	SNHG14	chr15	+	25108997	25109103	25108997	25109099	25109197	25109403	8016	51,104,253,157	3,5,0,13	62,189,97,154	4,15,65,14	103	99	1.49743589256e-05	0.00143379486713	0.942,0.952,1.0,0.921	0.937,0.924,0.589,0.914	0.113
8028	ENSG00000116138	DNAJC16	chr1	+	15566081	15566410	15566081	15566180	15567098	15567269	8028	5,7,29,8	14,18,69,10	4,4,3,2	13,11,48,13	329	99	0.000373296085594	0.0151401531672	0.097,0.105,0.112,0.194	0.085,0.099,0.018,0.044	0.066
8118	ENSG00000187741	FANCA	chr16	-	89798950	89799232	89799165	89799232	89795905	89796018	8118	1,3,31,2	0,6,0,2	3,2,3,4	0,0,0,0	314	99	0.000415816980565	0.016071898524	1.0,0.136,1.0,0.24	1.0,1.0,1.0,1.0	-0.406
8209	ENSG00000186001	LRCH3	chr3	+	197835673	197835822	197835673	197835738	197839320	197839397	8209	43,42,89,75	0,2,0,4	28,44,42,59	6,2,3,9	183	99	7.01880451864e-05	0.0044803368844	1.0,0.919,1.0,0.91	0.716,0.922,0.883,0.78	0.132
8264	ENSG00000286288	NA	chr20	-	1741387	1741482	1741392	1741482	1733175	1733564	8264	1,0,16,1	0,1,0,0	1,1,0,0	0,1,2,1	104	99	3.32526076576e-05	0.00245777607125	1.0,0.0,1.0,1.0	1.0,0.488,0.0,0.0	0.378
8364	ENSG00000077279	DCX	chrX	-	111330903	111331041	111330918	111331041	111312638	111312736	8364	2,2,1,2	0,6,29,3	1,0,1,2	0,4,0,0	114	99	0.00107273490021	0.0309550146204	1.0,0.224,0.029,0.367	1.0,0.0,1.0,1.0	-0.345
8371	ENSG00000169714	CNBP	chr3	-	129171633	129171771	129171654	129171771	129171445	129171538	8371	13,9,9,10	4,5,4,8	3,6,3,7	8,13,31,4	120	99	0.000424183352677	0.0162462224075	0.728,0.598,0.65,0.508	0.236,0.276,0.074,0.591	0.327
8378	ENSG00000107521	HPS1	chr10	-	98433939	98434091	98433982	98434091	98431130	98431291	8378	2,5,0,3	0,1,6,4	3,3,1,3	1,0,0,1	142	99	3.14496768282e-05	0.00236602657995	1.0,0.777,0.0,0.343	0.677,1.0,1.0,0.677	-0.308
8387	ENSG00000148187	MRRF	chr9	+	122285168	122285946	122285168	122285287	122286038	122286166	8387	7,32,35,24	1,1,0,0	7,16,5,26	1,1,14,0	758	99	1.20027501725e-05	0.00129660478145	0.478,0.807,1.0,1.0	0.478,0.676,0.045,1.0	0.272
8407	ENSG00000130713	EXOSC2	chr9	+	130695491	130695606	130695491	130695593	130697581	130697627	8407	4,1,8,8	1,8,4,1	1,1,0,2	1,5,5,4	112	99	0.000519203662499	0.0188569399147	0.78,0.099,0.639,0.876	0.469,0.15,0.0,0.307	0.367
8744	ENSG00000141837	CACNA1A	chr19	-	13210616	13212216	13212102	13212216	13209311	13209498	8744	111,221,203,160	18,37,44,10	78,131,134,86	2,0,0,2	1585	99	3.94581034513e-11	8.35174745473e-08	0.278,0.272,0.224,0.5	0.709,1.0,1.0,0.729	-0.541
8871	ENSG00000006432	MAP3K9	chr14	-	70739897	70740164	70740041	70740164	70738244	70738398	8871	58,31,23,64	1,3,0,0	32,21,16,32	0,7,0,4	243	99	0.00156509792515	0.0418848643218	0.959,0.808,1.0,1.0	1.0,0.55,1.0,0.765	0.113
8980	ENSG00000138375	SMARCAL1	chr2	+	216420298	216420536	216420298	216420532	216423632	216423683	8980	0,0,0,2	7,6,9,13	3,1,3,0	0,3,1,6	103	99	0.00039166833339	0.0154771809006	0.0,0.0,0.0,0.129	1.0,0.243,0.742,0.0	-0.464
9178	ENSG00000225484	NUTM2B-AS1	chr10	-	79808758	79808832	79808762	79808832	79806038	79806122	9178	21,8,13,19	2,6,10,5	10,23,40,11	2,4,0,0	103	99	0.000120266014696	0.0068470367556	0.91,0.562,0.555,0.785	0.828,0.847,1.0,1.0	-0.216
9232	ENSG00000072110	ACTN1	chr14	-	68878457	68879069	68878988	68879069	68877081	68877240	9232	113,105,142,185	4,0,4,2	128,175,306,234	0,0,0,2	630	99	0.000546271155584	0.019503732021	0.816,1.0,0.848,0.936	1.0,1.0,1.0,0.948	-0.087
9301	ENSG00000121274	TENT4B	chr16	+	50223173	50223400	50223173	50223387	50224656	50224783	9301	0,0,4,6	15,19,14,33	0,0,0,0	9,16,56,25	112	99	0.000900135700404	0.0274802297522	0.0,0.0,0.202,0.138	0.0,0.0,0.0,0.0	0.085
9406	ENSG00000143799	PARP1	chr1	-	226386218	226386442	226386325	226386442	226385503	226385680	9406	1,0,0,0	18,28,25,14	3,5,0,3	15,22,24,5	206	99	0.001211966643	0.0335922070195	0.026,0.0,0.0,0.0	0.088,0.098,0.0,0.224	-0.096
9542	ENSG00000070756	PABPC1	chr8	-	100712651	100713181	100713086	100713181	100712361	100712457	9542	181,198,220,380	7,0,0,17	195,299,196,426	5,0,0,3	534	99	0.00195275257058	0.0492631531728	0.827,1.0,1.0,0.806	0.878,1.0,1.0,0.963	-0.052
9568	ENSG00000196338	NLGN3	chrX	+	71147549	71148905	71147549	71148206	71153476	71153536	9568	3,6,29,8	4,3,5,0	4,5,2,3	0,1,0,0	798	99	4.61154223719e-06	0.000653490812851	0.085,0.199,0.418,1.0	1.0,0.383,1.0,1.0	-0.42
9608	ENSG00000100150	DEPDC5	chr22	+	31905983	31906094	31905983	31906066	31906204	31906975	9608	1,0,3,0	9,6,7,3	1,13,1,3	3,6,0,2	127	99	0.000143817146066	0.00748026711575	0.08,0.0,0.25,0.0	0.206,0.628,1.0,0.539	-0.511
9738	ENSG00000155506	LARP1	chr5	+	154793799	154794000	154793799	154793901	154794099	154794262	9738	12,23,45,16	0,3,9,0	11,28,37,13	0,0,1,0	198	99	1.55220546229e-05	0.00145320924725	1.0,0.793,0.714,1.0	1.0,1.0,0.949,1.0	-0.11
9756	ENSG00000251136	PARAIL	chr8	-	89725505	89725641	89725517	89725641	89724628	89724966	9756	3,5,2,8	19,55,29,38	3,1,0,2	21,41,59,50	111	99	0.000790453347761	0.0256167688778	0.123,0.075,0.058,0.158	0.113,0.021,0.0,0.034	0.062
9771	ENSG00000177410	ZFAS1	chr20	+	49280484	49280964	49280484	49280570	49289044	49289260	9771	9,29,22,19	0,8,4,0	3,34,40,15	0,0,1,0	493	99	1.17141871565e-05	0.00129660478145	1.0,0.421,0.525,1.0	1.0,1.0,0.889,1.0	-0.236
9789	ENSG00000168003	SLC3A2	chr11	+	62881892	62882618	62881892	62882066	62882907	62882999	9789	1,0,1,2	4,2,8,2	2,7,5,6	2,5,1,2	651	99	2.48918159986e-05	0.00205625923141	0.037,0.0,0.019,0.132	0.132,0.176,0.432,0.313	-0.216
9895	ENSG00000150995	ITPR1	chr3	+	4675067	4675248	4675067	4675221	4683385	4683551	9895	4,6,7,5	0,0,0,0	4,10,13,13	0,9,2,0	126	99	0.000125602493702	0.00687225072684	1.0,1.0,1.0,1.0	1.0,0.466,0.836,1.0	0.174
10120	ENSG00000258315	C17orf49	chr17	+	7016494	7016685	7016494	7016525	7016909	7017014	10120	15,43,24,11	0,3,0,0	4,37,19,15	0,13,0,1	259	99	0.000919674385277	0.0278747351451	1.0,0.846,1.0,1.0	1.0,0.521,1.0,0.851	0.119
10331	ENSG00000118420	UBE3D	chr6	-	83022452	83022561	83022478	83022561	83018972	83019136	10331	3,6,1,13	0,5,0,5	6,3,14,6	0,0,3,0	125	99	0.000753002078323	0.0249795098896	1.0,0.487,1.0,0.673	1.0,1.0,0.787,1.0	-0.157
10693	ENSG00000241860	NA	chr1	-	169044	169264	169048	169264	168099	168165	10693	0,7,6,7	5,0,3,1	0,2,0,2	5,1,4,7	103	99	0.000293929787639	0.0130954811698	0.0,1.0,0.658,0.871	0.0,0.658,0.0,0.215	0.414
10837	ENSG00000244754	N4BP2L2	chr13	-	32538617	32538792	32538682	32538792	32527407	32527532	10837	15,3,5,19	1,0,4,4	11,8,11,23	3,0,0,0	164	99	0.000849138058769	0.0267039629369	0.901,1.0,0.43,0.741	0.689,1.0,1.0,1.0	-0.154
10859	ENSG00000173193	PARP14	chr3	+	122720254	122721653	122720254	122720388	122727811	122727986	10859	4,10,18,7	0,0,2,7	4,7,17,13	0,0,0,1	1364	99	7.76803050867e-05	0.00467524464758	1.0,1.0,0.395,0.068	1.0,1.0,1.0,0.485	-0.255
11109	ENSG00000255036	SUGT1P4-STRA6LP-CCDC180	chr9	+	97347313	97347666	97347313	97347489	97349110	97349291	11109	4,16,2,6	1,11,1,3	1,5,3,15	0,0,0,2	276	99	9.0829152144e-07	0.000225096010578	0.589,0.343,0.418,0.418	1.0,1.0,1.0,0.729	-0.49
11212	ENSG00000188186	LAMTOR4	chr7	+	100149498	100149579	100149498	100149565	100153399	100153517	11212	5,10,8,8	0,2,7,0	6,17,19,10	0,0,0,0	113	99	0.000377110341694	0.0151401531672	1.0,0.814,0.5,1.0	1.0,1.0,1.0,1.0	-0.171
11247	ENSG00000119688	ABCD4	chr14	-	74297638	74298069	74297929	74298069	74296332	74296449	11247	17,36,37,27	1,2,0,1	13,27,3,19	6,4,2,1	390	99	9.72705895053e-05	0.00569168046647	0.812,0.82,1.0,0.873	0.355,0.631,0.276,0.828	0.354
11421	ENSG00000125875	TBC1D20	chr20	-	440964	442043	441587	442043	440247	440389	11421	6,4,3,7	0,3,13,0	5,7,24,3	0,0,1,1	722	99	0.000132014394874	0.00704021070385	1.0,0.155,0.031,1.0	1.0,1.0,0.767,0.291	-0.218
11508	ENSG00000168214	RBPJ	chr4	+	26383884	26384608	26383884	26384125	26386352	26386391	11508	13,13,17,7	0,0,0,0	14,12,67,24	0,0,18,0	582	99	0.00114770981098	0.0328932070317	1.0,1.0,1.0,1.0	1.0,1.0,0.388,1.0	0.153
11558	ENSG00000163138	PACRGL	chr4	+	20700457	20700787	20700457	20700747	20704465	20704533	11558	10,8,15,7	0,4,0,4	3,9,1,6	0,0,0,2	139	99	0.00118958983976	0.0334116132994	1.0,0.588,1.0,0.555	1.0,1.0,1.0,0.681	-0.134
11765	ENSG00000119912	IDE	chr10	-	92507574	92508205	92508112	92508205	92506441	92506522	11765	20,13,30,51	7,0,0,6	27,16,22,28	0,0,0,2	637	99	0.000155910464779	0.00772765633075	0.308,1.0,1.0,0.569	1.0,1.0,1.0,0.685	-0.202
11790	ENSG00000172613	RAD9A	chr11	+	67396110	67396175	67396110	67396171	67396262	67396400	11790	3,19,6,14	0,0,0,2	3,18,4,13	3,14,1,2	103	99	8.4187147098e-07	0.000221675281702	1.0,1.0,1.0,0.871	0.49,0.553,0.794,0.862	0.293
11817	ENSG00000168066	SF1	chr11	-	64767566	64767844	64767570	64767844	64767191	64767251	11817	1,0,39,0	5,23,70,3	0,0,0,0	6,27,33,1	103	99	3.18581923175e-07	9.5870403024e-05	0.161,0.0,0.349,0.0	0.0,0.0,0.0,0.0	0.128
11895	ENSG00000079432	CIC	chr19	+	42294172	42294304	42294172	42294298	42294603	42294735	11895	4,5,28,9	0,0,2,0	8,3,15,2	3,5,1,0	105	99	0.00031848091123	0.0136437276372	1.0,1.0,0.93,1.0	0.715,0.361,0.934,1.0	0.23
11912	ENSG00000161298	ZNF382	chr19	+	36605312	36605730	36605312	36605347	36607551	36607622	11912	4,6,11,2	0,0,0,0	2,0,1,5	1,3,0,0	482	99	0.00118158213499	0.0334094331189	1.0,1.0,1.0,1.0	0.291,0.0,1.0,1.0	0.427
11954	ENSG00000114646	CSPG5	chr3	-	47569070	47569227	47569151	47569227	47562238	47562761	11954	13,16,15,3	0,1,3,4	6,9,30,6	0,0,2,0	180	99	0.000849354624625	0.0267039629369	1.0,0.898,0.733,0.292	1.0,1.0,0.892,1.0	-0.242
11955	ENSG00000163516	ANKZF1	chr2	+	219230227	219230405	219230227	219230350	219231927	219232040	11955	19,9,15,28	0,9,4,4	12,11,3,24	0,0,1,1	154	99	3.02399930172e-05	0.00231638346512	1.0,0.391,0.707,0.818	1.0,1.0,0.659,0.939	-0.17
12000	ENSG00000080823	MOK	chr14	-	102251443	102251995	102251916	102251995	102250811	102250987	12000	2,18,8,21	0,0,0,7	6,3,0,3	3,0,17,1	572	99	0.000348132080688	0.0143792201563	1.0,1.0,1.0,0.342	0.257,1.0,0.0,0.342	0.436
12418	ENSG00000255571	MIR9-3HG	chr15	+	89388503	89388746	89388503	89388581	89389344	89389482	12418	0,2,1,1	6,7,0,8	2,4,3,4	0,1,0,0	264	99	9.19491149887e-11	1.29127207149e-07	0.0,0.097,1.0,0.045	1.0,0.6,1.0,1.0	-0.615
12564	ENSG00000198728	LDB1	chr10	-	102109028	102109177	102109034	102109177	102107559	102108323	12564	8,32,31,9	3,9,33,5	13,35,25,14	0,8,0,3	105	99	6.16834664695e-05	0.00412495943232	0.715,0.77,0.47,0.629	1.0,0.805,1.0,0.815	-0.259
12622	ENSG00000100445	SDR39U1	chr14	-	24442108	24442260	24442177	24442260	24441677	24441795	12622	3,0,9,1	0,1,16,1	2,1,12,2	1,0,0,0	168	99	5.34163784538e-05	0.00368923282665	1.0,0.0,0.249,0.371	0.541,1.0,1.0,1.0	-0.48
13317	ENSG00000064601	CTSA	chr20	+	45892724	45893311	45892724	45892887	45893987	45894072	13317	56,98,113,84	0,0,11,0	75,107,119,69	0,0,0,0	523	99	0.000401858983725	0.0156762212818	1.0,1.0,0.66,1.0	1.0,1.0,1.0,1.0	-0.085
13414	ENSG00000092529	CAPN3	chr15	+	42410794	42411000	42410794	42410926	42411286	42411345	13414	27,32,32,72	0,1,0,0	21,61,25,36	5,0,18,0	173	99	7.13929224894e-06	0.00093993244515	1.0,0.948,1.0,1.0	0.706,1.0,0.443,1.0	0.2
13485	ENSG00000115234	SNX17	chr2	+	27371268	27371468	27371268	27371343	27372622	27373129	13485	10,6,9,9	0,0,0,1	4,8,3,8	4,2,3,1	224	99	3.2059636057e-08	1.68834058385e-05	1.0,1.0,1.0,0.799	0.307,0.639,0.307,0.78	0.442
13676	ENSG00000293106	RPL23AP7	chr2	-	113626477	113627117	113627037	113627117	113625608	113625729	13676	4,2,13,2	1,0,1,0	8,9,0,13	0,3,4,2	659	99	0.000112210754371	0.00647594394747	0.375,1.0,0.661,1.0	1.0,0.311,0.0,0.494	0.308
13899	ENSG00000281706	LINC01012	chr6	+	27710680	27711230	27710680	27710889	27713003	27713279	13899	3,7,18,4	0,0,5,2	1,5,9,2	0,0,0,0	440	99	0.00101104491335	0.029590217681	1.0,1.0,0.448,0.31	1.0,1.0,1.0,1.0	-0.31
13938	ENSG00000204564	C6orf136	chr6	+	30650993	30651100	30650993	30651082	30651265	30651466	13938	1,0,2,1	12,16,8,1	3,0,5,6	12,5,0,0	117	99	0.000554725012678	0.0196391300707	0.066,0.0,0.175,0.458	0.175,0.0,1.0,1.0	-0.369
13945	ENSG00000168615	ADAM9	chr8	+	39071297	39071413	39071297	39071403	39077227	39077411	13945	2,2,6,2	5,11,47,23	1,1,0,0	9,18,27,25	109	99	0.000276270656566	0.0126513943056	0.266,0.142,0.104,0.073	0.092,0.048,0.0,0.0	0.111
13980	ENSG00000113580	NR3C1	chr5	-	143313998	143314168	143314001	143314168	143310096	143310213	13980	5,3,1,2	25,34,150,27	4,8,4,15	22,48,47,41	102	99	7.49743203008e-05	0.00457777987576	0.163,0.079,0.006,0.067	0.15,0.139,0.076,0.262	-0.078
14094	ENSG00000006071	ABCC8	chr11	-	17461582	17461825	17461585	17461825	17460487	17460676	14094	4,3,20,16	5,5,12,19	4,2,1,5	16,5,4,13	102	99	0.0017048058176	0.0448896681847	0.437,0.368,0.618,0.45	0.195,0.28,0.195,0.272	0.233
14215	ENSG00000166224	SGPL1	chr10	+	70868344	70869424	70868344	70868433	70869791	70869897	14215	29,14,43,37	0,1,27,5	19,23,14,38	0,0,3,0	1090	99	0.00120443320833	0.0335922070195	1.0,0.56,0.126,0.402	1.0,1.0,0.298,1.0	-0.302
14298	ENSG00000197771	MCMBP	chr10	-	119843247	119843426	119843253	119843426	119842471	119842595	14298	3,2,0,2	10,7,15,7	3,2,24,8	4,6,11,13	105	99	0.000331552144703	0.0139682918563	0.22,0.212,0.0,0.212	0.414,0.239,0.673,0.367	-0.262
14355	ENSG00000132429	POPDC3	chr6	-	105161424	105162160	105161795	105162160	105159710	105159819	14355	7,24,22,2	2,2,14,3	6,23,128,7	1,4,0,1	470	99	0.000561573190204	0.0197158987527	0.424,0.717,0.249,0.123	0.558,0.548,1.0,0.596	-0.297
14394	ENSG00000100722	ZC3H14	chr14	+	88602827	88603060	88602827	88603045	88607242	88607363	14394	35,40,43,56	0,4,0,11	44,60,56,39	6,10,17,11	114	99	0.00101139125233	0.029590217681	1.0,0.897,1.0,0.816	0.864,0.839,0.741,0.755	0.129
14436	ENSG00000293491	TMEM198B	chr12	+	55835644	55836037	55835644	55835741	55836125	55836246	14436	7,12,9,1	0,1,23,0	2,8,4,3	0,0,0,0	395	99	0.000469900924339	0.0175194034889	1.0,0.75,0.089,1.0	1.0,1.0,1.0,1.0	-0.29
14447	ENSG00000089335	ZNF302	chr19	+	34677638	34678103	34677638	34677856	34678736	34678813	14447	3,1,0,2	0,0,2,2	2,1,1,2	0,1,1,0	346	99	0.00182356354613	0.0471329645389	1.0,1.0,0.0,0.222	1.0,0.222,0.222,1.0	-0.055
14496	ENSG00000120370	GORAB	chr1	+	170533463	170536421	170533463	170533651	170539209	170539567	14496	13,23,32,37	0,2,1,5	23,6,29,38	0,2,0,0	2869	99	0.00180212268941	0.0468663141388	1.0,0.284,0.525,0.203	1.0,0.094,1.0,1.0	-0.271
14498	ENSG00000166855	CLPX	chr15	-	65156777	65156932	65156843	65156932	65155691	65155856	14498	8,7,2,6	5,5,12,11	0,2,0,4	12,6,53,15	165	99	1.78952727414e-06	0.000356077128869	0.49,0.457,0.091,0.247	0.0,0.167,0.0,0.138	0.245
