23	ENSG00000133460	SLC2A11	chr22	+	23875116	23875241	23875120	23875241	23868480	23868641	23	4,6,5,8	7,2,7,1	2,10,11,5	1,0,0,0	103	99	2.00405167017e-07	6.65833945371e-05	0.355,0.742,0.407,0.885	0.658,1.0,1.0,1.0	-0.317
127	ENSG00000063046	EIF4B	chr12	+	53021715	53021860	53021805	53021860	53019909	53020026	127	3,2,1,6	6,19,26,18	3,1,16,8	6,8,15,11	189	99	0.00170716130953	0.0404632309016	0.208,0.052,0.02,0.149	0.208,0.061,0.358,0.276	-0.118
138	ENSG00000293186	NA	chr19	+	53512858	53513047	53512975	53513047	53512600	53512695	138	5,5,6,20	3,3,0,3	1,1,49,10	0,0,0,0	216	99	1.50397272702e-06	0.000231311005416	0.433,0.433,1.0,0.753	1.0,1.0,1.0,1.0	-0.345
179	ENSG00000118058	KMT2A	chr11	+	118495702	118495893	118495757	118495893	118494693	118494767	179	10,11,21,22	0,0,1,9	14,17,40,34	0,0,0,0	154	99	0.000249344116826	0.00969500355367	1.0,1.0,0.931,0.611	1.0,1.0,1.0,1.0	-0.115
256	ENSG00000110076	NRXN2	chr11	-	64652034	64652163	64652034	64652154	64653695	64653722	256	3,0,7,0	7,1,1,9	1,0,2,5	0,1,1,0	108	99	2.98798068379e-05	0.00204750636758	0.282,0.0,0.865,0.0	1.0,0.0,0.647,1.0	-0.375
359	ENSG00000242802	AP5Z1	chr7	+	4787595	4787776	4787633	4787776	4786249	4786428	359	0,1,0,1	1,7,4,6	0,8,12,0	2,15,26,5	137	99	8.10014311592e-05	0.0044142590949	0.0,0.094,0.0,0.107	0.0,0.278,0.25,0.0	-0.082
398	ENSG00000134897	BIVM	chr13	+	102807145	102807745	102807283	102807745	102805306	102805390	398	71,126,154,206	5,0,0,1	81,45,158,109	0,6,12,2	237	99	0.000142564656065	0.00676162232504	0.856,1.0,1.0,0.989	1.0,0.758,0.846,0.958	0.071
519	ENSG00000058673	ZC3H11A	chr1	+	203802651	203803016	203802956	203803016	203801574	203801628	519	64,32,49,93	0,0,15,2	79,53,62,87	0,0,3,0	404	99	0.00119168335353	0.030660373568	1.0,1.0,0.445,0.919	1.0,1.0,0.835,1.0	-0.118
650	ENSG00000130714	POMT1	chr9	+	131518697	131518957	131518836	131518957	131518444	131518537	650	0,0,0,3	4,9,66,15	7,0,0,6	9,8,5,14	238	99	5.71215935985e-05	0.0034080909422	0.0,0.0,0.0,0.077	0.244,0.0,0.0,0.151	-0.08
682	ENSG00000141027	NCOR1	chr17	-	16171802	16172020	16171802	16171995	16186553	16186687	682	0,2,1,1	64,74,56,89	1,1,13,7	34,75,18,73	124	99	1.3990351574e-05	0.00121034029055	0.0,0.021,0.014,0.009	0.023,0.011,0.366,0.071	-0.107
698	ENSG00000286286	NA	chr13	-	31049714	31050657	31049714	31050129	31052210	31052347	698	1,3,5,7	0,1,0,0	10,20,7,11	3,4,32,0	627	99	2.60398105978e-06	0.000333743572495	1.0,0.321,1.0,1.0	0.345,0.441,0.033,1.0	0.375
883	ENSG00000175470	PPP2R2D	chr10	+	131943967	131944145	131944094	131944145	131940581	131940694	883	24,25,3,40	0,0,0,0	71,26,8,83	5,3,3,3	226	99	2.0693789986e-06	0.000280604191477	1.0,1.0,1.0,1.0	0.862,0.792,0.539,0.924	0.221
997	ENSG00000108591	DRG2	chr17	+	18101492	18101590	18101494	18101590	18100568	18100659	997	40,13,6,15	5,0,0,8	9,9,5,10	0,2,0,0	101	99	0.000382272212609	0.0132885334319	0.887,1.0,1.0,0.648	1.0,0.815,1.0,1.0	-0.07
1183	ENSG00000078328	RBFOX1	chr16	+	7710622	7710844	7710700	7710844	7709055	7709131	1183	8,16,35,20	1,0,13,1	23,18,55,15	1,0,0,0	177	99	3.20208918414e-06	0.000388801039358	0.817,1.0,0.601,0.918	0.928,1.0,1.0,1.0	-0.148
1196	ENSG00000255794	RMST	chr12	+	97564149	97565033	97564737	97565033	97560796	97561047	1196	36,29,91,82	1,3,0,7	28,21,47,69	0,0,0,3	687	99	0.000886621327589	0.0252522889228	0.838,0.582,1.0,0.628	1.0,1.0,1.0,0.768	-0.18
1218	ENSG00000067715	SYT1	chr12	+	79292007	79292130	79292016	79292130	79285786	79285971	1218	156,184,697,256	43,53,17,11	133,207,789,231	28,6,12,5	108	99	0.000341978549874	0.0122001729056	0.769,0.761,0.974,0.955	0.813,0.969,0.984,0.977	-0.071
1240	ENSG00000082269	FAM135A	chr6	+	70475409	70475549	70475458	70475549	70452491	70452571	1240	45,55,15,134	0,2,0,0	75,49,48,97	6,2,5,1	148	99	0.00027897819137	0.0104368003377	1.0,0.948,1.0,1.0	0.893,0.942,0.865,0.985	0.066
1300	ENSG00000105583	WDR83OS	chr19	-	12668519	12668617	12668519	12668611	12669127	12669233	1300	7,4,1,4	0,0,0,0	3,2,22,8	0,0,11,0	105	99	0.000160202681258	0.00721330385249	1.0,1.0,1.0,1.0	1.0,1.0,0.653,1.0	0.087
1306	ENSG00000177301	KCNA2	chr1	-	110593579	110604246	110593579	110604106	110605390	110605722	1306	23,18,40,17	1,11,33,0	9,6,9,13	0,0,0,2	239	99	4.37297122906e-05	0.00282853587629	0.905,0.404,0.334,1.0	1.0,1.0,1.0,0.729	-0.271
1307	ENSG00000177301	KCNA2	chr1	-	110593579	110604945	110593579	110604106	110605390	110605722	1307	70,101,137,74	1,11,33,0	49,55,47,59	0,0,0,2	938	99	1.48847787442e-05	0.00125631163035	0.881,0.492,0.305,1.0	1.0,1.0,1.0,0.757	-0.27
1308	ENSG00000177301	KCNA2	chr1	-	110593579	110605155	110593579	110604106	110605390	110605722	1308	63,86,105,72	1,11,33,0	41,48,83,59	0,0,0,2	1148	99	1.21608798999e-05	0.00109305778944	0.845,0.403,0.215,1.0	1.0,1.0,1.0,0.718	-0.314
1328	ENSG00000291112	NA	chr6	-	27370135	27370243	27370135	27370224	27375193	27375266	1328	1,3,2,8	0,0,0,2	4,5,1,6	0,2,2,3	118	99	0.00116192567296	0.0303218405364	1.0,1.0,1.0,0.77	1.0,0.677,0.296,0.627	0.292
1472	ENSG00000166478	ZNF143	chr11	+	9474549	9474633	9474552	9474633	9473940	9474024	1472	1,5,1,2	0,2,3,3	3,4,18,2	0,0,0,2	102	99	0.000186668959823	0.00797151816456	1.0,0.708,0.244,0.393	1.0,1.0,1.0,0.493	-0.287
1629	ENSG00000130475	FCHO1	chr19	+	17773935	17774283	17774238	17774283	17772644	17772741	1629	0,1,0,1	4,3,1,2	2,4,2,1	2,1,0,1	402	99	0.0010224665809	0.027642543775	0.0,0.076,0.0,0.11	0.198,0.496,1.0,0.198	-0.426
1647	ENSG00000104093	DMXL2	chr15	-	51476588	51476719	51476588	51476716	51479947	51480139	1647	1,3,0,2	1,4,12,0	1,2,1,4	1,0,0,1	102	99	7.72079695188e-06	0.000763366224342	0.493,0.421,0.0,1.0	0.493,1.0,1.0,0.795	-0.343
1747	ENSG00000197798	FAM118B	chr11	+	126261424	126261484	126261427	126261484	126256566	126256852	1747	6,1,5,8	4,1,2,2	6,3,3,1	1,0,1,0	102	99	0.000211802844262	0.00865945948917	0.593,0.493,0.708,0.795	0.853,1.0,0.744,1.0	-0.252
1880	ENSG00000089847	ANKRD24	chr19	+	4186273	4186461	4186389	4186461	4183353	4183477	1880	5,7,6,5	1,0,0,0	5,21,3,5	1,1,8,5	215	99	5.4063982724e-07	0.000113386916495	0.697,1.0,1.0,1.0	0.697,0.906,0.147,0.315	0.408
2027	ENSG00000134982	APC	chr5	+	112818965	112819344	112819268	112819344	112815494	112815593	2027	17,66,91,47	0,1,8,0	36,26,24,32	0,0,0,0	402	99	0.000750654437998	0.0226868094558	1.0,0.942,0.737,1.0	1.0,1.0,1.0,1.0	-0.08
2028	ENSG00000134982	APC	chr5	+	112819106	112819344	112819268	112819344	112815494	112815593	2028	1,13,9,11	0,1,8,0	11,7,7,8	0,0,0,0	261	99	0.00165656975421	0.0395348940306	1.0,0.831,0.299,1.0	1.0,1.0,1.0,1.0	-0.218
2085	ENSG00000005801	ZNF195	chr11	-	3361742	3368855	3361742	3361889	3370974	3371070	2085	143,347,698,270	1,0,2,0	165,190,360,314	3,0,8,2	7065	99	9.82023571617e-05	0.00518823293066	0.667,1.0,0.83,1.0	0.435,1.0,0.387,0.688	0.247
2090	ENSG00000186448	ZNF197	chr3	+	44641899	44648471	44646490	44648471	44632472	44632599	2090	140,249,262,350	1,0,8,1	184,132,225,271	0,0,2,0	4690	99	0.000119688087239	0.00601177234611	0.747,1.0,0.409,0.881	1.0,1.0,0.704,1.0	-0.167
2103	ENSG00000135316	SYNCRIP	chr6	-	85608334	85612923	85608334	85612920	85614980	85615347	2103	6,27,20,30	3,8,3,8	19,19,33,27	1,3,0,1	102	99	2.20610432128e-05	0.00160720505343	0.66,0.766,0.866,0.784	0.949,0.86,1.0,0.963	-0.174
2158	ENSG00000126883	NUP214	chr9	+	131146128	131146304	131146161	131146304	131144279	131144754	2158	30,61,36,32	2,8,12,1	44,45,48,18	1,4,0,0	132	99	0.000106550124303	0.0054916259873	0.918,0.851,0.692,0.96	0.971,0.894,1.0,1.0	-0.111
2159	ENSG00000126883	NUP214	chr9	+	131146128	131146304	131146164	131146304	131144279	131144754	2159	30,61,36,32	0,5,7,0	44,45,48,18	0,2,0,0	135	99	0.000395381521256	0.0135467104387	1.0,0.899,0.79,1.0	1.0,0.943,1.0,1.0	-0.064
2161	ENSG00000126883	NUP214	chr9	+	131147486	131147584	131147489	131147584	131146128	131146304	2161	0,1,0,0	2,6,7,6	2,3,2,1	2,7,4,8	102	99	0.000107118842405	0.0054916259873	0.0,0.139,0.0,0.0	0.493,0.294,0.327,0.108	-0.271
2166	ENSG00000174672	BRSK2	chr11	+	1460499	1462689	1460969	1462689	1456597	1456687	2166	14,15,21,18	3,2,1,12	15,9,21,10	0,0,0,2	569	99	9.34694861787e-06	0.000886167553209	0.448,0.566,0.785,0.207	1.0,1.0,1.0,0.465	-0.365
2216	ENSG00000135454	B4GALNT1	chr12	-	57629047	57629174	57629047	57629146	57630151	57630332	2216	2,0,0,2	4,5,11,4	3,4,5,1	6,2,9,4	127	99	0.00156841806067	0.0383569660703	0.28,0.0,0.0,0.28	0.28,0.609,0.302,0.163	-0.199
2407	ENSG00000232940	HCG25	chr6	+	33250595	33250711	33250608	33250711	33249789	33249889	2407	1,6,4,2	0,1,0,0	6,5,4,3	1,5,0,2	112	99	0.000191708654264	0.0080413066434	1.0,0.841,1.0,1.0	0.841,0.469,1.0,0.57	0.24
2476	ENSG00000110888	CAPRIN2	chr12	-	30714958	30715141	30714958	30715081	30716507	30716676	2476	23,20,26,30	2,3,0,0	15,14,3,25	4,3,0,6	159	99	0.00108217363843	0.0287885485405	0.877,0.806,1.0,1.0	0.7,0.744,1.0,0.722	0.129
2484	ENSG00000100813	ACIN1	chr14	-	23064104	23064257	23064104	23064221	23064354	23064485	2484	25,44,17,27	3,4,8,5	26,98,48,38	3,5,2,1	135	99	0.00196271770442	0.0455837893701	0.859,0.89,0.609,0.798	0.864,0.935,0.946,0.965	-0.138
2516	ENSG00000050130	JKAMP	chr14	+	59486712	59486804	59486730	59486804	59484989	59485116	2516	2,1,5,4	8,0,2,2	2,2,13,7	0,0,0,1	117	99	1.41143718813e-06	0.000222012654069	0.175,1.0,0.679,0.629	1.0,1.0,1.0,0.856	-0.343
2522	ENSG00000291050	TEKT4P2	chr21	-	9068359	9068659	9068359	9068629	9069444	9069599	2522	1,7,16,11	0,2,0,8	1,10,6,10	0,0,0,0	129	99	8.92006216945e-05	0.00474890386729	1.0,0.729,1.0,0.513	1.0,1.0,1.0,1.0	-0.19
2667	ENSG00000165699	TSC1	chr9	-	132902604	132902787	132902604	132902783	132903650	132903817	2667	22,67,60,79	1,0,29,4	44,102,78,60	1,0,0,0	103	99	1.12232134808e-07	4.56916826474e-05	0.955,1.0,0.665,0.95	0.977,1.0,1.0,1.0	-0.102
2759	ENSG00000011243	AKAP8L	chr19	-	15397713	15398766	15397713	15397855	15399301	15399410	2759	18,15,15,24	29,35,36,40	13,17,43,25	19,27,9,20	1010	99	0.00124792385297	0.0316369266901	0.057,0.04,0.039,0.056	0.063,0.058,0.319,0.109	-0.089
2839	ENSG00000283183	NA	chr4	+	582100	582329	582123	582329	578719	578833	2839	1,1,7,3	4,30,124,8	6,0,12,12	8,34,15,10	122	99	0.000144074096123	0.00676162232504	0.169,0.026,0.044,0.233	0.378,0.0,0.394,0.493	-0.198
2925	ENSG00000119321	FKBP15	chr9	-	113174427	113174583	113174427	113174573	113176536	113176673	2925	23,32,47,60	9,4,1,7	20,13,24,25	1,2,0,1	109	99	0.00091461403262	0.0257318850397	0.699,0.879,0.977,0.886	0.948,0.855,1.0,0.958	-0.08
2997	ENSG00000144847	IGSF11	chr3	-	118904647	118904798	118904647	118904714	118905595	118905718	2997	20,53,103,23	0,0,26,0	39,56,33,52	0,0,0,0	183	99	3.50990334586e-06	0.000418828294081	1.0,1.0,0.682,1.0	1.0,1.0,1.0,1.0	-0.08
3023	ENSG00000152894	PTPRK	chr6	-	128009129	128009268	128009129	128009265	128064757	128064794	3023	64,49,50,92	5,4,8,10	76,81,156,103	5,4,1,5	102	99	0.000893978367372	0.0252539766554	0.926,0.922,0.858,0.899	0.937,0.952,0.993,0.952	-0.057
3051	ENSG00000203780	FANK1	chr10	+	126009053	126009592	126009372	126009592	126008406	126008550	3051	6,12,35,22	1,0,0,1	7,13,17,15	1,0,5,3	418	99	1.50672898671e-05	0.00125639413458	0.587,1.0,1.0,0.839	0.624,1.0,0.446,0.542	0.203
3248	ENSG00000121716	PILRB	chr7	+	100353372	100354012	100353894	100354012	100353209	100353270	3248	18,10,20,25	0,2,0,0	7,14,7,18	0,3,17,1	621	99	2.27204423584e-05	0.00163116686941	1.0,0.444,1.0,1.0	1.0,0.427,0.062,0.742	0.303
3250	ENSG00000121716	PILRB	chr7	+	100358219	100358366	100358263	100358366	100356749	100356883	3250	14,36,45,55	2,0,0,1	17,47,14,43	2,9,92,1	143	99	4.13063863247e-06	0.000468658196317	0.829,1.0,1.0,0.974	0.855,0.783,0.095,0.967	0.276
3328	ENSG00000217930	PAM16	chr16	-	4341367	4341672	4341367	4341504	4343206	4343291	3328	1,13,13,4	1,4,17,6	8,7,56,9	0,2,2,1	267	99	6.01030572422e-07	0.000118849502621	0.27,0.546,0.221,0.198	1.0,0.565,0.912,0.769	-0.503
3458	ENSG00000290727	ALMS1P1	chr2	+	73671029	73671150	73671079	73671150	73641082	73641325	3458	36,15,55,19	0,6,14,0	23,23,35,10	0,0,0,2	149	99	4.48196244596e-05	0.00284584055858	1.0,0.624,0.723,1.0	1.0,1.0,1.0,0.769	-0.106
3538	ENSG00000129353	SLC44A2	chr19	+	10642896	10644557	10643278	10644557	10642366	10642451	3538	10,1,8,10	0,0,0,0	8,12,49,5	0,0,11,3	481	99	2.28613186436e-05	0.00163116686941	1.0,1.0,1.0,1.0	1.0,1.0,0.478,0.255	0.317
3579	ENSG00000142046	TMEM91	chr19	+	41383560	41384083	41383873	41384083	41382771	41382921	3579	7,24,24,20	0,2,1,0	2,16,12,9	1,6,0,2	412	99	0.000160352261174	0.00721330385249	1.0,0.742,0.852,1.0	0.325,0.391,1.0,0.52	0.34
3582	ENSG00000142046	TMEM91	chr19	+	41383714	41384083	41383873	41384083	41382771	41382921	3582	6,27,38,18	0,2,1,0	2,14,15,11	1,6,0,2	258	99	0.000176984179523	0.00765567191549	1.0,0.838,0.936,1.0	0.434,0.472,1.0,0.679	0.297
3584	ENSG00000142046	TMEM91	chr19	+	41383862	41384083	41383873	41384083	41382771	41382921	3584	1,10,5,11	0,2,1,0	3,6,3,1	1,6,0,2	110	99	0.000282935257308	0.0104716305659	1.0,0.818,0.818,1.0	0.73,0.474,1.0,0.31	0.281
3587	ENSG00000108384	RAD51C	chr17	+	58732480	58732544	58732483	58732544	58724039	58724100	3587	1,3,12,0	17,22,75,24	1,0,1,1	23,17,95,21	102	99	5.08736522897e-05	0.00312930039348	0.054,0.117,0.134,0.0	0.04,0.0,0.01,0.044	0.053
3669	ENSG00000291027	UBE2Q2P1	chr15	-	84569504	84569683	84569504	84569654	84570486	84570637	3669	6,12,14,8	0,2,0,0	4,4,24,4	1,3,9,0	128	99	1.95643765947e-05	0.00150450056013	1.0,0.823,1.0,1.0	0.756,0.508,0.673,1.0	0.221
3670	ENSG00000291027	UBE2Q2P1	chr15	-	84569504	84569679	84569504	84569654	84570486	84570643	3670	2,1,9,6	0,2,0,0	3,0,17,1	1,3,9,0	124	99	0.00127067846782	0.0320962250941	1.0,0.285,1.0,1.0	0.705,0.0,0.601,1.0	0.245
3912	ENSG00000095787	WAC	chr10	+	28535543	28535757	28535561	28535757	28533997	28534034	3912	9,13,22,21	46,76,51,74	22,27,52,28	44,58,100,65	117	99	0.00184523066799	0.043144734639	0.142,0.126,0.267,0.194	0.297,0.283,0.306,0.267	-0.106
3918	ENSG00000095787	WAC	chr10	+	28616172	28616362	28616175	28616362	28614566	28614685	3918	10,25,11,10	11,9,19,8	20,19,29,21	8,5,1,5	102	99	0.000241398088817	0.00943907442205	0.469,0.729,0.36,0.548	0.708,0.787,0.966,0.803	-0.29
3930	ENSG00000149582	TMEM25	chr11	+	118534265	118534355	118534268	118534355	118534028	118534129	3930	16,24,77,3	3,0,18,0	6,16,21,5	0,0,0,0	102	99	1.61426882539e-06	0.000237709671075	0.838,1.0,0.806,1.0	1.0,1.0,1.0,1.0	-0.089
3947	ENSG00000247828	TMEM161B-DT	chr5	+	88287435	88287657	88287438	88287657	88285740	88285851	3947	8,12,15,7	0,0,0,0	7,27,26,7	0,0,9,1	102	99	0.000438429110963	0.0148743523381	1.0,1.0,1.0,1.0	1.0,1.0,0.737,0.872	0.098
3953	ENSG00000148143	ZNF462	chr9	+	106932262	106932549	106932445	106932549	106930524	106930689	3953	11,28,43,11	11,60,142,7	17,19,19,8	3,6,9,9	282	99	0.000269599534277	0.0101961659931	0.26,0.141,0.096,0.356	0.665,0.526,0.426,0.238	-0.251
3954	ENSG00000148143	ZNF462	chr9	+	106932265	106932549	106932445	106932549	106930524	106930689	3954	9,24,84,11	11,60,142,7	19,18,16,13	3,6,9,9	279	99	0.000171539655598	0.00755102854911	0.225,0.124,0.173,0.358	0.692,0.516,0.387,0.339	-0.263
3978	ENSG00000283515	NA	chr19	+	58246710	58246794	58246745	58246794	58246300	58246427	3978	11,8,31,6	1,3,28,0	10,11,4,8	0,0,0,2	134	99	2.56651628096e-05	0.00177628591805	0.89,0.663,0.45,1.0	1.0,1.0,1.0,0.747	-0.186
3993	ENSG00000046651	OFD1	chrX	+	13752703	13753441	13753367	13753441	13751248	13751368	3993	8,12,2,47	0,0,0,2	22,9,10,47	5,2,3,4	763	99	1.31793152558e-06	0.000217176287822	1.0,1.0,1.0,0.753	0.363,0.369,0.302,0.604	0.529
4024	ENSG00000049769	PPP1R3F	chrX	+	49281980	49282063	49281983	49282063	49281405	49281461	4024	9,12,6,3	0,0,0,1	6,10,0,7	5,0,29,1	102	99	3.19000958182e-06	0.000388801039358	1.0,1.0,1.0,0.744	0.538,1.0,0.0,0.872	0.333
4035	ENSG00000085998	POMGNT1	chr1	-	46193304	46193442	46193304	46193388	46193563	46193616	4035	0,1,0,2	4,3,10,1	8,3,2,2	0,1,4,1	153	99	7.58924940203e-06	0.00076123471176	0.0,0.177,0.0,0.564	1.0,0.66,0.244,0.564	-0.432
4074	ENSG00000122218	COPA	chr1	-	160305432	160305598	160305432	160305571	160305687	160305773	4074	3,2,8,19	20,17,31,43	0,4,5,4	32,24,54,47	126	99	0.000360426428613	0.0127270985328	0.105,0.085,0.169,0.258	0.0,0.116,0.068,0.063	0.092
4104	ENSG00000288902	NA	chr2	+	220632593	220632807	220632656	220632807	220630378	220630560	4104	1,3,0,5	70,92,39,99	9,15,40,9	34,117,141,126	162	99	6.66194766019e-10	5.76341746952e-07	0.009,0.02,0.0,0.03	0.139,0.073,0.148,0.042	-0.086
4231	ENSG00000148516	ZEB1	chr10	+	31495775	31495838	31495778	31495838	31461036	31461237	4231	15,20,14,24	18,26,11,37	15,40,32,25	13,11,6,19	102	99	0.00116538210991	0.0303218405364	0.447,0.427,0.553,0.386	0.528,0.779,0.838,0.561	-0.223
4301	ENSG00000197386	HTT	chr4	+	3142744	3142886	3142765	3142886	3140509	3140656	4301	0,4,19,2	12,23,51,24	1,0,3,0	26,12,28,13	120	99	0.000106583348198	0.0054916259873	0.0,0.125,0.235,0.064	0.031,0.0,0.081,0.0	0.078
4365	ENSG00000134899	ERCC5	chr13	+	102854142	102854374	102854287	102854374	102853756	102853872	4365	20,32,10,42	40,14,12,45	31,57,32,55	22,26,6,14	244	99	0.00179862595625	0.0423411232762	0.169,0.481,0.253,0.275	0.364,0.471,0.684,0.614	-0.239
4367	ENSG00000134899	ERCC5	chr13	+	102873258	102873343	102873260	102873343	102872197	102872398	4367	21,54,36,79	2,1,8,6	37,47,4,65	0,0,0,0	101	99	4.01280798079e-06	0.000462877400584	0.911,0.981,0.815,0.928	1.0,1.0,1.0,1.0	-0.091
4510	ENSG00000156531	PHF6	chrX	+	134413487	134413657	134413490	134413657	134393908	134393952	4510	0,1,0,1	2,3,5,3	2,0,9,1	2,1,1,6	102	99	0.000327615711331	0.0118095225944	0.0,0.244,0.0,0.244	0.493,0.0,0.897,0.139	-0.26
4565	ENSG00000147140	NONO	chrX	+	71297587	71298508	71297835	71298508	71297376	71297461	4565	1,9,3,3	24,38,37,22	2,15,44,11	24,18,9,23	347	99	5.92322229614e-05	0.00349488053183	0.012,0.063,0.023,0.037	0.023,0.192,0.582,0.12	-0.195
4617	ENSG00000166501	PRKCB	chr16	+	24214657	24220611	24219960	24220611	24191089	24191230	4617	2602,3647,4849,2350	9,5,41,3	2423,3935,4755,2253	5,3,1,7	5402	99	0.00049917516845	0.0165301021093	0.841,0.93,0.684,0.935	0.899,0.96,0.989,0.855	-0.078
4636	ENSG00000116147	TNR	chr1	-	175335710	175336073	175335710	175335807	175337527	175337679	4636	1,0,0,0	1,4,17,7	1,1,1,11	3,3,30,8	365	99	0.000665665227606	0.0207525632444	0.213,0.0,0.0,0.0	0.083,0.083,0.009,0.272	-0.059
4697	ENSG00000140443	IGF1R	chr15	+	98929557	98929660	98929560	98929660	98924524	98924684	4697	5,1,6,5	0,4,0,7	5,2,7,12	1,0,0,0	102	99	0.000464924896334	0.0156201223666	1.0,0.195,1.0,0.409	0.829,1.0,1.0,1.0	-0.306
4760	ENSG00000185090	MANEAL	chr1	+	37799566	37801133	37799843	37801133	37796743	37796820	4760	4,7,2,9	0,2,0,0	5,9,10,5	0,1,4,2	376	99	0.000121607878696	0.00601177234611	1.0,0.48,1.0,1.0	1.0,0.703,0.397,0.397	0.246
5004	ENSG00000108963	DPH1	chr17	+	2036428	2036686	2036528	2036686	2035969	2036091	5004	2,1,2,5	3,10,43,9	7,8,1,4	4,5,11,4	199	99	0.00194981451065	0.045436586627	0.249,0.047,0.023,0.217	0.465,0.443,0.043,0.332	-0.187
5539	ENSG00000102901	CENPT	chr16	-	67828473	67828605	67828473	67828559	67828666	67828843	5539	7,30,48,12	1,11,5,3	4,37,20,9	0,1,0,0	145	99	6.11213956114e-08	2.64388236892e-05	0.827,0.651,0.868,0.732	1.0,0.962,1.0,1.0	-0.221
5574	ENSG00000255717	SNHG1	chr11	-	62854017	62854351	62854017	62854064	62854518	62854551	5574	1,1,0,0	1,5,36,8	0,1,11,3	3,1,4,14	386	99	0.000144109008844	0.00676162232504	0.204,0.049,0.0,0.0	0.0,0.204,0.414,0.052	-0.104
5718	ENSG00000293510	AFG3L1P	chr16	+	89994692	89996616	89994758	89996616	89993767	89993893	5718	22,21,22,27	10,3,5,2	20,12,19,25	12,16,14,10	165	99	0.00098185430277	0.0269659271011	0.569,0.808,0.725,0.89	0.5,0.31,0.449,0.6	0.283
5832	ENSG00000213930	GALT	chr9	+	34647474	34647567	34647491	34647567	34647088	34647258	5832	0,0,0,2	1,5,18,15	4,0,6,2	11,7,1,16	116	99	0.000303318266829	0.0110487669722	0.0,0.0,0.0,0.102	0.237,0.0,0.837,0.096	-0.267
5875	ENSG00000234741	GAS5	chr1	-	173863900	173864506	173863900	173864304	173864674	173864704	5875	11,131,262,35	0,1,1,0	15,150,126,47	0,0,11,1	301	99	0.000213239432948	0.00865945948917	1.0,0.977,0.989,1.0	1.0,1.0,0.79,0.939	0.059
5950	ENSG00000214078	CPNE1	chr20	-	35658929	35659014	35658929	35658982	35664759	35664900	5950	11,9,55,18	0,2,1,1	5,18,7,8	6,3,5,2	131	99	2.0155340823e-06	0.000278990227672	1.0,0.773,0.977,0.932	0.386,0.819,0.514,0.751	0.303
5977	ENSG00000290690	NA	chr15	-	84407837	84408001	84407837	84407984	84412773	84412875	5977	5,11,2,7	1,2,2,2	3,5,1,2	0,0,1,0	116	99	0.00123102761265	0.0313233165704	0.81,0.824,0.46,0.749	1.0,1.0,0.46,1.0	-0.154
6543	ENSG00000115525	ST3GAL5	chr2	-	85847860	85848381	85847860	85848204	85851263	85851703	6543	12,8,15,17	0,2,0,0	6,13,12,10	4,0,4,1	276	99	5.50551713244e-05	0.00331336383249	1.0,0.589,1.0,1.0	0.35,1.0,0.518,0.782	0.235
6569	ENSG00000164808	SPIDR	chr8	+	47700402	47700490	47700407	47700490	47673800	47673941	6569	84,118,131,145	3,3,8,9	77,126,160,87	26,18,13,37	104	99	1.14278456698e-08	6.08400922159e-06	0.964,0.974,0.94,0.939	0.738,0.87,0.921,0.691	0.149
6583	ENSG00000187239	FNBP1	chr9	-	129899964	129900104	129899964	129900101	129900425	129900547	6583	3,15,20,1	3,13,4,8	1,6,0,1	9,8,8,11	102	99	0.00207175642259	0.0474788947045	0.493,0.528,0.829,0.108	0.097,0.421,0.0,0.081	0.34
6687	ENSG00000106628	POLD2	chr7	-	44115294	44116272	44115294	44115893	44116429	44116510	6687	1,7,4,2	0,0,0,0	7,2,40,2	2,0,2,2	478	99	0.000512009796405	0.0167151877402	1.0,1.0,1.0,1.0	0.42,1.0,0.806,0.172	0.4
6776	ENSG00000113327	GABRG2	chr5	+	162150994	162151753	162151729	162151753	162149107	162149313	6776	29,22,64,48	27,19,192,34	19,22,55,75	9,8,121,22	834	99	0.0018387571331	0.043139112265	0.113,0.121,0.038,0.144	0.2,0.246,0.051,0.288	-0.092
6927	ENSG00000102977	ACD	chr16	-	67658719	67658832	67658719	67658816	67658927	67659079	6927	1,2,0,2	21,20,25,34	5,16,0,10	26,27,57,23	115	99	5.10924641617e-05	0.00312930039348	0.039,0.079,0.0,0.048	0.142,0.338,0.0,0.272	-0.147
6931	ENSG00000213614	HEXA	chr15	-	72345445	72346128	72345445	72345550	72346234	72346325	6931	9,51,27,25	7,19,30,20	19,30,40,22	13,47,65,42	677	99	0.00118655253225	0.0306422764019	0.158,0.282,0.116,0.155	0.176,0.085,0.083,0.071	0.074
6938	ENSG00000234545	FAM133B	chr7	-	92577654	92577717	92577654	92577676	92578149	92578182	6938	70,87,54,59	0,1,0,8	53,113,46,80	2,8,3,16	140	99	0.0012136663771	0.0309955165901	1.0,0.984,1.0,0.839	0.949,0.909,0.916,0.78	0.067
6979	ENSG00000116698	SMG7	chr1	+	183517625	183517820	183517687	183517820	183515873	183515991	6979	0,2,0,0	5,7,3,7	6,2,1,6	0,5,11,6	161	99	4.76882446255e-05	0.00300045764594	0.0,0.149,0.0,0.0	1.0,0.197,0.053,0.381	-0.37
7067	ENSG00000291075	FRG1HP	chr9	+	41012829	41014136	41013780	41014136	41011616	41011730	7067	24,21,46,32	3,0,8,1	32,51,16,29	0,0,0,1	1050	99	8.11585399219e-07	0.0001404245637	0.43,1.0,0.352,0.751	1.0,1.0,1.0,0.732	-0.3
7073	ENSG00000291075	FRG1HP	chr9	+	41056882	41057231	41056954	41057231	41032833	41033022	7073	3,5,6,1	1,0,0,1	3,7,3,4	5,0,1,3	171	99	0.00014989390791	0.00691610491097	0.635,1.0,1.0,0.367	0.258,1.0,0.635,0.436	0.168
7134	ENSG00000172771	EFCAB12	chr3	-	129402522	129404403	129402522	129402579	129408644	129408858	7134	11,13,4,21	0,0,0,0	27,4,10,17	4,0,0,5	1923	99	1.54738444624e-06	0.000232814081575	1.0,1.0,1.0,1.0	0.258,1.0,1.0,0.149	0.398
7173	ENSG00000116688	MFN2	chr1	+	11981969	11982114	11981973	11982114	11980214	11980484	7173	9,19,16,9	2,1,1,0	6,7,42,3	4,2,0,8	103	99	0.00120282666813	0.0308324569264	0.812,0.948,0.939,1.0	0.59,0.771,1.0,0.265	0.268
7248	ENSG00000004487	KDM1A	chr1	+	23082219	23082366	23082292	23082366	23081445	23081573	7248	15,22,30,29	0,0,17,0	7,14,39,35	0,0,0,0	172	99	0.000804944597136	0.0239449282396	1.0,1.0,0.504,1.0	1.0,1.0,1.0,1.0	-0.124
7349	ENSG00000100211	CBY1	chr22	+	38670766	38670989	38670883	38670989	38668016	38668132	7349	1,5,3,0	1,1,0,3	1,2,1,2	0,1,0,0	216	99	0.00145320162386	0.0359200301383	0.314,0.696,1.0,0.0	1.0,0.478,1.0,1.0	-0.367
7423	ENSG00000171798	KNDC1	chr10	+	133168210	133168312	133168253	133168312	133167380	133167579	7423	1,1,7,4	3,6,30,14	0,2,0,1	5,8,16,6	142	99	0.000929764599229	0.0259471806099	0.189,0.104,0.14,0.166	0.0,0.148,0.0,0.104	0.087
7445	ENSG00000197603	CPLANE1	chr5	-	37206196	37206425	37206196	37206296	37213558	37213622	7445	5,21,46,34	0,2,1,1	19,34,39,45	1,7,31,5	228	99	1.81076913045e-05	0.00140812732043	1.0,0.82,0.952,0.937	0.892,0.678,0.353,0.796	0.247
7574	ENSG00000055609	KMT2C	chr7	-	152156204	152156346	152156204	152156343	152158862	152159072	7574	9,8,3,14	10,0,0,3	7,2,12,4	0,0,0,0	102	99	2.4524679171e-05	0.00171449802568	0.466,1.0,1.0,0.819	1.0,1.0,1.0,1.0	-0.179
7578	ENSG00000055609	KMT2C	chr7	-	152207299	152207428	152207299	152207425	152220522	152220735	7578	95,121,54,135	4,4,0,0	96,124,41,180	4,6,7,8	102	99	0.00139790889555	0.0349275359787	0.958,0.967,1.0,1.0	0.959,0.953,0.85,0.956	0.052
7590	ENSG00000123066	MED13L	chr12	-	115997009	115997230	115997009	115997227	116003002	116003102	7590	37,95,91,102	0,8,8,2	46,74,70,61	6,11,14,7	102	99	0.000369873566213	0.0129943906181	1.0,0.92,0.917,0.98	0.882,0.867,0.829,0.894	0.086
7612	ENSG00000134627	PIWIL4	chr11	+	94608184	94608686	94608582	94608686	94607438	94607639	7612	8,4,1,9	0,0,0,0	5,11,0,0	1,2,1,8	497	99	3.66373598126e-15	2.53567167263e-11	1.0,1.0,1.0,1.0	0.499,0.523,0.0,0.0	0.744
7671	ENSG00000293699	ANKRD26P3	chr13	-	19316886	19317057	19316886	19317054	19321372	19321539	7671	12,5,6,8	13,2,0,9	12,9,16,8	0,0,0,1	102	99	2.95090661906e-08	1.36154831403e-05	0.473,0.708,1.0,0.463	1.0,1.0,1.0,0.886	-0.31
7720	ENSG00000113231	PDE8B	chr5	+	77331345	77331459	77331401	77331459	77328997	77329057	7720	3,6,3,3	10,30,91,23	16,4,11,16	23,26,30,25	155	99	5.57697016057e-06	0.000596591814894	0.161,0.113,0.021,0.077	0.308,0.089,0.19,0.29	-0.126
7724	ENSG00000164985	PSIP1	chr9	-	15470635	15471311	15470635	15471231	15472631	15472750	7724	6,16,25,21	6,0,3,9	17,27,56,25	0,1,0,5	179	99	0.00197629256415	0.0457455546371	0.356,1.0,0.822,0.563	1.0,0.937,1.0,0.734	-0.233
7792	ENSG00000159063	ALG8	chr11	-	78106806	78106946	78106806	78106912	78112649	78112770	7792	2,3,8,3	0,3,36,0	3,4,9,5	0,0,0,0	133	99	1.03946486222e-05	0.000961258260355	1.0,0.427,0.142,1.0	1.0,1.0,1.0,1.0	-0.358
8080	ENSG00000135365	PHF21A	chr11	-	45969814	45969904	45969814	45969901	45971115	45971364	8080	67,128,63,96	16,18,12,19	49,169,110,64	3,12,0,8	102	99	2.14882562466e-06	0.000280604191477	0.803,0.873,0.836,0.831	0.941,0.932,1.0,0.886	-0.104
8188	ENSG00000164172	MOCS2	chr5	-	53100410	53101509	53100410	53100534	53102096	53102224	8188	27,22,38,35	0,1,3,6	23,35,17,30	0,0,0,1	1074	99	5.73322664676e-07	0.000116704887124	1.0,0.67,0.539,0.35	1.0,1.0,1.0,0.734	-0.294
8397	ENSG00000152234	ATP5F1A	chr18	-	46095052	46095147	46095052	46095131	46098171	46098296	8397	4,5,0,0	2,4,5,2	2,1,6,5	2,0,0,1	115	99	1.72435010297e-05	0.00138770082124	0.633,0.518,0.0,0.0	0.463,1.0,1.0,0.811	-0.531
8472	ENSG00000131503	ANKHD1	chr5	+	140537337	140537589	140537388	140537589	140528183	140529796	8472	9,4,23,12	0,7,3,6	3,10,6,10	1,1,0,0	150	99	4.96339640897e-05	0.00309474473392	1.0,0.274,0.835,0.569	0.664,0.868,1.0,1.0	-0.214
8621	ENSG00000048162	NOP16	chr5	-	176383945	176384374	176383945	176384283	176385220	176385327	8621	4,11,11,7	0,1,12,0	1,1,11,3	0,0,0,0	190	99	0.000583435312226	0.0186753654132	1.0,0.851,0.323,1.0	1.0,1.0,1.0,1.0	-0.207
8741	ENSG00000205758	CRYZL1	chr21	-	33591161	33591211	33591161	33591207	33595730	33595836	8741	8,1,2,7	2,2,42,24	1,0,0,2	11,12,1,20	103	99	0.000162890700766	0.00727333251614	0.794,0.325,0.044,0.219	0.08,0.0,0.0,0.088	0.304
8743	ENSG00000205758	CRYZL1	chr21	-	33591161	33591228	33591161	33591211	33595730	33595836	8743	4,3,3,4	5,1,0,6	0,1,4,12	1,0,0,0	116	99	0.000120183033855	0.00601177234611	0.406,0.719,1.0,0.363	0.0,1.0,1.0,1.0	-0.128
8807	ENSG00000310526	WASH7P	chr1	-	16853	17742	16853	17055	17914	18061	8807	7,2,9,10	1,1,0,0	5,2,1,7	2,0,1,2	786	99	0.000100498709097	0.00526933004288	0.469,0.201,1.0,1.0	0.239,1.0,0.112,0.306	0.253
8955	ENSG00000148737	TCF7L2	chr10	+	113150982	113151123	113150997	113151123	113146010	113146097	8955	1,1,0,3	15,47,8,29	3,11,10,2	13,56,1,16	114	99	0.000189005201011	0.00797624997681	0.055,0.018,0.0,0.082	0.167,0.146,0.897,0.098	-0.288
8979	ENSG00000182552	RWDD4	chr4	-	183651217	183651327	183651217	183651323	183655880	183655961	8979	4,4,0,6	1,2,9,9	14,6,2,3	3,2,0,0	103	99	0.000635768766662	0.0201842001563	0.794,0.658,0.0,0.391	0.818,0.742,1.0,1.0	-0.429
8994	ENSG00000089818	NECAP1	chr12	+	8091768	8092784	8092675	8092784	8090194	8090299	8994	31,55,102,83	1,6,1,5	28,63,104,68	0,2,0,0	1006	99	5.5522024146e-06	0.000596591814894	0.753,0.474,0.909,0.62	1.0,0.756,1.0,1.0	-0.25
8996	ENSG00000089818	NECAP1	chr12	+	8091839	8092784	8092675	8092784	8090194	8090299	8996	12,37,16,41	1,6,1,5	13,25,66,52	0,2,0,0	935	99	5.09388261349e-07	0.0001101711299	0.56,0.395,0.629,0.465	1.0,0.57,1.0,1.0	-0.38
9042	ENSG00000072518	MARK2	chr11	+	63902600	63902782	63902603	63902782	63902197	63902330	9042	6,4,16,5	22,72,157,51	4,4,1,1	32,136,61,53	102	99	0.000921013452275	0.0258070206607	0.209,0.051,0.09,0.087	0.108,0.028,0.016,0.018	0.067
9052	ENSG00000173261	PLAC8L1	chr5	-	146085460	146085597	146085460	146085562	146098155	146098292	9052	2,12,3,17	0,0,0,3	5,24,3,9	8,8,0,3	134	99	7.93494086182e-05	0.0043585496591	1.0,1.0,1.0,0.807	0.316,0.689,1.0,0.689	0.278
9111	ENSG00000109339	MAPK10	chr4	-	86015268	86017375	86015268	86017370	86029196	86029274	9111	183,263,126,218	315,577,429,470	229,291,148,211	278,440,184,402	104	99	0.000196820491738	0.00820599170674	0.356,0.303,0.218,0.306	0.44,0.386,0.434,0.333	-0.102
9192	ENSG00000117477	CCDC181	chr1	-	169397236	169397391	169397236	169397388	169419012	169419159	9192	12,7,5,10	3,3,0,6	8,1,2,23	0,0,0,0	102	99	2.84546515905e-07	7.03338013064e-05	0.795,0.694,1.0,0.618	1.0,1.0,1.0,1.0	-0.223
9295	ENSG00000131236	CAP1	chr1	+	40060066	40060170	40060069	40060170	40059333	40059458	9295	7,4,13,2	1,2,9,0	5,5,6,4	1,0,0,0	102	99	4.42703156978e-06	0.00049418524991	0.872,0.66,0.584,1.0	0.829,1.0,1.0,1.0	-0.178
9379	ENSG00000120049	KCNIP2	chr10	-	101828626	101828717	101828626	101828696	101829074	101829199	9379	2,2,0,0	7,7,28,16	3,1,8,4	28,8,6,23	120	99	0.0011087239607	0.029288086	0.191,0.191,0.0,0.0	0.081,0.093,0.524,0.125	-0.11
9439	ENSG00000109685	NSD2	chr4	+	1952751	1953524	1953323	1953524	1952104	1952231	9439	9,14,97,7	4,4,7,2	12,0,12,5	15,3,7,12	671	99	1.44122316047e-05	0.00123144512267	0.249,0.341,0.672,0.341	0.106,0.0,0.202,0.058	0.309
9471	ENSG00000072041	SLC6A15	chr12	-	84867033	84868072	84867033	84867193	84870477	84870670	9471	1,2,1,2	3,4,8,5	10,1,10,20	13,4,6,7	978	99	7.67935491158e-05	0.00432104189781	0.033,0.048,0.012,0.039	0.072,0.025,0.144,0.224	-0.083
9554	ENSG00000114354	TFG	chr3	+	100747360	100747454	100747413	100747454	100744832	100744931	9554	14,18,38,19	9,10,31,12	14,29,59,27	4,8,0,2	152	99	1.97236849631e-07	6.65833945371e-05	0.503,0.54,0.444,0.508	0.695,0.702,1.0,0.898	-0.325
9613	ENSG00000168014	C2CD3	chr11	-	74037477	74037698	74037477	74037623	74042053	74042218	9613	21,50,31,25	0,4,8,0	11,51,22,33	0,0,0,0	174	99	1.35271339392e-05	0.0011850796708	1.0,0.877,0.688,1.0	1.0,1.0,1.0,1.0	-0.109
9616	ENSG00000168014	C2CD3	chr11	-	74106370	74106493	74106370	74106489	74109033	74109152	9616	34,55,72,40	0,2,0,2	16,58,80,52	2,2,24,5	103	99	1.29446084518e-07	4.97720194972e-05	1.0,0.964,1.0,0.951	0.885,0.965,0.762,0.909	0.099
9632	ENSG00000105819	PMPCB	chr7	+	103311642	103311896	103311807	103311896	103310314	103310475	9632	26,22,124,35	1,0,0,2	32,31,73,38	4,0,0,7	264	99	0.000992781937355	0.0271582758436	0.907,1.0,1.0,0.868	0.75,1.0,1.0,0.671	0.088
9911	ENSG00000147642	SYBU	chr8	-	109642727	109642932	109642727	109642929	109644635	109644716	9911	1,6,6,2	2,1,8,1	3,2,5,1	0,1,0,0	102	99	1.36655240568e-06	0.000219951376737	0.327,0.853,0.421,0.66	1.0,0.66,1.0,1.0	-0.35
9912	ENSG00000147642	SYBU	chr8	-	109642727	109642947	109642727	109642929	109644635	109644716	9912	2,3,10,5	2,1,8,1	6,8,4,6	0,1,0,0	117	99	2.99416190841e-07	7.14572226486e-05	0.458,0.717,0.514,0.809	1.0,0.871,1.0,1.0	-0.343
10084	ENSG00000180881	CAPS2	chr12	-	75275978	75279065	75275978	75276247	75282250	75282347	10084	80,134,83,116	1,5,1,0	39,35,51,73	0,0,0,0	2917	99	0.000213952835233	0.00865945948917	0.731,0.476,0.738,1.0	1.0,1.0,1.0,1.0	-0.264
10302	ENSG00000257621	PSMA3-AS1	chr14	-	58273978	58274135	58273978	58274010	58291634	58291707	10302	9,37,79,23	4,1,0,3	13,47,52,19	9,7,13,7	224	99	0.000997306176936	0.0271746301204	0.499,0.942,1.0,0.772	0.39,0.748,0.639,0.545	0.223
10328	ENSG00000161939	RNASEK-C17orf49	chr17	+	7017256	7017520	7017260	7017520	7016909	7017014	10328	2,3,0,3	14,33,12,12	3,12,38,0	4,23,7,2	103	99	0.000491955068611	0.0164484107723	0.121,0.08,0.0,0.194	0.419,0.334,0.839,0.0	-0.299
10482	ENSG00000297244	NA	chr1	+	155749897	155750193	155749922	155750193	155749521	155749631	10482	1,2,2,9	0,1,1,5	0,4,0,1	2,2,5,2	124	99	0.00173206700198	0.0409134324939	1.0,0.615,0.615,0.59	0.0,0.615,0.0,0.285	0.48
10497	ENSG00000123636	BAZ2B	chr2	-	159448241	159448409	159448241	159448403	159453612	159453801	10497	40,53,14,82	12,20,12,28	55,70,21,104	2,13,0,24	105	99	0.000296065138831	0.0108416234172	0.759,0.714,0.524,0.734	0.963,0.835,1.0,0.803	-0.218
10511	ENSG00000114021	NIT2	chr3	+	100345584	100346255	100346180	100346255	100341072	100341161	10511	10,32,34,45	0,0,3,5	18,27,38,29	2,0,0,0	695	99	0.000337659777385	0.0121085146077	1.0,1.0,0.618,0.562	0.562,1.0,1.0,1.0	-0.096
10517	ENSG00000076864	RAP1GAP	chr1	-	21602803	21603912	21602803	21602913	21606065	21606197	10517	34,10,27,51	6,5,0,2	27,24,111,24	1,0,0,0	1098	99	2.57876413445e-07	6.65833945371e-05	0.338,0.153,1.0,0.697	0.709,1.0,1.0,1.0	-0.38
10716	ENSG00000154162	CDH12	chr5	-	22212497	22212643	22212497	22212639	22405256	22405351	10716	12,10,10,8	1,0,0,1	16,17,9,18	3,1,0,6	103	99	0.000964715857006	0.0266007906229	0.92,1.0,1.0,0.885	0.837,0.942,1.0,0.743	0.071
10789	ENSG00000115464	USP34	chr2	-	61214059	61214278	61214059	61214218	61220309	61220457	10789	9,18,7,15	0,0,0,2	7,10,16,21	2,4,0,4	159	99	2.3744591629e-05	0.00167690121086	1.0,1.0,1.0,0.824	0.685,0.609,1.0,0.766	0.191
10790	ENSG00000115464	USP34	chr2	-	61214059	61214694	61214059	61214218	61220309	61220457	10790	57,127,76,138	0,0,0,2	85,112,151,145	2,4,0,4	575	99	0.00112937007036	0.0297200389999	1.0,1.0,1.0,0.922	0.88,0.828,1.0,0.862	0.088
10854	ENSG00000132305	IMMT	chr2	-	86170748	86170844	86170748	86170841	86171207	86171312	10854	16,20,44,8	1,0,1,4	3,22,20,14	0,5,23,7	102	99	0.000199866184662	0.00828307703021	0.94,1.0,0.977,0.66	1.0,0.81,0.458,0.66	0.162
10858	ENSG00000078549	ADCYAP1R1	chr7	+	31100126	31100210	31100129	31100210	31092643	31092735	10858	11,21,16,21	5,9,21,9	19,12,41,20	0,0,0,3	102	99	3.58935103861e-12	6.21047463455e-09	0.681,0.694,0.425,0.694	1.0,1.0,1.0,0.866	-0.343
10868	ENSG00000196090	PTPRT	chr20	-	42199239	42199397	42199239	42199388	42236228	42236258	10868	6,1,10,5	21,13,117,29	0,0,0,1	6,3,13,19	108	99	3.0235450545e-05	0.00205156424727	0.208,0.066,0.073,0.136	0.0,0.0,0.0,0.046	0.109
10906	ENSG00000174197	MGA	chr15	+	41739905	41740203	41740052	41740203	41736180	41736368	10906	7,14,24,15	0,0,0,2	5,21,8,19	0,5,4,0	246	99	0.000212392429186	0.00865945948917	1.0,1.0,1.0,0.751	1.0,0.628,0.446,1.0	0.169
11011	ENSG00000140632	GLYR1	chr16	-	4814536	4814647	4814536	4814629	4817597	4817697	11011	15,5,4,19	1,0,0,0	15,9,1,3	3,6,8,0	117	99	8.02469092287e-07	0.0001404245637	0.927,1.0,1.0,1.0	0.809,0.559,0.096,1.0	0.366
11071	ENSG00000100416	TRMU	chr22	+	46350290	46350463	46350349	46350463	46346421	46346544	11071	6,8,7,40	6,2,8,5	1,4,29,23	0,0,0,1	158	99	2.55448240338e-09	1.9643969682e-06	0.385,0.715,0.354,0.834	1.0,1.0,1.0,0.935	-0.412
11072	ENSG00000100416	TRMU	chr22	+	46350345	46350463	46350349	46350463	46346421	46346544	11072	11,20,14,8	6,2,8,5	17,18,3,16	0,0,0,1	103	99	5.03136776686e-09	2.90184135954e-06	0.638,0.906,0.627,0.606	1.0,1.0,1.0,0.939	-0.29
11110	ENSG00000177595	PIDD1	chr11	-	803173	803647	803173	803587	804093	804463	11110	0,1,6,5	1,0,2,7	1,2,8,4	2,0,0,0	159	99	0.00168779439928	0.0401416667952	0.0,1.0,0.651,0.308	0.237,1.0,1.0,1.0	-0.32
11180	ENSG00000290399	NA	chr15	+	22681153	22681262	22681175	22681262	22678196	22678383	11180	0,2,0,0	9,29,20,38	4,5,2,2	17,15,15,20	121	99	1.54824173617e-05	0.00127564060191	0.0,0.053,0.0,0.0	0.161,0.214,0.098,0.076	-0.124
11249	ENSG00000304724	NA	chr2	+	18555199	18555918	18555324	18555918	18552867	18553043	11249	10,4,4,12	0,1,12,3	3,2,5,16	0,2,0,0	224	99	0.000290511247612	0.0106948316209	1.0,0.639,0.128,0.639	1.0,0.307,1.0,1.0	-0.225
11307	ENSG00000157916	RER1	chr1	+	2402096	2402342	2402206	2402342	2400856	2400935	11307	1,1,0,3	20,25,33,22	1,17,0,4	30,21,13,31	209	99	0.00038400616766	0.0132885334319	0.023,0.019,0.0,0.061	0.016,0.277,0.0,0.058	-0.062
11323	ENSG00000175220	ARHGAP1	chr11	-	46679647	46679831	46679647	46679776	46680204	46680282	11323	0,0,1,2	10,11,36,7	0,5,3,1	3,13,6,6	154	99	0.00108565397617	0.0287885485405	0.0,0.0,0.018,0.155	0.0,0.198,0.243,0.097	-0.091
11594	ENSG00000174720	LARP7	chr4	+	112647650	112647834	112647689	112647834	112647198	112647549	11594	4,0,33,11	18,14,11,33	0,4,0,0	14,10,10,17	138	99	0.000217451735532	0.00871231046657	0.138,0.0,0.683,0.193	0.0,0.223,0.0,0.0	0.198
11625	ENSG00000151322	NPAS3	chr14	+	33367185	33367268	33367191	33367268	33215181	33215426	11625	10,10,17,26	3,6,0,4	9,1,8,6	2,0,0,0	105	99	0.000185474095708	0.00797151816456	0.759,0.611,1.0,0.86	0.809,1.0,1.0,1.0	-0.145
11720	ENSG00000101489	CELF4	chr18	-	37264673	37264757	37264673	37264754	37266532	37266598	11720	36,42,101,40	13,13,12,15	30,46,27,46	7,3,0,2	102	99	0.000146772341495	0.00681752600998	0.729,0.758,0.891,0.721	0.806,0.937,1.0,0.957	-0.15
11786	ENSG00000148459	PDSS1	chr10	+	26720134	26720359	26720217	26720359	26709637	26709768	11786	1,9,2,16	2,4,7,12	6,10,72,12	2,6,0,4	182	99	0.000829513347626	0.0242238897845	0.214,0.55,0.135,0.42	0.62,0.476,1.0,0.62	-0.349
12000	ENSG00000253230	MIR124-1HG	chr8	-	9900063	9900286	9900063	9900198	9900544	9900612	12000	244,575,721,354	1,8,15,25	189,707,537,276	9,68,49,36	187	99	1.1497469643e-12	2.65246624664e-09	0.992,0.974,0.962,0.882	0.917,0.846,0.853,0.802	0.098
12001	ENSG00000253230	MIR124-1HG	chr8	-	9900063	9900286	9900063	9900198	9900554	9900612	12001	536,1244,1651,859	54,73,72,93	432,1880,1125,607	78,306,53,146	187	99	7.86855228371e-05	0.00435666002844	0.84,0.9,0.924,0.83	0.746,0.765,0.918,0.688	0.094
12128	ENSG00000198707	CEP290	chr12	-	88089031	88090839	88089031	88089487	88092680	88092832	12128	64,157,101,160	3,0,0,0	101,107,80,199	5,0,9,0	1451	99	0.0016107321814	0.0389785924037	0.593,1.0,1.0,1.0	0.58,1.0,0.378,1.0	0.159
12219	ENSG00000130396	AFDN	chr6	+	167870382	167870498	167870385	167870498	167864550	167864746	12219	23,33,9,28	15,11,11,17	7,8,20,14	19,8,36,28	102	99	0.000429536222265	0.0146444344547	0.598,0.744,0.443,0.615	0.263,0.493,0.35,0.327	0.242
12264	ENSG00000291100	NA	chr20	-	28563834	28565400	28563834	28564831	28586298	28586403	12264	50,28,73,74	0,0,0,0	90,54,89,121	10,0,0,0	668	99	0.00162490564883	0.0390485138734	1.0,1.0,1.0,1.0	0.572,1.0,1.0,1.0	0.107
12519	ENSG00000172915	NBEA	chr13	+	35649654	35649847	35649669	35649847	35646258	35646348	12519	16,21,31,9	1,4,10,0	16,29,12,24	0,0,0,0	114	99	3.57593081701e-07	7.98355393049e-05	0.933,0.82,0.729,1.0	1.0,1.0,1.0,1.0	-0.129
12604	ENSG00000173230	GOLGB1	chr3	-	121719645	121719768	121719645	121719753	121722261	121722378	12604	5,19,3,6	0,1,0,0	2,10,3,7	5,3,0,3	114	99	2.01104455921e-06	0.000278990227672	1.0,0.943,1.0,1.0	0.258,0.743,1.0,0.67	0.318
12626	ENSG00000149428	HYOU1	chr11	-	119046416	119046467	119046416	119046462	119046561	119046802	12626	36,81,270,9	1,5,3,1	23,71,133,22	1,9,80,1	104	99	2.59753164644e-07	6.65833945371e-05	0.972,0.939,0.988,0.895	0.956,0.882,0.613,0.954	0.097
12793	ENSG00000163913	IFT122	chr3	+	129507664	129507762	129507667	129507762	129506408	129506549	12793	2,5,0,2	8,15,3,11	6,8,11,12	18,7,11,5	102	99	0.00129587333347	0.0326135976034	0.195,0.244,0.0,0.15	0.244,0.526,0.493,0.7	-0.343
12808	ENSG00000117682	DHDDS	chr1	+	26441598	26442873	26442730	26442873	26438167	26438284	12808	17,88,125,35	3,0,8,3	48,49,187,35	0,0,0,1	1231	99	2.35328082132e-07	6.65833945371e-05	0.313,1.0,0.557,0.484	1.0,1.0,1.0,0.738	-0.346
12842	ENSG00000136451	VEZF1	chr17	-	57980602	57980804	57980602	57980786	57981872	57981936	12842	0,1,0,0	7,9,36,18	1,1,3,5	6,5,18,9	117	99	3.08385879769e-05	0.00207217346979	0.0,0.086,0.0,0.0	0.124,0.145,0.124,0.32	-0.157
12916	ENSG00000112031	MTRF1L	chr6	-	152995135	152995319	152995135	152995294	152998549	152998629	12916	2,0,0,2	7,8,1,8	2,2,14,8	7,6,9,8	124	99	0.000130378838686	0.00631015344438	0.186,0.0,0.0,0.166	0.186,0.21,0.554,0.444	-0.261
13163	ENSG00000177200	CHD9	chr16	+	53306233	53306397	53306236	53306397	53303719	53304625	13163	16,20,1,25	14,31,32,32	22,18,12,36	16,8,10,13	102	99	0.00076342563196	0.0229724730382	0.526,0.385,0.029,0.431	0.572,0.686,0.538,0.729	-0.288
13288	ENSG00000137760	ALKBH8	chr11	-	107553846	107553978	107553846	107553973	107556765	107557003	13288	4,4,10,13	0,0,0,0	6,3,2,20	2,2,0,4	104	99	0.000497950702237	0.0165301021093	1.0,1.0,1.0,1.0	0.741,0.588,1.0,0.826	0.211
13321	ENSG00000175893	ZDHHC21	chr9	-	14674186	14674385	14674186	14674216	14680032	14680162	13321	24,18,28,37	1,2,0,0	11,18,15,46	6,8,21,0	268	99	1.26030513137e-06	0.000212745654005	0.899,0.769,1.0,1.0	0.404,0.454,0.209,1.0	0.4
13323	ENSG00000188747	NOXA1	chr9	+	137434202	137434406	137434223	137434406	137433964	137434079	13323	0,0,0,0	14,45,79,12	1,2,16,0	8,56,74,8	120	99	7.23224777066e-07	0.000131722070581	0.0,0.0,0.0,0.0	0.093,0.029,0.151,0.0	-0.068
13337	ENSG00000204681	GABBR1	chr6	-	29629086	29629247	29629086	29629107	29630457	29630643	13337	6,21,15,9	14,20,57,16	11,38,60,20	9,13,80,11	239	99	0.000747787426251	0.0226868094558	0.151,0.303,0.098,0.189	0.336,0.548,0.237,0.43	-0.203
13353	ENSG00000129657	SEC14L1	chr17	+	77213917	77216802	77216548	77216802	77213313	77213492	13353	106,103,140,114	2,0,1,0	127,110,95,151	6,1,2,0	2730	99	0.00105376749463	0.028267925699	0.658,1.0,0.835,1.0	0.434,0.8,0.633,1.0	0.156
13395	ENSG00000203705	TATDN3	chr1	+	212812226	212812328	212812247	212812328	212807735	212807848	13395	2,1,0,0	3,0,25,3	2,11,5,1	0,3,0,3	120	99	1.04167561807e-05	0.000961258260355	0.355,1.0,0.0,0.0	1.0,0.752,1.0,0.216	-0.403
13396	ENSG00000203705	TATDN3	chr1	+	212812226	212812328	212812250	212812328	212807735	212807848	13396	2,2,1,0	2,0,13,13	2,12,5,1	1,0,0,5	123	99	0.000727420281025	0.0222764414379	0.446,1.0,0.058,0.0	0.617,1.0,1.0,0.139	-0.313
13400	ENSG00000144218	AFF3	chr2	-	99554310	99554534	99554310	99554486	99554682	99554732	13400	14,15,17,17	3,0,13,5	11,9,23,14	4,0,0,0	147	99	0.000674179267781	0.0209237431045	0.759,1.0,0.468,0.696	0.649,1.0,1.0,1.0	-0.181
13706	ENSG00000135968	GCC2	chr2	+	108486434	108486648	108486510	108486648	108485830	108485908	13706	1,5,0,3	31,50,47,21	2,11,4,10	21,17,11,33	175	99	7.07831485136e-06	0.000720426721857	0.018,0.054,0.0,0.075	0.051,0.268,0.171,0.146	-0.122
13832	ENSG00000164466	SFXN1	chr5	+	175509031	175509202	175509060	175509202	175492094	175492267	13832	14,7,2,21	2,1,4,4	38,15,74,41	0,0,2,2	128	99	3.35785171225e-05	0.00221330397147	0.844,0.844,0.279,0.802	1.0,1.0,0.966,0.941	-0.284
13890	ENSG00000072110	ACTN1	chr14	-	68877081	68878523	68877081	68877240	68878988	68879069	13890	63,44,72,118	4,0,4,2	87,61,99,142	0,0,0,2	1382	99	8.87027994378e-06	0.000852655659596	0.53,1.0,0.563,0.809	1.0,1.0,1.0,0.836	-0.233
13939	ENSG00000275066	SYNRG	chr17	-	37596222	37596344	37596222	37596341	37600362	37600403	13939	3,10,0,8	3,3,3,4	5,6,2,7	1,0,0,0	102	99	3.36495903142e-07	7.76296048549e-05	0.493,0.764,0.0,0.66	0.829,1.0,1.0,1.0	-0.478
13991	ENSG00000091140	DLD	chr7	+	107904862	107905058	107904957	107905058	107903477	107903547	13991	0,0,3,0	20,2,72,11	0,0,3,7	1,10,19,8	194	99	0.00146710129944	0.0361345483752	0.0,0.0,0.021,0.0	0.0,0.0,0.075,0.309	-0.091
14031	ENSG00000115486	GGCX	chr2	-	85554142	85554628	85554142	85554306	85555483	85555590	14031	1,2,5,7	2,2,10,0	3,7,4,5	0,0,0,0	421	99	7.68723973366e-11	8.79014185725e-08	0.105,0.19,0.105,1.0	1.0,1.0,1.0,1.0	-0.65
14307	ENSG00000131018	SYNE1	chr6	-	152283977	152284184	152283977	152284172	152293587	152293749	14307	2,0,0,5	18,22,17,33	3,9,1,6	19,12,4,26	111	99	0.000837466500057	0.0242251499701	0.09,0.0,0.0,0.119	0.123,0.401,0.182,0.171	-0.167
14438	ENSG00000120798	NR2C1	chr12	-	95028386	95028524	95028386	95028509	95031348	95031488	14438	18,48,65,53	4,3,1,0	13,26,27,34	7,7,1,5	114	99	0.000377977465013	0.0132120304816	0.796,0.933,0.983,1.0	0.617,0.763,0.959,0.855	0.13
14510	ENSG00000197283	SYNGAP1	chr6	+	33447829	33447932	33447842	33447932	33446574	33446786	14510	16,25,9,24	60,82,70,162	34,51,56,43	96,133,129,156	112	99	0.000663146638258	0.0207525632444	0.191,0.212,0.102,0.116	0.238,0.253,0.277,0.196	-0.086
14535	ENSG00000137166	FOXP4	chr6	+	41587298	41587512	41587301	41587512	41587008	41587156	14535	4,8,39,8	2,1,3,0	5,5,1,6	4,2,8,5	102	99	1.80234402172e-05	0.00140812732043	0.66,0.886,0.927,1.0	0.548,0.708,0.108,0.538	0.393
14537	ENSG00000136521	NDUFB5	chr3	+	179615982	179616049	179615984	179616049	179614970	179615059	14537	6,1,16,8	0,0,16,0	5,6,3,4	0,0,0,0	101	99	0.000706818720787	0.0217417438514	1.0,1.0,0.495,1.0	1.0,1.0,1.0,1.0	-0.126
14639	ENSG00000171509	RXFP1	chr4	+	158599244	158599431	158599325	158599431	158593400	158593499	14639	0,8,54,18	42,87,114,72	1,5,10,12	31,53,177,106	180	99	8.39445329351e-05	0.00453890712847	0.0,0.048,0.207,0.121	0.017,0.049,0.03,0.059	0.055
14674	ENSG00000107959	PITRM1	chr10	-	3165412	3165523	3165412	3165483	3166228	3166380	14674	2,10,23,16	6,7,12,10	9,12,28,18	3,3,5,2	139	99	0.000840816123123	0.0242251499701	0.192,0.504,0.577,0.533	0.681,0.74,0.8,0.865	-0.32
14675	ENSG00000107959	PITRM1	chr10	-	3165412	3165527	3165412	3165483	3166228	3166380	14675	22,34,51,48	6,7,12,10	28,35,74,47	3,3,5,2	143	99	0.000151660574544	0.00695127706238	0.717,0.771,0.746,0.769	0.866,0.89,0.911,0.942	-0.151
14710	ENSG00000251136	PARAIL	chr8	-	89722014	89722156	89722014	89722081	89724628	89724966	14710	1,17,28,23	2,0,16,7	9,22,46,12	2,0,0,0	174	99	3.88318190603e-06	0.00045551698257	0.221,1.0,0.499,0.652	0.719,1.0,1.0,1.0	-0.337
14714	ENSG00000251136	PARAIL	chr8	-	89724485	89724966	89724485	89724962	89725517	89725641	14714	20,57,30,39	3,11,0,0	21,41,59,50	0,0,1,3	103	99	0.00094801129681	0.0262447447409	0.865,0.833,1.0,1.0	1.0,1.0,0.983,0.941	-0.056
15062	ENSG00000175110	MRPS22	chr3	+	139346877	139347044	139346880	139347044	139344019	139344198	15062	7,7,11,14	2,6,4,3	9,15,16,6	2,2,0,1	102	99	0.00203014210199	0.0467761861631	0.773,0.531,0.727,0.819	0.814,0.879,1.0,0.853	-0.174
15230	ENSG00000150672	DLG2	chr11	-	84534569	84534731	84534569	84534728	85111660	85111735	15230	11,30,1,52	0,6,13,5	15,24,7,24	0,1,0,3	102	99	0.00164386850348	0.0393675221889	1.0,0.829,0.069,0.91	1.0,0.959,1.0,0.886	-0.259
15278	ENSG00000153707	PTPRD	chr9	-	8454579	8454594	8454579	8454591	8460410	8460571	15278	8,26,21,9	58,127,90,101	21,16,51,17	51,48,94,62	102	99	2.03661846179e-05	0.00153211264935	0.118,0.166,0.185,0.08	0.286,0.244,0.345,0.21	-0.134
15307	ENSG00000290879	NA	chr15	+	28754446	28754555	28754468	28754555	28751487	28751674	15307	0,1,2,1	7,28,39,61	1,0,17,4	14,43,38,42	121	99	5.95861729166e-05	0.00349488053183	0.0,0.028,0.04,0.013	0.055,0.0,0.268,0.072	-0.079
15462	ENSG00000196696	PDXDC2P-NPIPB14P	chr16	-	70038904	70039100	70038904	70038985	70042350	70042416	15462	12,4,2,9	0,2,5,4	7,6,7,9	0,1,0,0	214	99	6.44939947447e-07	0.000123989704897	1.0,0.481,0.156,0.51	1.0,0.735,1.0,1.0	-0.397
15621	ENSG00000154380	ENAH	chr1	-	225517195	225517990	225517195	225517306	225519197	225519565	15621	89,254,365,146	1,0,0,0	86,197,201,113	0,5,6,0	783	99	6.48814335943e-05	0.00377348236896	0.918,1.0,1.0,1.0	1.0,0.833,0.809,1.0	0.069
15804	ENSG00000162923	WDR26	chr1	-	224424517	224424719	224424517	224424654	224431524	224431581	15804	3,2,2,3	11,11,11,35	5,5,6,12	7,13,7,28	164	99	0.00058554461706	0.0186753654132	0.141,0.099,0.099,0.049	0.301,0.188,0.341,0.206	-0.162
15921	ENSG00000184792	OSBP2	chr22	+	30889176	30889234	30889179	30889234	30888222	30888340	15921	18,34,25,18	5,3,0,2	15,25,10,35	1,0,0,0	102	99	0.000825880812889	0.0242200046865	0.777,0.917,1.0,0.897	0.936,1.0,1.0,1.0	-0.086
16121	ENSG00000139974	SLC38A6	chr14	+	61078809	61078927	61078829	61078927	61046066	61046167	16121	2,5,4,6	0,0,1,0	1,8,7,2	0,1,7,9	119	99	3.00767321271e-06	0.000378474660094	1.0,1.0,0.769,1.0	1.0,0.869,0.454,0.156	0.323
16129	ENSG00000187607	ZNF286A	chr17	+	15715999	15720787	15716058	15720787	15708154	15708247	16129	10,10,29,19	6,17,13,15	3,9,4,11	3,40,26,16	158	99	0.000346413849424	0.0122950269326	0.511,0.269,0.583,0.442	0.385,0.124,0.088,0.301	0.227
16161	ENSG00000164398	ACSL6	chr5	-	131986821	131986870	131986821	131986854	131988047	131988226	16161	3,0,12,8	5,4,36,13	2,1,2,0	15,29,26,28	115	99	7.07798157518e-06	0.000720426721857	0.341,0.0,0.223,0.346	0.103,0.029,0.062,0.0	0.179
16226	ENSG00000124006	OBSL1	chr2	-	219550728	219550868	219550728	219550842	219551528	219551798	16226	0,8,13,0	1,22,31,23	0,3,0,0	9,31,21,9	125	99	2.10814865771e-05	0.00156887063011	0.0,0.224,0.249,0.0	0.0,0.071,0.0,0.0	0.1
16282	ENSG00000213066	CEP43	chr6	+	167039903	167040317	167040047	167040317	167033874	167033971	16282	4,24,8,32	0,0,0,2	19,10,18,45	2,0,0,11	243	99	0.00013004874026	0.00631015344438	1.0,1.0,1.0,0.867	0.795,1.0,1.0,0.625	0.112
16314	ENSG00000132155	RAF1	chr3	-	12591707	12591851	12591707	12591792	12599690	12599808	16314	2,5,0,2	9,5,2,15	0,0,0,1	9,11,4,5	158	99	0.000809702951558	0.0239449282396	0.122,0.385,0.0,0.077	0.0,0.0,0.0,0.111	0.118
16486	ENSG00000161082	CELF5	chr19	+	3295043	3297076	3296757	3297076	3293318	3293486	16486	82,151,328,153	2,6,45,4	114,162,292,143	0,2,1,0	1813	99	3.18822401812e-09	2.20656984294e-06	0.691,0.579,0.285,0.676	1.0,0.816,0.941,1.0	-0.381
16652	ENSG00000125503	PPP1R12C	chr19	-	55095444	55095603	55095444	55095600	55095866	55095940	16652	1,8,1,4	4,14,6,7	0,22,4,6	2,6,0,0	102	99	0.000693634556042	0.021431449832	0.195,0.357,0.139,0.357	0.0,0.781,1.0,1.0	-0.433
16777	ENSG00000310527	WASH9P	chr1	-	187375	188266	187375	187577	188438	188584	16777	7,1,6,6	0,0,0,0	5,1,6,5	6,0,7,3	788	99	8.5931262106e-14	2.97365132518e-10	1.0,1.0,1.0,1.0	0.095,1.0,0.097,0.173	0.659
16863	ENSG00000110066	KMT5B	chr11	-	68171231	68171296	68171231	68171251	68171542	68171709	16863	1,4,10,7	8,39,32,42	0,2,0,3	10,12,54,28	144	99	0.000217776291102	0.00871231046657	0.079,0.066,0.177,0.103	0.0,0.103,0.0,0.069	0.063
17053	ENSG00000135838	NPL	chr1	+	182828723	182830384	182829602	182830384	182825780	182825820	17053	15,2,4,16	4,0,4,0	3,4,6,2	0,0,0,0	978	99	5.60301516661e-06	0.000596591814894	0.275,1.0,0.092,1.0	1.0,1.0,1.0,1.0	-0.408
17088	ENSG00000138002	IFT172	chr2	-	27449293	27449562	27449293	27449380	27449690	27449800	17088	11,20,19,20	0,3,1,5	14,14,10,25	0,0,0,2	281	99	2.01867798151e-05	0.00153211264935	1.0,0.701,0.87,0.585	1.0,1.0,1.0,0.815	-0.165
17353	ENSG00000168036	CTNNB1	chr3	+	41239640	41239900	41239659	41239900	41239133	41239354	17353	1,1,2,2	0,0,2,0	3,3,2,1	3,1,0,3	118	99	0.0010111050786	0.0274425813686	1.0,1.0,0.456,1.0	0.456,0.716,1.0,0.219	0.266
17431	ENSG00000068438	FTSJ1	chrX	+	48482402	48482506	48482408	48482506	48481631	48481715	17431	5,2,28,5	0,2,0,0	2,5,2,1	1,3,16,0	105	99	1.31458711476e-05	0.00116644325914	1.0,0.485,1.0,1.0	0.653,0.611,0.105,1.0	0.279
17634	ENSG00000088038	CNOT3	chr19	+	54145594	54145817	54145597	54145817	54144236	54144332	17634	1,5,0,14	53,105,46,101	11,17,24,24	44,127,38,83	102	99	2.35590782327e-07	6.65833945371e-05	0.018,0.044,0.0,0.119	0.195,0.115,0.38,0.219	-0.182
17636	ENSG00000088038	CNOT3	chr19	+	54153496	54153840	54153714	54153840	54152866	54152999	17636	1,0,1,2	5,23,27,27	5,18,0,4	7,20,40,9	317	99	1.77277457591e-06	0.000255611934164	0.059,0.0,0.011,0.023	0.182,0.219,0.0,0.122	-0.108
17677	ENSG00000127124	HIVEP3	chr1	-	41506364	41511266	41506364	41511263	41512815	41513750	17677	4,6,20,1	0,0,1,2	0,2,3,1	2,2,1,2	102	99	0.000174634978032	0.00760156404377	1.0,1.0,0.951,0.327	0.0,0.493,0.744,0.327	0.428
17746	ENSG00000188818	ZDHHC11	chr5	-	840494	840650	840494	840597	843599	843724	17746	8,3,16,17	3,0,0,0	3,6,11,11	1,6,0,6	152	99	0.000172382966444	0.00755102854911	0.635,1.0,1.0,1.0	0.661,0.394,1.0,0.544	0.259
17831	ENSG00000113812	ACTR8	chr3	-	53873031	53873146	53873031	53873127	53874210	53874364	17831	1,0,3,0	14,15,32,12	2,7,0,4	3,1,21,8	118	99	0.000267406602772	0.0101687972406	0.057,0.0,0.073,0.0	0.359,0.855,0.0,0.296	-0.345
17920	ENSG00000168066	SF1	chr11	-	64767191	64767251	64767191	64767246	64767570	64767844	17920	5,23,71,3	0,2,0,0	6,28,34,1	0,2,9,0	104	99	0.000169221287917	0.00750756752355	1.0,0.916,1.0,1.0	1.0,0.93,0.782,1.0	0.051
17924	ENSG00000162298	SYVN1	chr11	-	65132247	65132351	65132247	65132308	65132731	65132780	17924	6,12,90,19	0,0,81,0	2,6,26,7	0,0,0,1	142	99	0.00117459733328	0.0304471466054	1.0,1.0,0.437,1.0	1.0,1.0,1.0,0.83	-0.098
17982	ENSG00000118507	AKAP7	chr6	+	131281529	131283532	131282398	131283532	131219660	131219808	17982	15,36,36,17	0,3,0,0	14,5,13,10	2,0,3,2	968	99	0.000141745671582	0.00676162232504	1.0,0.551,1.0,1.0	0.417,1.0,0.307,0.338	0.372
18041	ENSG00000145349	CAMK2D	chr4	-	113509637	113509675	113509637	113509672	113513327	113513370	18041	83,77,210,155	6,8,10,7	56,27,99,122	1,0,0,1	102	99	2.11241356118e-06	0.000280604191477	0.931,0.903,0.953,0.956	0.982,1.0,1.0,0.992	-0.058
18066	ENSG00000128513	POT1	chr7	-	124928814	124928999	124928814	124928996	124929793	124929825	18066	8,2,3,1	2,1,1,8	2,3,3,5	0,3,0,0	102	99	0.000740426582855	0.0225748562993	0.795,0.66,0.744,0.108	1.0,0.493,1.0,1.0	-0.296
18287	ENSG00000291136	RABGEF1P1	chr7	-	66576754	66576932	66576754	66576929	66578528	66578727	18287	1,0,4,1	3,1,0,4	5,4,1,2	1,0,0,2	102	99	0.000441525202312	0.0149063215863	0.244,0.0,1.0,0.195	0.829,1.0,1.0,0.493	-0.471
18361	ENSG00000182979	MTA1	chr14	+	105464415	105464567	105464462	105464567	105464031	105464147	18361	7,10,59,18	1,3,0,0	10,19,36,2	2,7,5,4	146	99	6.60661121114e-05	0.00377887241259	0.826,0.693,1.0,1.0	0.772,0.648,0.83,0.253	0.254
18376	ENSG00000133958	UNC79	chr14	+	93474088	93474393	93474247	93474393	93467670	93467791	18376	96,222,235,249	63,161,186,101	133,296,234,237	63,115,90,84	258	99	0.000811034284312	0.0239449282396	0.369,0.346,0.327,0.486	0.448,0.497,0.499,0.52	-0.109
18549	ENSG00000142546	NOSIP	chr19	-	49557089	49557945	49557089	49557249	49558896	49558973	18549	1,2,16,1	0,1,0,0	0,1,1,4	2,0,6,0	795	99	2.42300393749e-07	6.65833945371e-05	1.0,0.199,1.0,1.0	0.0,1.0,0.02,1.0	0.295
18550	ENSG00000142546	NOSIP	chr19	-	49557089	49558199	49557089	49557249	49558896	49558978	18550	8,8,24,6	0,1,0,0	4,2,1,12	2,0,6,0	1049	99	8.6432157137e-06	0.000842530928937	1.0,0.43,1.0,1.0	0.159,1.0,0.015,1.0	0.314
19401	ENSG00000166432	ZMAT1	chrX	-	101895813	101895882	101895813	101895879	101897867	101898042	19401	1,2,13,3	0,0,2,0	3,5,4,4	0,0,19,2	102	99	0.000892151175312	0.0252539766554	1.0,1.0,0.863,1.0	1.0,1.0,0.17,0.66	0.258
19512	ENSG00000196756	SNHG17	chr20	-	38420591	38422368	38420591	38421098	38426418	38426503	19512	3,13,33,5	1,5,14,0	10,19,25,16	0,1,2,0	1369	99	0.000320904878028	0.0116281814703	0.178,0.158,0.146,1.0	1.0,0.579,0.475,1.0	-0.393
19513	ENSG00000196756	SNHG17	chr20	-	38421005	38422241	38421005	38421098	38426418	38426503	19513	5,13,27,5	1,5,14,0	10,19,30,15	0,1,2,0	1242	99	0.00018774128895	0.00797151816456	0.285,0.172,0.133,1.0	1.0,0.602,0.545,1.0	-0.389
19587	ENSG00000234608	MAPKAPK5-AS1	chr12	-	111839767	111840477	111839767	111840003	111841326	111841470	19587	11,56,84,25	0,7,1,1	13,35,91,36	0,1,0,2	573	99	0.000650649017783	0.0204688266003	1.0,0.58,0.936,0.812	1.0,0.858,1.0,0.757	-0.072
19693	ENSG00000104517	UBR5	chr8	-	102265099	102265278	102265099	102265275	102266946	102267007	19693	35,35,30,63	10,2,1,18	49,50,17,82	1,1,0,10	102	99	0.00203433492777	0.0467761861631	0.773,0.944,0.967,0.773	0.979,0.98,1.0,0.888	-0.097
19698	ENSG00000291073	NA	chr16	-	21476598	21476812	21476598	21476809	21478090	21478146	19698	20,21,29,26	4,6,17,14	27,18,39,30	5,1,2,5	102	99	0.000115467044507	0.00587608393407	0.829,0.773,0.623,0.643	0.84,0.946,0.95,0.853	-0.18
19762	ENSG00000258366	RTEL1	chr20	+	63662473	63662627	63662545	63662627	63661849	63661943	19762	0,1,1,0	17,22,11,37	1,0,17,4	10,24,19,28	171	99	7.04770762472e-06	0.000720426721857	0.0,0.026,0.05,0.0	0.055,0.0,0.341,0.076	-0.099
19770	ENSG00000182858	ALG12	chr22	-	49904336	49904506	49904336	49904384	49907720	49907944	19770	9,4,8,15	0,0,0,1	7,3,1,10	2,3,1,1	221	99	1.79213840447e-05	0.00140812732043	1.0,1.0,1.0,0.87	0.611,0.309,0.309,0.818	0.456
19961	ENSG00000168118	RAB4A	chr1	+	229297481	229297636	229297519	229297636	229295847	229295910	19961	10,11,13,8	4,8,13,2	13,19,6,9	0,3,0,2	137	99	3.92220450616e-05	0.00256090352709	0.644,0.498,0.419,0.743	1.0,0.821,1.0,0.765	-0.321
20015	ENSG00000293427	NA	chr22	-	21476001	21476764	21476001	21476160	21477789	21477915	20015	5,18,29,14	1,0,2,9	9,13,36,18	0,2,0,1	703	99	0.00156455187127	0.0383569660703	0.413,1.0,0.671,0.18	1.0,0.478,1.0,0.717	-0.233
20131	ENSG00000109689	STIM2	chr4	+	27019399	27021068	27021000	27021068	27017710	27017984	20131	15,19,9,13	0,0,0,0	13,22,14,21	0,5,13,1	1700	99	8.89047724328e-11	8.79014185725e-08	1.0,1.0,1.0,1.0	1.0,0.204,0.059,0.55	0.547
20174	ENSG00000092529	CAPN3	chr15	+	42410794	42411000	42410883	42411000	42410587	42410666	20174	0,2,1,5	21,17,12,45	3,3,23,6	13,35,19,23	188	99	0.000252992660511	0.00972756779665	0.0,0.058,0.042,0.055	0.108,0.043,0.389,0.121	-0.127
20306	ENSG00000277363	SRCIN1	chr17	-	38568210	38568234	38568210	38568231	38574875	38574974	20306	3,6,14,6	0,0,0,0	4,4,7,5	3,2,3,0	102	99	6.93227722007e-05	0.00393264677378	1.0,1.0,1.0,1.0	0.564,0.66,0.694,1.0	0.27
20319	ENSG00000135870	RC3H1	chr1	-	173943441	173943615	173943441	173943588	173946475	173946608	20319	23,20,7,16	13,43,37,11	8,59,21,25	7,3,8,13	126	99	0.000813041198714	0.0239449282396	0.582,0.268,0.129,0.533	0.473,0.939,0.673,0.602	-0.294
20330	ENSG00000138688	BLTP1	chr4	+	122224497	122224677	122224500	122224677	122220332	122220470	20330	23,30,19,59	5,0,0,7	9,12,14,25	2,3,12,11	102	99	6.59965702939e-05	0.00377887241259	0.817,1.0,1.0,0.891	0.814,0.795,0.531,0.688	0.22
20368	ENSG00000111203	ITFG2	chr12	+	2830216	2830885	2830833	2830885	2824089	2824252	20368	26,34,12,22	0,1,0,0	30,17,20,17	0,7,18,5	716	99	1.5998329439e-08	7.90888843195e-06	1.0,0.825,1.0,1.0	1.0,0.251,0.133,0.32	0.53
20416	ENSG00000111011	RSRC2	chr12	-	122518838	122519051	122518838	122519029	122520503	122520581	20416	4,10,13,13	0,7,11,6	6,12,22,12	0,5,0,1	121	99	0.00136639216733	0.0342637688047	1.0,0.539,0.492,0.639	1.0,0.663,1.0,0.908	-0.225
20644	ENSG00000215374	FAM66B	chr8	-	7324821	7324977	7324821	7324960	7325136	7325198	20644	3,2,6,2	3,10,1,15	0,1,0,2	8,2,2,13	116	99	0.000261277786862	0.00999062741918	0.46,0.146,0.837,0.102	0.0,0.299,0.0,0.116	0.283
20646	ENSG00000215374	FAM66B	chr8	-	7325136	7325415	7325136	7325198	7349082	7349146	20646	10,13,3,21	16,48,28,41	5,30,16,15	16,12,18,14	316	99	0.00115809589593	0.0303218405364	0.164,0.078,0.032,0.138	0.089,0.439,0.218,0.251	-0.146
20696	ENSG00000082898	XPO1	chr2	-	61488587	61488932	61488587	61488771	61490641	61490776	20696	0,3,3,0	42,17,16,55	0,8,13,1	53,9,9,81	260	99	0.000938979467566	0.0260991039961	0.0,0.063,0.067,0.0	0.0,0.253,0.355,0.005	-0.121
20852	ENSG00000153827	TRIP12	chr2	-	229805729	229805883	229805729	229805802	229807707	229807864	20852	40,42,63,52	6,7,23,3	33,38,50,71	0,2,3,0	180	99	2.13907191515e-07	6.65833945371e-05	0.786,0.767,0.601,0.905	1.0,0.913,0.902,1.0	-0.189
20913	ENSG00000077080	ACTL6B	chr7	-	100646970	100647111	100646970	100647085	100647222	100647284	20913	0,0,0,0	4,6,2,10	0,6,6,0	11,9,8,9	125	99	1.08919194961e-05	0.000991881247796	0.0,0.0,0.0,0.0	0.0,0.346,0.373,0.0	-0.18
20972	ENSG00000128596	CCDC136	chr7	+	128806236	128806858	128806687	128806858	128805760	128805901	20972	19,45,26,60	1,3,0,0	30,40,49,32	0,6,8,3	550	99	0.00085322568483	0.0244015494409	0.774,0.73,1.0,1.0	1.0,0.545,0.524,0.658	0.194
21051	ENSG00000061676	NCKAP1	chr2	-	183003232	183003325	183003232	183003319	183023805	183023916	21051	238,266,403,364	21,19,66,34	277,318,369,428	14,5,1,28	105	99	3.18957082968e-11	4.41500394244e-08	0.914,0.93,0.852,0.91	0.949,0.984,0.997,0.935	-0.065
21175	ENSG00000171163	ZNF692	chr1	-	248855724	248855946	248855724	248855943	248856287	248856422	21175	7,12,16,19	5,4,1,3	7,17,15,20	4,0,0,0	102	99	0.00160128814985	0.0388860185443	0.576,0.744,0.94,0.86	0.629,1.0,1.0,1.0	-0.127
21286	ENSG00000164828	SUN1	chr7	+	852809	852952	852812	852952	852608	852667	21286	1,4,8,2	0,0,0,2	0,5,8,5	7,0,8,0	102	99	0.00208683571664	0.0476666336464	1.0,1.0,1.0,0.493	0.0,1.0,0.493,1.0	0.25
21314	ENSG00000288663	NA	chr12	+	53306197	53306320	53306201	53306320	53305907	53306060	21314	8,16,18,5	0,5,1,5	4,11,2,1	0,1,0,0	103	99	7.85726573816e-05	0.00435666002844	1.0,0.755,0.945,0.49	1.0,0.914,1.0,1.0	-0.181
21422	ENSG00000158864	NDUFS2	chr1	+	161209842	161209931	161209856	161209931	161209482	161209595	21422	0,0,0,2	18,13,10,62	10,1,2,2	37,13,35,34	113	99	5.46737769826e-05	0.00331336383249	0.0,0.0,0.0,0.027	0.191,0.063,0.048,0.049	-0.081
21495	ENSG00000072756	TRNT1	chr3	+	3146415	3146623	3146429	3146623	3144583	3144710	21495	1,6,3,1	4,7,6,8	0,0,1,1	4,3,1,6	113	99	0.000281085157044	0.010459088021	0.18,0.429,0.305,0.099	0.0,0.0,0.467,0.127	0.105
21599	ENSG00000078747	ITCH	chr20	+	34479629	34479789	34479694	34479789	34477771	34477860	21599	14,3,1,9	0,0,0,0	4,4,20,7	0,1,6,1	164	99	0.000160504088034	0.00721330385249	1.0,1.0,1.0,1.0	1.0,0.707,0.668,0.809	0.204
21604	ENSG00000293491	TMEM198B	chr12	+	55834850	55836246	55836125	55836246	55832958	55833541	21604	21,78,74,24	0,1,7,0	26,51,48,31	0,0,0,0	1374	99	0.000507569388776	0.0166487570603	1.0,0.849,0.432,1.0	1.0,1.0,1.0,1.0	-0.18
21824	ENSG00000148218	ALAD	chr9	-	113392118	113392335	113392118	113392169	113393446	113393634	21824	6,12,15,6	0,1,1,7	1,13,31,13	0,1,0,2	265	99	0.00143251380205	0.0356634101582	1.0,0.818,0.849,0.243	1.0,0.829,1.0,0.708	-0.157
21830	ENSG00000291082	HERC2P9	chr15	+	28642372	28642564	28642380	28642564	28641429	28641581	21830	5,3,3,13	0,1,0,0	5,6,5,9	1,0,10,1	107	99	0.000391069546538	0.0134656334905	1.0,0.735,1.0,1.0	0.822,1.0,0.316,0.893	0.176
