8	ENSG00000116062	MSH6	chr2	+	47804909	47805707	47804909	47805027	47805617	47805707	8	10,13,39,4	7,7,44,13	7,6,8,7	7,18,30,31	689	99	0.000326499095335	0.00938323015854	0.17,0.211,0.113,0.042	0.126,0.046,0.037,0.031	0.074
60	ENSG00000099797	TECR	chr19	+	14564785	14565123	14564785	14564992	14565065	14565123	60	2,2,0,1	9,10,12,11	0,7,9,1	1,4,4,13	172	99	0.00262587451055	0.0425537552626	0.113,0.103,0.0,0.05	0.0,0.502,0.564,0.042	-0.21
104	ENSG00000293186	NA	chr19	+	53512600	53513392	53512600	53513047	53513197	53513392	104	3,1,0,10	6,1,9,39	0,0,1,1	1,2,33,12	249	99	0.000496459415281	0.0123775394391	0.166,0.284,0.0,0.093	0.0,0.0,0.012,0.032	0.125
152	ENSG00000123136	DDX39A	chr19	-	14409741	14410334	14409741	14409873	14410215	14410334	152	2,6,0,9	2,1,8,1	2,2,2,3	0,0,0,0	441	99	2.02393657389e-13	3.93588199069e-10	0.183,0.574,0.0,0.669	1.0,1.0,1.0,1.0	-0.643
200	ENSG00000119777	TMEM214	chr2	+	27040710	27041694	27040710	27040954	27041243	27041694	200	32,51,63,44	0,5,0,3	35,56,49,45	0,0,0,0	388	99	0.00191606683681	0.033368160973	1.0,0.722,1.0,0.789	1.0,1.0,1.0,1.0	-0.122
202	ENSG00000161048	NAPEPLD	chr7	-	103099775	103103554	103099775	103103122	103103423	103103554	202	49,27,52,52	0,0,33,3	49,14,79,55	0,0,0,3	400	99	0.000869537924194	0.0187884601843	1.0,1.0,0.281,0.811	1.0,1.0,1.0,0.819	-0.182
206	ENSG00000162601	MYSM1	chr1	-	58661405	58663522	58661405	58661511	58663449	58663522	206	31,34,74,39	0,0,0,0	87,38,46,60	2,6,0,0	2037	99	0.000140241772429	0.00508180435	1.0,1.0,1.0,1.0	0.679,0.235,1.0,1.0	0.271
338	ENSG00000058673	ZC3H11A	chr1	+	203801574	203803016	203801574	203801628	203802956	203803016	338	112,65,82,139	0,0,15,2	128,85,93,150	0,0,3,0	1427	99	0.00273676055914	0.0436236642132	1.0,1.0,0.275,0.828	1.0,1.0,0.683,1.0	-0.145
417	ENSG00000130714	POMT1	chr9	+	131509742	131510415	131509742	131509808	131509902	131510415	417	2,4,2,2	0,1,30,15	0,0,0,2	5,6,2,6	193	99	0.00299862112502	0.0460544077128	1.0,0.672,0.033,0.064	0.0,0.0,0.0,0.146	0.406
419	ENSG00000130714	POMT1	chr9	+	131509902	131510415	131509902	131509996	131510259	131510415	419	4,10,19,3	0,0,0,0	1,12,2,7	3,0,0,4	362	99	0.000118060856687	0.00444365830911	1.0,1.0,1.0,1.0	0.084,1.0,1.0,0.324	0.398
471	ENSG00000115556	PLCD4	chr2	+	218633604	218634221	218633604	218633761	218634104	218634221	471	9,8,0,6	0,2,6,3	0,1,9,2	1,0,0,0	442	99	2.88585419316e-05	0.00141479608092	1.0,0.473,0.0,0.309	0.0,1.0,1.0,1.0	-0.305
478	ENSG00000168610	STAT3	chr17	-	42316788	42317224	42316788	42316901	42317181	42317224	478	2,2,32,0	3,4,3,9	3,1,0,1	7,12,23,9	379	99	0.000779333967116	0.0172875831337	0.148,0.116,0.736,0.0	0.101,0.021,0.0,0.028	0.212
549	ENSG00000197912	SPG7	chr16	+	89530682	89532066	89530682	89530808	89531903	89532066	549	9,17,10,5	2,3,2,4	2,10,4,1	1,6,8,5	1194	99	0.00118344757876	0.0232465763451	0.272,0.32,0.293,0.094	0.142,0.121,0.04,0.016	0.165
717	ENSG00000272980	NA	chr6	+	167003192	167004401	167003192	167003247	167004263	167004401	717	5,7,23,27	2,1,1,1	17,14,19,36	0,0,0,2	1115	99	0.00153435820126	0.0281492004596	0.182,0.383,0.671,0.706	1.0,1.0,1.0,0.615	-0.418
732	ENSG00000126522	ASL	chr7	+	66086743	66088921	66086743	66087791	66088806	66088921	732	6,11,19,1	0,4,8,1	0,16,4,12	1,0,0,1	1114	99	0.0021023211459	0.0360733575446	1.0,0.196,0.174,0.082	0.0,1.0,1.0,0.516	-0.266
736	ENSG00000128567	PODXL	chr7	-	131508950	131509585	131508950	131509028	131509364	131509585	736	3,9,0,3	0,3,10,0	1,7,57,7	0,0,0,2	435	99	7.15991586552e-05	0.00307139332055	1.0,0.406,0.0,1.0	1.0,1.0,1.0,0.443	-0.259
760	ENSG00000003509	NDUFAF7	chr2	+	37241577	37242693	37241577	37241637	37242634	37242693	760	21,29,55,42	0,1,0,0	20,26,77,60	3,0,5,0	1096	99	0.000419521182186	0.0112270026462	1.0,0.724,1.0,1.0	0.376,1.0,0.582,1.0	0.192
843	ENSG00000250241	PCDH10-DT	chr4	-	133109839	133110910	133109839	133110099	133110785	133110910	843	4,10,9,10	0,1,0,0	8,2,8,5	4,2,0,0	785	99	0.000418492386573	0.0112270026462	1.0,0.558,1.0,1.0	0.201,0.112,1.0,1.0	0.311
847	ENSG00000177301	KCNA2	chr1	-	110593579	110604106	110593579	110602170	110603892	110604106	847	605,895,940,470	1,3,94,2	477,359,537,360	1,0,0,0	1821	99	5.993962371e-06	0.000437109705905	0.97,0.942,0.352,0.927	0.963,1.0,1.0,1.0	-0.193
884	ENSG00000168137	SETD5	chr3	+	9445047	9445740	9445047	9445300	9445619	9445740	884	7,12,8,12	2,0,0,1	4,12,27,15	2,3,0,8	418	99	0.00181702452782	0.0319292804075	0.453,1.0,1.0,0.74	0.321,0.486,1.0,0.308	0.27
901	ENSG00000144136	SLC20A1	chr2	+	112660386	112661226	112660386	112660572	112661141	112661226	901	1,0,6,0	3,5,34,6	1,5,15,8	6,4,16,8	668	99	8.39162565858e-06	0.000575961695202	0.047,0.0,0.025,0.0	0.024,0.156,0.122,0.129	-0.09
942	ENSG00000290476	SUGT1P3	chr13	-	40854660	40855815	40854660	40854934	40855754	40855815	942	4,9,33,9	0,0,7,1	6,9,28,7	0,0,0,0	919	99	0.00115637032691	0.0229464778476	1.0,1.0,0.337,0.492	1.0,1.0,1.0,1.0	-0.293
951	ENSG00000167840	ZNF232	chr17	-	5108925	5109768	5108925	5109052	5109393	5109768	951	5,6,6,3	0,5,0,4	5,7,8,7	0,0,0,1	440	99	6.19567915903e-05	0.0027592055125	1.0,0.213,1.0,0.144	1.0,1.0,1.0,0.612	-0.314
983	ENSG00000235437	LINC01278	chrX	-	63238992	63239830	63238992	63239059	63239786	63239830	983	6,15,11,12	5,10,78,5	9,14,13,16	0,1,7,2	826	99	9.74777529995e-05	0.00389510418493	0.126,0.152,0.017,0.223	1.0,0.627,0.182,0.489	-0.445
999	ENSG00000140416	TPM1	chr15	+	63060868	63061273	63060868	63060939	63061197	63061273	999	9,21,9,14	3,7,78,14	26,39,33,31	1,12,7,24	357	99	0.00299977287125	0.0460544077128	0.454,0.454,0.031,0.217	0.878,0.474,0.567,0.264	-0.257
1002	ENSG00000140416	TPM1	chr15	+	63061197	63062277	63061197	63061273	63062214	63062277	1002	6,18,12,32	0,0,82,2	33,11,25,14	0,0,0,0	1040	99	3.92919967673e-07	5.87767972155e-05	1.0,1.0,0.014,0.604	1.0,1.0,1.0,1.0	-0.346
1011	ENSG00000258461	NA	chr15	+	42402123	42403002	42402123	42402135	42402793	42403002	1011	19,10,4,38	0,0,0,0	14,7,8,15	1,2,0,3	757	99	0.0001063910204	0.00413790142009	1.0,1.0,1.0,1.0	0.647,0.314,1.0,0.395	0.411
1030	ENSG00000139372	TDG	chr12	+	103982798	103983389	103982798	103982934	103983294	103983389	1030	2,1,0,3	1,0,1,5	7,11,8,18	0,4,0,0	459	99	8.11529027722e-06	0.000570416909365	0.301,1.0,0.0,0.115	1.0,0.372,1.0,1.0	-0.489
1051	ENSG00000159403	C1R	chr12	-	7088838	7089489	7088838	7088986	7089292	7089489	1051	2,3,10,7	0,0,1,0	8,1,14,6	1,0,7,1	405	99	2.48980109563e-06	0.00023335469596	1.0,1.0,0.71,1.0	0.662,1.0,0.328,0.595	0.281
1167	ENSG00000012822	CALCOCO1	chr12	-	53721466	53722183	53721466	53721615	53722024	53722183	1167	3,11,29,28	33,44,57,108	24,37,10,21	34,33,30,51	508	99	0.000390102602184	0.0108799250789	0.017,0.046,0.09,0.048	0.121,0.179,0.061,0.074	-0.058
1178	ENSG00000103168	TAF1C	chr16	-	84181327	84181663	84181327	84181463	84181591	84181663	1178	7,12,1,4	1,2,0,0	7,2,8,3	2,7,7,1	227	99	1.47226746809e-05	0.000860062181885	0.753,0.724,1.0,1.0	0.604,0.111,0.333,0.567	0.465
1197	ENSG00000174080	CTSF	chr11	-	66564886	66565927	66564886	66565006	66565670	66565927	1197	0,4,9,0	2,1,2,1	0,0,0,0	3,4,1,2	763	99	0.000412675995851	0.0111979151618	0.0,0.342,0.369,0.0	0.0,0.0,0.0,0.0	0.178
1277	ENSG00000077454	LRCH4	chr7	-	100576693	100577005	100576693	100576777	100576901	100577005	1277	2,1,0,8	1,2,1,1	3,2,2,6	3,0,0,0	223	99	0.0017305694205	0.0308750519853	0.47,0.182,0.0,0.78	0.307,1.0,1.0,1.0	-0.469
1304	ENSG00000104805	NUCB1	chr19	+	48919029	48919286	48919029	48919122	48919193	48919286	1304	0,0,1,2	5,15,33,3	0,1,5,3	3,8,6,5	170	99	0.00146866457092	0.0272006003389	0.0,0.0,0.017,0.28	0.0,0.068,0.327,0.259	-0.089
1322	ENSG00000117713	ARID1A	chr1	+	26773345	26773717	26773345	26773496	26773579	26773717	1322	0,0,11,1	14,26,16,18	0,2,0,0	13,20,31,15	182	99	0.00255809633719	0.0417355344106	0.0,0.0,0.272,0.029	0.0,0.052,0.0,0.0	0.062
1460	ENSG00000156515	HK1	chr10	+	69384332	69384915	69384332	69384481	69384795	69384915	1460	17,10,3,10	16,9,7,10	11,4,56,16	3,1,11,11	413	99	0.00102096890188	0.0212435827819	0.203,0.21,0.093,0.193	0.468,0.489,0.55,0.259	-0.267
1503	ENSG00000232940	HCG25	chr6	+	33249789	33250711	33249789	33249889	33250608	33250711	1503	23,89,116,42	0,1,0,0	36,67,111,46	1,5,0,2	818	99	0.000256185324455	0.00782505331346	1.0,0.915,1.0,1.0	0.813,0.619,1.0,0.736	0.187
1524	ENSG00000234665	LERFS	chr9	-	62868136	62869304	62868136	62868233	62869189	62869304	1524	2,7,1,10	0,0,9,1	5,6,9,8	0,0,2,0	1055	99	0.000200642445546	0.00653937445428	1.0,1.0,0.01,0.484	1.0,1.0,0.297,1.0	-0.201
1574	ENSG00000115524	SF3B1	chr2	-	197418508	197420542	197418508	197418588	197418895	197420542	1574	41,67,67,89	6,3,1,1	53,48,79,69	7,5,65,9	406	99	0.000215451106845	0.00686853419308	0.625,0.845,0.942,0.956	0.649,0.701,0.229,0.652	0.284
1622	ENSG00000266173	STRADA	chr17	-	63710490	63710836	63710490	63710614	63710727	63710836	1622	4,10,1,21	2,11,32,6	15,13,4,30	5,4,1,4	212	99	0.000440515413569	0.0116816678307	0.483,0.298,0.014,0.62	0.583,0.603,0.651,0.778	-0.3
1651	ENSG00000172375	C2CD2L	chr11	+	119114079	119117121	119114079	119114365	119116024	119117121	1651	15,3,32,7	0,2,0,0	10,14,15,16	2,6,0,3	1758	99	0.00122233981584	0.0236914634073	1.0,0.078,1.0,1.0	0.22,0.116,1.0,0.231	0.378
1677	ENSG00000111229	ARPC3	chr12	-	110436109	110436683	110436109	110436204	110436556	110436683	1677	16,11,97,9	3,11,21,28	2,6,15,23	6,32,50,22	451	99	0.00102321679152	0.0212435827819	0.539,0.18,0.503,0.066	0.068,0.04,0.062,0.187	0.233
1696	ENSG00000011243	AKAP8L	chr19	-	15397713	15399410	15397713	15397855	15399301	15399410	1696	16,17,14,32	29,35,36,40	22,15,30,28	19,27,9,20	1545	99	0.000451030826068	0.0118527650418	0.034,0.03,0.024,0.049	0.069,0.034,0.176,0.082	-0.056
1767	ENSG00000133706	LARS1	chr5	-	146140203	146143084	146140203	146140261	146142871	146143084	1767	43,129,122,112	24,32,104,50	84,138,160,168	27,12,52,47	2709	99	0.000109626819292	0.0042076504194	0.061,0.128,0.041,0.076	0.102,0.296,0.101,0.116	-0.077
1809	ENSG00000114388	NPRL2	chr3	-	50347758	50348563	50347758	50347901	50348526	50348563	1809	7,14,14,28	0,0,0,0	16,37,19,16	1,0,25,0	724	99	0.000388337890488	0.0108799250789	1.0,1.0,1.0,1.0	0.686,1.0,0.094,1.0	0.305
1821	ENSG00000070061	ELP1	chr9	-	108880051	108881765	108880051	108880165	108881662	108881765	1821	15,31,94,28	2,2,0,5	42,40,17,53	2,0,0,1	1596	99	0.00105335281437	0.0214120568607	0.318,0.49,1.0,0.258	0.566,1.0,1.0,0.767	-0.317
1837	ENSG00000102081	FMR1	chrX	+	147943130	147945051	147943130	147943326	147944868	147945051	1837	64,137,53,85	23,31,57,12	102,167,152,98	3,18,6,14	1641	99	4.92318256839e-06	0.000375153988019	0.144,0.21,0.053,0.299	0.672,0.359,0.604,0.297	-0.307
1938	ENSG00000154153	RETREG1	chr5	-	16478033	16478987	16478033	16478098	16478849	16478987	1938	15,0,17,13	13,3,24,26	20,5,36,11	6,3,11,14	850	99	0.000661084338231	0.0154890201977	0.118,0.0,0.076,0.055	0.28,0.163,0.276,0.084	-0.139
2025	ENSG00000083290	ULK2	chr17	-	19770829	19776407	19770829	19771067	19776308	19776407	2025	98,125,154,126	0,4,2,1	64,62,103,137	0,0,0,0	5340	99	2.16787056563e-05	0.00117300922438	1.0,0.367,0.588,0.7	1.0,1.0,1.0,1.0	-0.336
2029	ENSG00000253361	NA	chr8	-	38552247	38553091	38552247	38552380	38552958	38553091	2029	37,96,110,38	2,4,2,3	26,48,61,48	0,0,0,1	677	99	2.23093086482e-06	0.000224400873541	0.73,0.778,0.889,0.649	1.0,1.0,1.0,0.875	-0.207
2136	ENSG00000178761	FAM219B	chr15	-	74899991	74902786	74899991	74902063	74902603	74902786	2136	23,20,20,31	1,3,10,2	17,9,23,30	0,0,0,0	639	99	3.20083959338e-11	2.0748553542e-08	0.781,0.508,0.237,0.706	1.0,1.0,1.0,1.0	-0.442
2137	ENSG00000178761	FAM219B	chr15	-	74904663	74905231	74904663	74904712	74905153	74905231	2137	1,10,11,14	2,2,0,1	5,4,1,1	11,10,17,11	540	99	4.95146675994e-06	0.000375153988019	0.084,0.478,1.0,0.72	0.077,0.068,0.011,0.016	0.527
2170	ENSG00000142046	TMEM91	chr19	+	41382771	41384083	41382771	41382921	41383873	41384083	2170	13,30,43,27	0,2,1,0	10,21,24,16	1,6,0,2	1051	99	0.000481477932246	0.0123775394391	1.0,0.586,0.802,1.0	0.485,0.248,1.0,0.43	0.306
2272	ENSG00000077097	TOP2B	chr3	-	25624681	25627296	25624681	25624803	25626559	25627296	2272	58,90,136,73	16,22,39,12	60,78,66,65	22,23,91,29	1855	99	2.00040778509e-06	0.000204743491548	0.162,0.179,0.157,0.245	0.127,0.153,0.037,0.107	0.08
2287	ENSG00000145020	AMT	chr3	-	49418970	49419405	49418970	49419151	49419259	49419405	2287	2,8,9,7	0,2,6,2	3,3,7,10	0,0,0,0	207	99	1.11827167748e-07	2.22146975643e-05	1.0,0.657,0.418,0.626	1.0,1.0,1.0,1.0	-0.325
2289	ENSG00000145020	AMT	chr3	-	49418970	49420342	49418970	49419405	49419709	49420342	2289	1,0,2,9	0,4,6,1	12,1,4,5	0,0,0,1	403	99	1.2683116557e-08	3.3633319088e-06	1.0,0.0,0.076,0.689	1.0,1.0,1.0,0.551	-0.447
2300	ENSG00000293507	FBXL9P	chr16	-	67207138	67207773	67207138	67207504	67207598	67207773	2300	1,0,0,1	1,1,3,1	1,2,2,2	0,4,2,0	193	99	0.0016080711994	0.0293171480541	0.339,0.0,0.0,0.339	1.0,0.204,0.339,1.0	-0.466
2353	ENSG00000133884	DPF2	chr11	+	65343990	65344621	65343990	65344069	65344579	65344621	2353	20,16,0,18	2,13,3,13	20,14,43,31	1,2,6,1	609	99	0.000249753617924	0.00775033301579	0.619,0.167,0.0,0.184	0.765,0.532,0.538,0.834	-0.425
2430	ENSG00000046651	OFD1	chrX	+	13753367	13755242	13753367	13753441	13755150	13755242	2430	39,39,52,47	7,12,5,26	33,16,28,37	31,7,22,32	1808	99	4.63519116203e-05	0.00218078268059	0.234,0.151,0.363,0.09	0.055,0.111,0.065,0.06	0.137
2502	ENSG00000170581	STAT2	chr12	-	56350096	56350432	56350096	56350190	56350411	56350432	2502	3,1,5,14	8,7,9,15	15,8,15,18	7,2,1,9	320	99	8.44232086895e-05	0.0034442307657	0.104,0.042,0.147,0.224	0.399,0.553,0.823,0.382	-0.41
2507	ENSG00000170581	STAT2	chr12	-	56355442	56355803	56355442	56355532	56355707	56355803	2507	1,10,0,10	14,41,73,27	0,0,0,0	16,37,15,26	274	99	6.76154869903e-05	0.00294167701582	0.025,0.081,0.0,0.118	0.0,0.0,0.0,0.0	0.056
2602	ENSG00000060971	ACAA1	chr3	-	38125825	38126700	38125825	38125881	38126161	38126700	2602	3,4,0,0	5,10,27,9	2,29,6,1	7,23,22,1	379	99	5.75454551812e-05	0.00260248205835	0.135,0.095,0.0,0.0	0.069,0.248,0.067,0.207	-0.09
2650	ENSG00000129351	ILF3	chr19	+	10683916	10685765	10683916	10683970	10684415	10685765	2650	8,6,44,2	3,2,4,9	6,4,23,3	5,12,65,7	544	99	0.00111656485254	0.0223850149475	0.327,0.353,0.667,0.039	0.179,0.057,0.06,0.072	0.254
2681	ENSG00000092098	RNF31	chr14	+	24157519	24158199	24157519	24158011	24158141	24158199	2681	3,3,4,4	2,5,0,2	1,2,0,1	1,4,17,1	229	99	0.000155121808014	0.00538678945211	0.393,0.206,1.0,0.464	0.302,0.178,0.0,0.302	0.32
2686	ENSG00000167995	BEST1	chr11	+	61959891	61962893	61959891	61960043	61962254	61962893	2686	1,3,53,2	2,2,0,2	12,15,11,16	0,0,0,3	2310	99	0.00113220945616	0.0226209245453	0.021,0.06,1.0,0.041	1.0,1.0,1.0,0.186	-0.516
2690	ENSG00000134899	ERCC5	chr13	+	102872197	102873343	102872197	102872398	102873260	102873343	2690	9,14,4,6	2,1,8,6	3,5,30,15	0,0,0,0	961	99	0	0.0	0.317,0.591,0.049,0.093	1.0,1.0,1.0,1.0	-0.738
2740	ENSG00000249915	PDCD6	chr5	+	304176	306754	304176	304221	306601	306754	2740	16,20,25,32	0,0,0,0	10,33,21,36	5,5,9,3	2479	99	0	0.0	1.0,1.0,1.0,1.0	0.074,0.209,0.085,0.324	0.827
2746	ENSG00000104365	IKBKB	chr8	+	42319269	42320844	42319269	42319421	42320734	42320844	2746	19,20,4,40	3,3,0,3	25,19,15,44	1,0,0,0	1412	99	1.993892913e-07	3.39293702547e-05	0.308,0.319,1.0,0.483	0.637,1.0,1.0,1.0	-0.382
2760	ENSG00000161243	FBXO27	chr19	-	39031028	39031320	39031028	39031124	39031208	39031320	2760	3,1,0,0	5,18,5,16	0,1,33,2	12,8,21,7	183	99	0.000582984364357	0.0140542594283	0.245,0.029,0.0,0.0	0.0,0.063,0.459,0.134	-0.096
2785	ENSG00000107862	GBF1	chr10	+	102362474	102363396	102362474	102362664	102363255	102363396	2785	10,21,2,26	18,24,15,16	19,23,37,28	11,6,10,18	690	99	9.68529467201e-05	0.00389510418493	0.074,0.112,0.019,0.189	0.199,0.355,0.347,0.182	-0.172
2814	ENSG00000147140	NONO	chrX	+	71297376	71297938	71297376	71297461	71297835	71297938	2814	2,19,10,16	24,38,37,22	6,25,72,22	24,18,9,23	473	99	0.0025294226678	0.0415680333632	0.017,0.095,0.054,0.132	0.05,0.225,0.626,0.167	-0.193
2859	ENSG00000147274	RBMX	chrX	-	136872267	136875168	136872267	136872345	136875085	136875168	2859	206,222,277,355	1,2,5,0	216,162,458,365	0,0,0,1	2839	99	0.000464532983738	0.0120985956568	0.878,0.795,0.659,1.0	1.0,1.0,1.0,0.927	-0.149
2876	ENSG00000072778	ACADVL	chr17	+	7220765	7221058	7220765	7220830	7220923	7221058	2876	0,3,12,8	50,16,17,72	2,0,0,6	40,40,11,71	192	99	0.00214032002879	0.0364041604897	0.0,0.088,0.267,0.054	0.025,0.0,0.0,0.042	0.085
2907	ENSG00000136068	FLNB	chr3	+	58168439	58169793	58168439	58168658	58169589	58169793	2907	11,2,8,4	5,4,4,6	2,0,2,10	4,4,39,5	1030	99	0.000757634683872	0.0169350220142	0.175,0.046,0.161,0.06	0.046,0.0,0.005,0.161	0.058
2940	ENSG00000148835	TAF5	chr10	+	103381720	103383367	103381720	103381841	103383237	103383367	2940	11,22,29,41	0,0,0,2	6,14,15,16	4,0,4,5	1495	99	1.36930255235e-06	0.000147935390563	1.0,1.0,1.0,0.576	0.09,1.0,0.199,0.175	0.528
2942	ENSG00000139613	SMARCC2	chr12	-	56164302	56164731	56164302	56164368	56164647	56164731	2942	12,14,18,17	0,3,6,0	7,16,23,4	1,0,0,0	378	99	0.000167370033667	0.00564414321626	1.0,0.55,0.44,1.0	0.647,1.0,1.0,1.0	-0.164
2952	ENSG00000135124	P2RX4	chr12	+	121222093	121223043	121222093	121222166	121222946	121223043	2952	0,1,3,4	3,5,1,2	3,1,14,2	0,0,1,0	879	99	7.36484584429e-09	2.68540691597e-06	0.0,0.022,0.253,0.184	1.0,1.0,0.612,1.0	-0.788
2973	ENSG00000115548	KDM3A	chr2	+	86482457	86484158	86482457	86482694	86483986	86484158	2973	7,33,7,23	4,6,12,17	27,35,48,33	6,5,5,7	1391	99	0.000148961532219	0.00536445419115	0.111,0.281,0.04,0.088	0.243,0.333,0.406,0.251	-0.178
2975	ENSG00000115548	KDM3A	chr2	+	86491140	86492716	86491140	86491275	86492038	86492716	2975	13,17,20,38	10,9,17,31	38,77,63,27	10,9,2,23	862	99	0.00218416033851	0.0369344678692	0.13,0.178,0.119,0.123	0.304,0.496,0.783,0.119	-0.288
3033	ENSG00000010270	STARD3NL	chr7	+	38215027	38217305	38215027	38215105	38217187	38217305	3033	43,56,116,52	4,0,9,0	56,71,38,74	0,0,0,0	2181	99	3.16152559232e-06	0.000271240298612	0.328,1.0,0.369,1.0	1.0,1.0,1.0,1.0	-0.326
3066	ENSG00000134684	YARS1	chr1	-	32786361	32787075	32786361	32786447	32786939	32787075	3066	14,7,19,12	19,19,39,23	23,5,33,30	17,18,10,9	591	99	0.000621887827909	0.0147022736002	0.11,0.058,0.075,0.08	0.185,0.044,0.356,0.358	-0.155
3148	ENSG00000137601	NEK1	chr4	-	169612019	169612583	169612019	169612143	169612221	169612583	3148	2,8,4,8	5,17,11,20	1,0,0,2	4,7,7,15	177	99	1.76325833446e-05	0.00100612276704	0.183,0.208,0.169,0.183	0.123,0.0,0.0,0.069	0.138
3364	ENSG00000139998	RAB15	chr14	-	64950324	64951151	64950324	64950414	64950942	64951151	3364	20,17,31,17	5,0,1,2	32,23,16,20	1,0,1,1	627	99	0.00272635488208	0.0435768613207	0.387,1.0,0.83,0.573	0.835,1.0,0.716,0.759	-0.13
3365	ENSG00000139998	RAB15	chr14	-	64950324	64951151	64950324	64950414	64951073	64951151	3365	25,17,31,23	4,12,37,2	36,27,24,22	5,2,0,2	758	99	0.00239266690615	0.0397687143318	0.449,0.156,0.099,0.6	0.485,0.638,1.0,0.59	-0.352
3417	ENSG00000165359	INTS6L	chrX	+	135569336	135573033	135569336	135569431	135572814	135573033	3417	37,77,137,76	1,0,0,1	46,101,218,153	3,1,40,3	3482	99	2.31399376494e-06	0.000228810841096	0.513,1.0,1.0,0.684	0.304,0.742,0.134,0.592	0.356
3442	ENSG00000134901	POGLUT2	chr13	-	102791257	102793418	102791257	102791430	102793340	102793418	3442	9,11,15,19	1,4,0,2	12,14,2,19	0,0,0,1	2009	99	1.74220277382e-06	0.000181500196115	0.307,0.119,1.0,0.319	1.0,1.0,1.0,0.484	-0.435
3446	ENSG00000102901	CENPT	chr16	-	67829764	67830548	67829764	67830088	67830389	67830548	3446	7,12,11,16	5,0,0,7	15,18,11,15	2,1,0,0	400	99	0.00179456354495	0.031629860185	0.257,1.0,1.0,0.361	0.65,0.817,1.0,1.0	-0.212
3548	ENSG00000185513	L3MBTL1	chr20	+	43528656	43529368	43528656	43528745	43529202	43529368	3548	5,13,5,21	5,0,0,3	44,17,2,32	0,0,0,3	556	99	0.00204577539555	0.0355209930287	0.151,1.0,1.0,0.555	1.0,1.0,1.0,0.655	-0.237
3553	ENSG00000185513	L3MBTL1	chr20	+	43534283	43534942	43534283	43534394	43534827	43534942	3553	8,9,7,17	12,14,66,34	11,4,70,18	5,18,12,14	532	99	7.53474563007e-05	0.00318534101492	0.11,0.107,0.019,0.085	0.29,0.04,0.521,0.193	-0.181
3580	ENSG00000197381	ADARB1	chr21	+	45222017	45226560	45222017	45222107	45225546	45226560	3580	54,60,49,60	0,5,39,0	84,22,69,44	0,0,0,0	3538	99	4.43695677976e-07	6.47130146328e-05	1.0,0.251,0.034,1.0	1.0,1.0,1.0,1.0	-0.429
3687	ENSG00000234741	GAS5	chr1	-	173863900	173864704	173863900	173864304	173864674	173864704	3687	8,131,246,28	0,1,1,0	18,141,113,60	0,0,11,1	469	99	0.00015672512364	0.00541026255216	1.0,0.965,0.981,1.0	1.0,1.0,0.684,0.927	0.084
3746	ENSG00000214078	CPNE1	chr20	-	35632162	35632385	35632162	35632234	35632310	35632385	3746	0,0,1,2	3,14,9,8	1,0,5,4	4,14,3,4	175	99	0.00124079355025	0.0239695018946	0.0,0.0,0.059,0.124	0.124,0.0,0.485,0.361	-0.197
3768	ENSG00000164082	GRM2	chr3	+	51712472	51716137	51712472	51713310	51715061	51716137	3768	52,12,16,45	0,1,0,2	19,31,12,45	0,4,9,1	1850	99	0.00190241988141	0.0332296933777	1.0,0.391,1.0,0.546	1.0,0.293,0.067,0.707	0.218
3823	ENSG00000146830	GIGYF1	chr7	-	100688591	100689555	100688591	100688718	100689301	100689555	3823	32,29,77,56	0,0,0,0	47,25,51,48	3,4,2,0	682	99	4.39623921455e-06	0.000351337802434	1.0,1.0,1.0,1.0	0.695,0.476,0.787,1.0	0.261
3936	ENSG00000162129	CLPB	chr11	-	72294619	72295648	72294619	72294693	72295491	72295648	3936	10,7,30,3	11,36,22,26	2,4,0,1	13,25,26,21	897	99	2.15184555952e-07	3.39293702547e-05	0.091,0.021,0.131,0.013	0.017,0.017,0.0,0.005	0.054
3982	ENSG00000127603	MACF1	chr1	+	39463611	39468732	39463611	39463686	39468614	39468732	3982	157,221,226,221	4,3,0,0	163,200,285,244	0,0,1,0	5027	99	0.000511778185565	0.0127051656791	0.436,0.592,1.0,1.0	1.0,1.0,0.849,1.0	-0.205
4033	ENSG00000204267	TAP2	chr6	-	32830617	32832461	32830617	32830806	32832332	32832461	4033	3,1,1,7	0,2,0,2	1,1,2,4	0,0,0,0	1625	99	2.55994181375e-06	0.00023335469596	1.0,0.03,1.0,0.176	1.0,1.0,1.0,1.0	-0.448
4068	ENSG00000108387	SEPTIN4	chr17	-	58526219	58526978	58526219	58526313	58526681	58526978	4068	4,12,22,9	7,3,28,4	11,5,43,7	2,3,0,1	467	99	0.00207693245201	0.0357663615034	0.108,0.459,0.143,0.323	0.538,0.261,1.0,0.597	-0.341
4073	ENSG00000106105	GARS1	chr7	+	30601058	30603122	30601058	30601224	30603033	30603122	4073	10,11,6,8	0,0,47,2	8,14,10,9	0,0,0,0	1908	99	2.26722465246e-08	5.51124525935e-06	1.0,1.0,0.007,0.172	1.0,1.0,1.0,1.0	-0.455
4092	ENSG00000205885	C1RL-AS1	chr12	+	7118266	7118944	7118266	7118677	7118898	7118944	4092	1,2,0,1	0,3,3,0	2,1,1,1	0,0,0,1	320	99	7.92570178798e-06	0.000563884685745	1.0,0.171,0.0,1.0	1.0,1.0,1.0,0.236	-0.266
4098	ENSG00000120616	EPC1	chr10	-	32273013	32273281	32273013	32273082	32273162	32273281	4098	9,9,2,11	0,0,0,0	9,8,2,21	2,1,4,1	179	99	6.65725203894e-05	0.00294167701582	1.0,1.0,1.0,1.0	0.713,0.816,0.217,0.921	0.333
4212	ENSG00000166340	TPP1	chr11	-	6619195	6619413	6619195	6619267	6619383	6619413	4212	5,1,5,3	4,4,4,4	7,7,1,7	0,1,0,4	215	99	0.000908277686662	0.0194812206764	0.365,0.103,0.365,0.257	1.0,0.763,1.0,0.446	-0.53
4221	ENSG00000022277	RTF2	chr20	+	56516934	56517201	56516934	56516989	56517105	56517201	4221	1,1,0,0	11,15,14,14	3,2,0,3	5,4,2,6	215	99	0.00107583896198	0.0217178010526	0.04,0.03,0.0,0.0	0.216,0.187,0.0,0.187	-0.13
4251	ENSG00000172262	ZNF131	chr5	+	43161248	43161931	43161248	43161613	43161708	43161931	4251	2,7,8,8	7,2,3,3	2,6,6,7	1,0,0,2	194	99	0.000208935333705	0.00673441291069	0.127,0.641,0.576,0.576	0.505,1.0,1.0,0.641	-0.306
4319	ENSG00000113327	GABRG2	chr5	+	162149107	162151753	162149107	162149313	162151729	162151753	4319	93,76,128,150	27,19,192,34	53,103,193,157	9,8,121,22	2515	99	0.000403394574961	0.0110488448372	0.119,0.136,0.026,0.148	0.188,0.336,0.059,0.219	-0.093
4333	ENSG00000168701	TMEM208	chr16	+	67228796	67229278	67228796	67228881	67228975	67229278	4333	2,3,12,8	8,2,55,16	0,3,0,0	1,9,9,9	193	99	0.000206414478427	0.00669012259524	0.114,0.435,0.101,0.204	0.0,0.146,0.0,0.0	0.177
4361	ENSG00000148229	POLE3	chr9	-	113409609	113410140	113409609	113409728	113410054	113410140	4361	0,4,0,1	7,21,26,4	0,0,46,3	8,14,15,6	425	99	0.00015472852448	0.00538678945211	0.0,0.042,0.0,0.055	0.0,0.0,0.417,0.104	-0.106
4374	ENSG00000239900	ADSL	chr22	+	40360401	40361342	40360401	40360492	40361087	40361342	4374	2,4,2,4	0,1,1,2	1,4,1,7	0,0,0,0	694	99	0.00119608839923	0.0233714082353	1.0,0.363,0.222,0.222	1.0,1.0,1.0,1.0	-0.548
4378	ENSG00000239900	ADSL	chr22	+	40361487	40363071	40361487	40361666	40362980	40363071	4378	15,37,24,50	0,0,4,2	18,54,80,44	0,0,0,0	1413	99	0.00131513098254	0.0249314691751	1.0,1.0,0.296,0.637	1.0,1.0,1.0,1.0	-0.267
4419	ENSG00000102977	ACD	chr16	-	67658719	67659613	67658719	67658816	67658927	67659613	4419	1,7,0,7	21,20,25,34	0,0,1,2	26,27,57,23	210	99	0.000304622358595	0.0090211514723	0.022,0.142,0.0,0.088	0.0,0.0,0.008,0.039	0.051
4492	ENSG00000175054	ATR	chr3	-	142457603	142459111	142457603	142457755	142458957	142459111	4492	11,29,21,19	1,12,14,18	9,9,1,18	10,24,8,15	1301	99	0.00268011914126	0.0432715510933	0.456,0.155,0.102,0.074	0.064,0.028,0.009,0.084	0.15
4530	ENSG00000172771	EFCAB12	chr3	-	129402522	129404403	129402522	129402579	129404249	129404403	4530	8,12,4,19	1,0,0,0	26,3,10,17	0,3,1,3	1769	99	2.54163730773e-06	0.00023335469596	0.309,1.0,1.0,1.0	1.0,0.053,0.359,0.241	0.414
4749	ENSG00000055609	KMT2C	chr7	-	152144712	152145295	152144712	152144881	152145164	152145295	4749	27,26,36,74	6,10,8,11	33,15,37,38	18,21,12,18	382	99	0.00210990233392	0.036097273361	0.538,0.403,0.538,0.635	0.322,0.156,0.444,0.354	0.21
4758	ENSG00000115414	FN1	chr2	-	215379129	215382325	215379129	215379317	215382211	215382325	4758	24,33,59,81	0,0,0,0	67,11,36,39	0,0,11,1	2993	99	0.000315626649912	0.00916102425665	1.0,1.0,1.0,1.0	1.0,1.0,0.098,0.563	0.335
4799	ENSG00000213465	ARL2	chr11	+	65021720	65022184	65021720	65021888	65021970	65022184	4799	3,10,11,3	4,3,1,0	5,6,9,4	1,1,0,0	181	99	0.000550075539866	0.0134034469185	0.291,0.646,0.857,1.0	0.732,0.766,1.0,1.0	-0.176
4827	ENSG00000144061	NPHP1	chr2	-	110163047	110164730	110163047	110163135	110164687	110164730	4827	23,79,116,79	0,0,0,0	61,84,166,83	7,0,2,0	1651	99	0.00021176785222	0.00678820686732	1.0,1.0,1.0,1.0	0.343,1.0,0.833,1.0	0.206
4884	ENSG00000213928	IRF9	chr14	+	24163377	24165962	24163377	24164955	24165846	24165962	4884	8,14,23,16	6,4,14,6	4,4,4,4	5,9,4,9	990	99	0.000278968770025	0.00834617335552	0.118,0.259,0.141,0.211	0.074,0.043,0.091,0.043	0.119
4893	ENSG00000260807	CEROX1	chr16	-	975760	976400	975760	975995	976326	976400	4893	12,62,124,11	0,0,0,0	20,143,192,23	0,14,0,0	430	99	4.54940288129e-05	0.00215782247231	1.0,1.0,1.0,1.0	1.0,0.702,1.0,1.0	0.075
4921	ENSG00000183426	NPIPA1	chr16	+	14935159	14935397	14935159	14935276	14935344	14935397	4921	53,92,147,84	6,7,11,5	45,145,70,66	5,4,0,0	167	99	0.00131416620621	0.0249314691751	0.84,0.886,0.888,0.909	0.842,0.956,1.0,1.0	-0.069
4967	ENSG00000164073	MFSD8	chr4	-	127920556	127921771	127920556	127920836	127921523	127921771	4967	4,7,30,14	2,0,4,4	12,5,6,10	3,0,0,0	786	99	0.00242313696367	0.0401607416081	0.201,1.0,0.486,0.306	0.335,1.0,1.0,1.0	-0.335
5166	ENSG00000135506	OS9	chr12	+	57694749	57695843	57694749	57694926	57695779	57695843	5166	15,14,19,23	7,3,14,16	5,10,5,17	4,12,35,11	952	99	0.000494039016655	0.0123775394391	0.182,0.327,0.124,0.13	0.115,0.08,0.015,0.138	0.104
5379	ENSG00000048162	NOP16	chr5	-	176388234	176388598	176388234	176388343	176388432	176388598	5379	1,9,8,12	2,3,6,0	9,2,12,7	2,0,0,0	188	99	2.7133493307e-05	0.00139208665949	0.208,0.612,0.412,1.0	0.703,1.0,1.0,1.0	-0.368
5400	ENSG00000141258	SGSM2	chr17	+	2362837	2363134	2362837	2362905	2362988	2363134	5400	0,0,0,0	5,1,1,1	0,8,3,2	3,0,25,0	182	99	0.00055653281316	0.0134722507551	0.0,0.0,0.0,0.0	0.0,1.0,0.061,1.0	-0.515
5485	ENSG00000065357	DGKA	chr12	+	55951622	55952099	55951622	55951783	55952034	55952099	5485	3,6,24,3	4,43,27,40	2,17,1,5	28,91,88,25	350	99	0.00129197016664	0.0247939274743	0.175,0.038,0.201,0.021	0.02,0.05,0.003,0.054	0.077
5486	ENSG00000065357	DGKA	chr12	+	55951622	55952431	55951622	55951783	55952340	55952431	5486	10,18,19,12	1,5,0,1	12,64,2,30	0,1,0,2	656	99	0.000151371571565	0.00538678945211	0.601,0.352,1.0,0.644	1.0,0.906,1.0,0.694	-0.251
5568	ENSG00000110025	SNX15	chr11	+	65035519	65038829	65035519	65035663	65038571	65038829	5568	4,4,3,6	0,0,0,0	2,2,0,5	0,0,7,1	3007	99	1.19120632247e-08	3.3633319088e-06	1.0,1.0,1.0,1.0	1.0,1.0,0.0,0.141	0.465
5572	ENSG00000089818	NECAP1	chr12	+	8090194	8092784	8090194	8090299	8092675	8092784	5572	29,62,54,67	1,6,1,5	41,39,106,89	0,2,0,0	2475	99	3.07757572282e-06	0.000271240298612	0.537,0.292,0.684,0.349	1.0,0.438,1.0,1.0	-0.394
5574	ENSG00000089818	NECAP1	chr12	+	8090194	8092784	8090194	8091850	8092675	8092784	5574	14,40,25,46	17,34,87,24	21,32,73,55	5,38,35,23	924	99	0.000490515320862	0.0123775394391	0.081,0.112,0.03,0.17	0.31,0.083,0.183,0.204	-0.097
5760	ENSG00000140463	BBS4	chr15	+	72735112	72735966	72735112	72735182	72735824	72735966	5760	11,14,16,8	0,2,17,2	7,4,30,12	0,0,3,0	741	99	0.000315502853782	0.00916102425665	1.0,0.483,0.112,0.348	1.0,1.0,0.572,1.0	-0.407
5857	ENSG00000158220	ESYT3	chr3	+	138470059	138471026	138470059	138470146	138470876	138471026	5857	65,16,20,50	3,0,0,0	59,17,11,70	5,0,9,1	829	99	0.00052117237973	0.0128291968918	0.721,1.0,1.0,1.0	0.585,1.0,0.127,0.893	0.279
5859	ENSG00000233527	ZNF529-AS1	chr19	+	36594155	36594705	36594155	36594299	36594441	36594705	5859	7,22,1,10	0,6,4,0	2,7,9,11	0,0,0,0	241	99	0.000166998211319	0.00564414321626	1.0,0.601,0.093,1.0	1.0,1.0,1.0,1.0	-0.327
5911	ENSG00000114354	TFG	chr3	+	100744832	100747454	100744832	100744931	100747413	100747454	5911	33,55,149,113	9,10,31,12	69,104,166,104	4,8,0,2	2581	99	0.000256099203544	0.00782505331346	0.123,0.174,0.156,0.265	0.398,0.333,1.0,0.666	-0.42
5961	ENSG00000105819	PMPCB	chr7	+	103310314	103311896	103310314	103310475	103311807	103311896	5961	38,41,94,69	1,0,0,2	42,42,55,81	4,0,0,7	1431	99	0.00169449767319	0.0304175366935	0.724,1.0,1.0,0.705	0.421,1.0,1.0,0.445	0.141
6026	ENSG00000108465	CDK5RAP3	chr17	+	47973518	47974031	47973518	47973650	47973930	47974031	6026	1,2,0,22	5,2,4,11	1,0,0,5	3,17,7,8	379	99	0.00117055298642	0.023070966631	0.05,0.207,0.0,0.343	0.08,0.0,0.0,0.14	0.095
6036	ENSG00000116670	MAD2L2	chr1	-	11675657	11676140	11675657	11675731	11676045	11676140	6036	0,0,0,1	5,2,7,2	2,6,0,5	1,1,2,5	413	99	4.00769926957e-05	0.00191646865071	0.0,0.0,0.0,0.107	0.324,0.59,0.0,0.193	-0.25
6088	ENSG00000151503	NCAPD3	chr11	-	134203141	134203906	134203141	134203198	134203653	134203906	6088	0,0,0,0	4,6,1,2	3,4,0,5	1,0,8,4	554	99	0.00218066493784	0.0369344678692	0.0,0.0,0.0,0.0	0.349,1.0,0.0,0.183	-0.383
6159	ENSG00000136631	VPS45	chr1	+	150076232	150077779	150076232	150077231	150077668	150077779	6159	10,16,35,31	14,34,46,19	21,10,21,37	11,6,4,14	536	99	0.000258953198574	0.00786840083584	0.117,0.08,0.123,0.232	0.261,0.235,0.492,0.328	-0.191
6324	ENSG00000161203	AP2M1	chr3	+	184181084	184182047	184181084	184181226	184181911	184182047	6324	28,11,24,27	1,4,0,2	31,18,17,18	2,0,0,0	784	99	9.92394610037e-05	0.00393852391494	0.78,0.258,1.0,0.63	0.662,1.0,1.0,1.0	-0.248
6417	ENSG00000140521	POLG	chr15	-	89317375	89318749	89317375	89317536	89317938	89318749	6417	4,3,29,5	0,0,13,2	6,1,25,11	0,0,1,0	501	99	0.000139687368433	0.00508180435	1.0,1.0,0.306,0.331	1.0,1.0,0.832,1.0	-0.299
6421	ENSG00000140521	POLG	chr15	-	89317938	89318749	89317938	89318037	89318540	89318749	6421	7,3,12,13	0,1,8,2	5,4,32,5	0,0,3,0	602	99	0.000392408564143	0.0108799250789	1.0,0.33,0.198,0.517	1.0,1.0,0.637,1.0	-0.398
6455	ENSG00000160285	LSS	chr21	-	46188445	46191235	46188445	46188821	46191075	46191235	6455	67,103,158,125	0,2,0,0	82,77,157,87	0,1,13,0	2353	99	0.000651598058499	0.0153283188439	1.0,0.684,1.0,1.0	1.0,0.764,0.337,1.0	0.146
6483	ENSG00000084207	GSTP1	chr11	+	67586103	67586653	67586103	67586211	67586388	67586653	6483	0,3,11,3	9,16,67,8	0,0,0,1	6,14,47,15	276	99	0.000177367887324	0.00591293859799	0.0,0.063,0.056,0.119	0.0,0.0,0.0,0.023	0.054
6490	ENSG00000160271	RALGDS	chr9	-	133097719	133102139	133097719	133101762	133101937	133102139	6490	3,3,3,3	18,14,65,31	12,2,6,6	21,22,23,17	274	99	0.000852875105802	0.0186354807762	0.057,0.072,0.016,0.034	0.171,0.032,0.086,0.113	-0.056
6498	ENSG00000184575	XPOT	chr12	+	64425037	64425457	64425037	64425138	64425337	64425457	6498	6,3,8,19	0,2,26,0	7,3,3,32	0,0,0,0	298	99	5.49418094988e-05	0.00250870416138	1.0,0.333,0.093,1.0	1.0,1.0,1.0,1.0	-0.393
6550	ENSG00000171680	PLEKHG5	chr1	-	6467824	6468586	6467824	6467898	6468098	6468586	6550	44,59,117,71	2,0,2,1	46,114,85,72	1,9,2,4	299	99	0.00323844650199	0.0493292347066	0.879,1.0,0.951,0.959	0.938,0.807,0.934,0.856	0.064
6554	ENSG00000102878	HSF4	chr16	+	67165945	67166395	67165945	67166070	67166319	67166395	6554	5,12,2,5	0,6,0,5	3,21,21,10	0,0,0,0	348	99	5.11408177217e-06	0.000382507090498	1.0,0.363,1.0,0.221	1.0,1.0,1.0,1.0	-0.354
6564	ENSG00000291066	NA	chr16	-	21796962	21797858	21796962	21797112	21797749	21797858	6564	1,22,17,4	15,42,7,40	4,1,0,2	32,25,32,58	736	99	2.10440673332e-07	3.39293702547e-05	0.009,0.066,0.246,0.013	0.017,0.005,0.0,0.005	0.077
6606	ENSG00000156475	PPP2R2B	chr5	-	146878001	146878785	146878001	146878195	146878700	146878785	6606	2,6,7,6	0,1,0,1	0,0,5,2	4,4,0,0	604	99	2.5164070987e-06	0.00023335469596	1.0,0.496,1.0,0.496	0.0,0.0,1.0,1.0	0.248
6679	ENSG00000126088	UROD	chr1	+	45013135	45013354	45013135	45013215	45013291	45013354	6679	3,5,6,9	2,0,0,0	2,4,0,9	2,0,4,2	175	99	8.00639298869e-05	0.00331271607773	0.459,1.0,1.0,1.0	0.361,1.0,0.0,0.718	0.345
6720	ENSG00000182481	KPNA2	chr17	+	68042084	68042999	68042084	68042353	68042904	68042999	6720	0,0,0,0	2,7,7,7	0,0,16,2	2,5,9,5	650	99	1.70766112113e-05	0.000986385641651	0.0,0.0,0.0,0.0	0.0,0.0,0.213,0.057	-0.068
6742	ENSG00000108788	MLX	chr17	+	42569203	42569606	42569203	42569303	42569506	42569606	6742	1,1,0,1	3,0,3,5	1,2,2,3	0,0,0,2	302	99	9.93076221478e-07	0.000113600130904	0.099,1.0,0.0,0.062	1.0,1.0,1.0,0.33	-0.542
6817	ENSG00000102119	EMD	chrX	+	154379941	154380367	154379941	154380019	154380233	154380367	6817	0,1,0,4	3,1,12,0	3,9,8,2	0,2,1,2	313	99	0.000744804650704	0.0168418229931	0.0,0.24,0.0,1.0	1.0,0.587,0.717,0.24	-0.326
6825	ENSG00000123983	ACSL3	chr2	+	222921279	222922831	222921279	222921430	222922707	222922831	6825	122,132,148,173	2,5,11,10	103,119,273,169	1,0,0,8	1376	99	0.00136993315461	0.0255538313254	0.814,0.655,0.492,0.555	0.881,1.0,1.0,0.603	-0.242
6870	ENSG00000177595	PIDD1	chr11	-	802681	803647	802681	802891	803173	803647	6870	1,4,0,8	4,0,2,1	2,12,9,4	1,0,0,1	381	99	2.11588828829e-05	0.00117300922438	0.061,1.0,0.0,0.675	0.342,1.0,1.0,0.51	-0.279
6876	ENSG00000100462	PRMT5	chr14	-	22920528	22921056	22920528	22920731	22920839	22921056	6876	2,27,24,7	1,5,11,2	10,17,32,9	0,2,0,3	207	99	0.00126010275675	0.0242621765112	0.489,0.721,0.511,0.626	1.0,0.803,1.0,0.589	-0.261
6891	ENSG00000175197	DDIT3	chr12	-	57517268	57517753	57517268	57517438	57517705	57517753	6891	0,5,0,3	2,2,1,3	5,4,3,4	0,0,0,0	366	99	7.84705633805e-13	9.15594533524e-10	0.0,0.403,0.0,0.213	1.0,1.0,1.0,1.0	-0.846
7001	ENSG00000162191	UBXN1	chr11	-	62676812	62677832	62676812	62677005	62677517	62677832	7001	8,19,25,7	1,15,27,2	15,25,69,20	3,5,3,2	611	99	0.000491062870384	0.0123775394391	0.565,0.17,0.13,0.362	0.448,0.448,0.788,0.618	-0.269
7006	ENSG00000136908	DPM2	chr9	-	127936552	127937523	127936552	127936655	127937433	127937523	7006	17,24,55,22	0,2,1,0	29,26,43,37	2,12,21,5	877	99	6.28215979348e-07	7.79789792237e-05	1.0,0.575,0.861,1.0	0.621,0.197,0.188,0.455	0.494
7064	ENSG00000172943	PHF8	chrX	-	53984913	53985949	53984913	53985227	53985815	53985949	7064	10,10,21,24	1,3,0,3	18,37,12,19	1,1,0,0	687	99	2.72022418893e-05	0.00139208665949	0.59,0.324,1.0,0.535	0.722,0.842,1.0,1.0	-0.279
7077	ENSG00000100099	HPS4	chr22	-	26466225	26468623	26466225	26466262	26468550	26468623	7077	54,27,44,72	0,6,0,9	24,7,35,40	6,1,28,5	2387	99	0.00292468550403	0.045621965857	1.0,0.157,1.0,0.249	0.142,0.225,0.049,0.249	0.435
7108	ENSG00000175455	CCDC14	chr3	-	123956354	123956795	123956354	123956427	123956739	123956795	7108	6,11,26,24	1,1,0,0	11,9,11,28	2,7,1,0	411	99	5.81200705426e-05	0.00260824993497	0.591,0.726,1.0,1.0	0.57,0.236,0.726,1.0	0.196
7139	ENSG00000081307	UBA5	chr3	+	132671776	132672177	132671776	132671881	132672049	132672177	7139	4,2,6,8	15,6,36,28	2,1,0,0	16,10,18,35	267	99	2.84975946938e-05	0.00140894040206	0.09,0.11,0.058,0.096	0.044,0.036,0.0,0.0	0.069
7148	ENSG00000170144	HNRNPA3	chr2	+	177215977	177216592	177215977	177216188	177216502	177216592	7148	16,20,36,26	24,26,50,55	11,10,11,21	46,36,47,85	413	99	5.48886456664e-06	0.000405342226352	0.138,0.156,0.147,0.102	0.054,0.062,0.053,0.056	0.08
7150	ENSG00000170144	HNRNPA3	chr2	+	177215977	177216771	177215977	177216592	177216675	177216771	7150	3,3,10,9	22,27,42,42	3,0,0,1	42,30,21,70	182	99	5.02759520349e-07	6.82116056213e-05	0.069,0.057,0.115,0.104	0.037,0.0,0.0,0.008	0.075
7163	ENSG00000197102	DYNC1H1	chr14	+	102004517	102004950	102004517	102004683	102004761	102004950	7163	2,5,8,11	25,36,125,42	8,23,7,20	42,47,88,53	177	99	0.00256823051995	0.0417355344106	0.043,0.072,0.035,0.128	0.096,0.215,0.043,0.174	-0.063
7238	ENSG00000130244	FAM98C	chr19	+	38405518	38407077	38405518	38405635	38406909	38407077	7238	21,26,14,27	7,4,5,2	28,29,15,21	1,1,0,0	1373	99	1.45758544456e-07	2.65736046361e-05	0.178,0.319,0.168,0.493	0.669,0.676,1.0,1.0	-0.547
7331	ENSG00000114857	NKTR	chr3	+	42619663	42621516	42619663	42619708	42621428	42621516	7331	32,73,65,87	1,2,15,6	45,66,97,119	0,0,1,1	1819	99	1.23470992319e-08	3.3633319088e-06	0.635,0.665,0.191,0.441	1.0,1.0,0.841,0.866	-0.444
7333	ENSG00000114857	NKTR	chr3	+	42627199	42630575	42627199	42627227	42630545	42630575	7333	117,201,195,290	0,1,0,3	120,181,239,219	0,2,11,6	3417	99	0.0010698304534	0.0216714960595	1.0,0.853,1.0,0.737	1.0,0.724,0.386,0.514	0.242
7366	ENSG00000185122	HSF1	chr8	+	144309771	144311249	144309771	144309896	144311173	144311249	7366	5,1,27,11	8,4,9,14	3,6,0,4	9,10,12,11	1376	99	0.000153783686651	0.00538678945211	0.043,0.018,0.178,0.054	0.023,0.041,0.0,0.025	0.051
7385	ENSG00000231365	WARS2-AS1	chr1	+	119150564	119151419	119150564	119150652	119150792	119151419	7385	3,22,94,12	0,8,2,0	4,19,49,8	1,7,28,1	239	99	0.000969750927756	0.0205728251365	1.0,0.533,0.951,1.0	0.624,0.529,0.42,0.768	0.286
7426	ENSG00000291084	ALOX12P2	chr17	+	6899390	6900345	6899390	6899461	6899592	6900345	7426	4,12,0,7	0,3,33,2	8,4,2,5	0,1,0,1	230	99	8.97650433473e-06	0.0005951014351	1.0,0.633,0.0,0.601	1.0,0.633,1.0,0.683	-0.27
7453	ENSG00000013375	PGM3	chr6	-	83187007	83191014	83187007	83188798	83190808	83191014	7453	56,29,109,54	3,6,6,5	41,45,89,74	0,3,0,1	2109	99	0.000447285147502	0.0118075183282	0.467,0.185,0.46,0.336	1.0,0.413,1.0,0.776	-0.435
7488	ENSG00000189221	MAOA	chrX	+	43736226	43740738	43736226	43736280	43740680	43740738	7488	6,12,18,34	0,0,2,2	11,7,6,37	0,0,0,0	4499	99	0.00119781471758	0.0233714082353	1.0,1.0,0.165,0.272	1.0,1.0,1.0,1.0	-0.391
7515	ENSG00000224078	SNHG14	chr15	+	25093833	25095828	25093833	25093974	25095718	25095828	7515	84,71,75,133	0,5,4,0	63,61,80,121	0,1,0,1	1843	99	0.000108066203706	0.00417522008226	1.0,0.433,0.502,1.0	1.0,0.766,1.0,0.867	-0.174
7534	ENSG00000198707	CEP290	chr12	-	88102837	88106905	88102837	88103011	88106674	88106905	7534	100,148,128,207	7,3,5,5	142,126,111,256	1,0,0,3	3762	99	2.17665615122e-05	0.00117300922438	0.273,0.565,0.403,0.521	0.789,1.0,1.0,0.692	-0.43
7559	ENSG00000090581	GNPTG	chr16	+	1362451	1362742	1362451	1362534	1362610	1362742	7559	8,9,13,4	39,47,62,45	3,2,4,2	33,49,60,47	175	99	0.00033779743796	0.0095665546265	0.104,0.098,0.106,0.048	0.049,0.023,0.036,0.024	0.056
7641	ENSG00000230910	ADGRB3-DT	chr6	-	68634184	68634719	68634184	68634258	68634464	68634719	7641	24,102,246,87	1,3,41,4	25,126,192,59	1,6,0,0	305	99	2.42132940808e-05	0.0012841850697	0.886,0.917,0.661,0.876	0.89,0.872,1.0,1.0	-0.106
7705	ENSG00000271913	TAGAP-AS1	chr6	+	159041797	159043052	159041797	159042308	159042797	159043052	7705	12,27,10,37	2,3,4,2	14,25,12,12	0,0,0,2	588	99	2.81435033744e-05	0.00140843393856	0.503,0.602,0.296,0.757	1.0,1.0,1.0,0.503	-0.336
7738	ENSG00000122545	SEPTIN7	chr7	+	35898247	35903215	35898247	35898383	35903075	35903215	7738	569,443,343,643	68,112,131,56	717,402,567,730	43,60,124,45	4791	99	0.00232654783556	0.038780228779	0.147,0.076,0.051,0.192	0.256,0.122,0.086,0.251	-0.062
7796	ENSG00000173230	GOLGB1	chr3	-	121668060	121669355	121668060	121668158	121669211	121669355	7796	12,28,4,14	10,27,62,12	13,18,6,27	8,9,18,7	1152	99	0.000753804934697	0.0169142230347	0.093,0.082,0.006,0.091	0.123,0.147,0.028,0.249	-0.069
7887	ENSG00000225746	MEG8	chr14	+	100951431	100952760	100951431	100951494	100952420	100952760	7887	46,35,96,36	0,1,2,0	43,26,50,51	0,13,16,0	1025	99	0.000621492401351	0.0147022736002	1.0,0.772,0.823,1.0	1.0,0.162,0.232,1.0	0.3
7916	ENSG00000147133	TAF1	chrX	+	71423116	71424066	71423116	71423239	71423973	71424066	7916	14,9,5,34	4,2,4,3	29,30,69,50	0,1,0,0	833	99	1.1636580588e-11	8.4859763938e-09	0.294,0.348,0.129,0.574	1.0,0.781,1.0,1.0	-0.609
7949	ENSG00000068400	GRIPAP1	chrX	-	48988120	48989710	48988120	48988198	48989610	48989710	7949	8,10,2,20	16,48,11,35	11,11,35,19	17,30,8,32	1511	99	0.00130618004648	0.0249314691751	0.032,0.013,0.012,0.036	0.041,0.023,0.223,0.037	-0.058
8009	ENSG00000289441	NA	chr10	+	101286224	101286726	101286224	101286353	101286545	101286726	8009	2,2,9,1	2,2,0,1	3,2,5,1	0,1,0,0	291	99	0.000622465131855	0.0147022736002	0.254,0.254,1.0,0.254	1.0,0.405,1.0,1.0	-0.411
8065	ENSG00000135317	SNX14	chr6	-	85507967	85513895	85507967	85508313	85513799	85513895	8065	396,618,469,863	1,1,1,6	458,447,414,711	0,0,0,2	5585	99	0.000487703329166	0.0123775394391	0.875,0.916,0.893,0.718	1.0,1.0,1.0,0.863	-0.115
8080	ENSG00000160613	PCSK7	chr11	-	117223207	117224216	117223207	117223308	117224077	117224216	8080	2,22,11,22	1,2,0,3	10,17,7,27	0,0,0,2	868	99	0.000696564760647	0.0161260270382	0.186,0.556,1.0,0.455	1.0,1.0,1.0,0.606	-0.352
8089	ENSG00000100201	DDX17	chr22	-	38487878	38492115	38487878	38488115	38492055	38492115	8089	1379,3835,5534,2897	9,6,48,9	1980,5125,5367,3772	10,9,15,2	4039	99	0.00297867035606	0.0459723885113	0.79,0.94,0.739,0.888	0.829,0.933,0.898,0.979	-0.071
8104	ENSG00000293508	POLR1HASP	chr6	-	30012100	30013557	30012100	30012662	30013345	30013557	8104	24,48,32,34	0,0,3,4	21,26,50,31	0,0,1,0	782	99	0.000761576973763	0.0169581681868	1.0,1.0,0.575,0.518	1.0,1.0,0.864,1.0	-0.193
8224	ENSG00000171456	ASXL1	chr20	+	32428127	32428422	32428127	32428248	32428324	32428422	8224	3,5,2,2	6,4,13,0	1,0,1,2	6,10,11,9	175	99	0.00211694781329	0.0361119109437	0.22,0.414,0.08,1.0	0.086,0.0,0.049,0.112	0.367
8362	ENSG00000011485	PPP5C	chr19	+	46387365	46388448	46387365	46387453	46388407	46388448	8362	2,5,8,2	20,26,44,16	3,3,29,5	12,8,7,7	1053	99	4.24836942592e-06	0.000344235933761	0.009,0.018,0.017,0.012	0.023,0.034,0.28,0.063	-0.086
8528	ENSG00000079785	DDX1	chr2	+	15620207	15621116	15620207	15620396	15621064	15621116	8528	11,0,0,9	29,18,47,54	10,14,29,13	25,14,9,72	767	99	4.95467785022e-07	6.82116056213e-05	0.047,0.0,0.0,0.021	0.049,0.114,0.294,0.023	-0.103
8561	ENSG00000204387	SNHG32	chr6	+	31834907	31835451	31834907	31835200	31835410	31835451	8561	2,1,0,5	11,17,53,9	3,0,11,0	3,4,11,2	309	99	0.00206731026547	0.0357663615034	0.055,0.018,0.0,0.151	0.243,0.0,0.243,0.0	-0.066
8570	ENSG00000072110	ACTN1	chr14	-	68877081	68879069	68877081	68877240	68878988	68879069	8570	169,129,199,300	4,0,4,2	189,195,371,342	0,0,0,2	1847	99	3.25973552979e-05	0.00158477475673	0.694,1.0,0.727,0.889	1.0,1.0,1.0,0.902	-0.148
8660	ENSG00000103496	STX4	chr16	+	31034203	31034536	31034203	31034325	31034461	31034536	8660	0,4,2,14	16,22,105,25	7,12,50,7	11,40,55,20	235	99	1.27334771749e-06	0.00014285981892	0.0,0.071,0.008,0.191	0.211,0.112,0.277,0.128	-0.115
8700	ENSG00000179909	ZNF154	chr19	-	57697366	57701145	57697366	57697841	57700987	57701145	8700	110,174,427,194	0,1,3,1	121,209,291,162	2,8,3,6	3245	99	0.000240491433923	0.00750281831822	1.0,0.841,0.813,0.855	0.649,0.444,0.747,0.452	0.304
8716	ENSG00000143799	PARP1	chr1	-	226365953	226367608	226365953	226366052	226367479	226367608	8716	31,16,1,17	8,10,7,9	25,24,86,27	3,6,13,7	1526	99	0.000425015348025	0.0113220983579	0.201,0.094,0.009,0.109	0.351,0.206,0.3,0.2	-0.161
8718	ENSG00000143799	PARP1	chr1	-	226385503	226386442	226385503	226385680	226386218	226386442	8718	2,2,16,4	0,0,0,0	5,5,2,5	3,5,0,3	637	99	5.28099786123e-12	4.77922358831e-09	1.0,1.0,1.0,1.0	0.206,0.135,1.0,0.206	0.613
8733	ENSG00000125835	SNRPB	chr20	-	2465707	2467315	2465707	2465819	2467191	2467315	8733	7,18,15,20	0,3,11,0	11,27,33,30	0,0,0,0	1471	99	2.3926647913e-06	0.000232646773207	1.0,0.288,0.084,1.0	1.0,1.0,1.0,1.0	-0.407
8760	ENSG00000174444	RPL4	chr15	-	66502611	66503164	66502611	66502750	66503057	66503164	8760	3,3,7,14	4,15,44,25	4,1,1,2	33,12,28,35	406	99	7.64389198705e-05	0.00320823495341	0.155,0.047,0.037,0.12	0.029,0.02,0.009,0.014	0.072
8823	ENSG00000185753	CXorf38	chrX	-	40626920	40630773	40626920	40630162	40630613	40630773	8823	5,10,41,17	0,0,0,0	11,33,79,32	1,0,9,0	550	99	0.000124633017817	0.00466095529452	1.0,1.0,1.0,1.0	0.664,1.0,0.612,1.0	0.181
8830	ENSG00000159176	CSRP1	chr1	-	201485282	201488984	201485282	201485376	201488854	201488984	8830	9,9,19,7	3,0,0,3	20,12,16,15	0,0,0,0	3577	99	5.94546126775e-07	7.65884784781e-05	0.077,1.0,1.0,0.061	1.0,1.0,1.0,1.0	-0.466
8836	ENSG00000118873	RAB3GAP2	chr1	-	220164732	220167675	220164732	220167399	220167501	220167675	8836	0,1,2,0	1,7,69,19	4,6,4,7	12,8,14,31	201	99	2.12780961073e-07	3.39293702547e-05	0.0,0.066,0.014,0.0	0.141,0.27,0.123,0.1	-0.139
8839	ENSG00000118873	RAB3GAP2	chr1	-	220210387	220211002	220210387	220210876	220210954	220211002	8839	0,2,3,7	6,12,57,16	5,4,4,9	3,9,14,12	177	99	0.00102731177199	0.0212529676517	0.0,0.085,0.029,0.197	0.482,0.199,0.138,0.296	-0.201
8880	ENSG00000073969	NSF	chr17	+	46755313	46755597	46755313	46755369	46755498	46755597	8880	5,0,1,6	7,6,17,1	4,2,8,12	0,6,0,2	228	99	0.000884251954483	0.0190358889389	0.237,0.0,0.025,0.723	1.0,0.126,1.0,0.723	-0.466
8892	ENSG00000087095	NLK	chr17	+	28194581	28196381	28194581	28194708	28196179	28196381	8892	225,526,754,224	0,2,0,0	314,629,667,335	0,0,19,2	1570	99	1.9314639699e-05	0.00108347700004	1.0,0.943,1.0,1.0	1.0,1.0,0.689,0.914	0.085
8926	ENSG00000156042	CFAP70	chr10	-	73293262	73297173	73293262	73293388	73297041	73297173	8926	104,29,59,198	6,3,43,0	101,39,54,139	0,0,0,2	3752	99	9.27517310956e-07	0.000108222719842	0.314,0.203,0.035,1.0	1.0,1.0,1.0,0.647	-0.524
9004	ENSG00000260565	ERVK13-1	chr16	-	2669410	2672562	2669410	2669561	2671344	2672562	9004	45,26,79,37	2,10,13,7	38,50,86,40	1,3,1,1	1882	99	0.00022198272495	0.00703830009434	0.542,0.12,0.242,0.218	0.667,0.467,0.819,0.678	-0.377
9057	ENSG00000130822	PNCK	chrX	-	153671879	153672200	153671879	153672018	153672125	153672200	9057	0,0,0,0	2,7,4,2	5,3,2,3	2,4,62,4	206	99	2.67712611604e-05	0.00139208665949	0.0,0.0,0.0,0.0	0.546,0.265,0.015,0.265	-0.273
9081	ENSG00000177410	ZFAS1	chr20	+	49280484	49280964	49280484	49280570	49280902	49280964	9081	5,6,0,5	2,25,19,9	2,3,1,0	7,18,46,9	431	99	0.00321253438539	0.0490626324722	0.365,0.052,0.0,0.113	0.062,0.037,0.005,0.0	0.107
9094	ENSG00000168003	SLC3A2	chr11	+	62881892	62882999	62881892	62882066	62882907	62882999	9094	1,2,6,3	4,2,8,2	2,14,8,13	2,5,1,2	940	99	0.00161348495836	0.0293242094924	0.026,0.095,0.073,0.136	0.095,0.228,0.457,0.406	-0.214
9099	ENSG00000293268	NA	chr3	+	101686826	101700926	101686826	101687389	101692802	101700926	9099	137,418,229,152	2,1,1,2	84,179,176,168	6,4,5,5	5512	99	0.000300889813581	0.00895607741037	0.552,0.882,0.804,0.577	0.201,0.446,0.387,0.376	0.351
9101	ENSG00000006744	ELAC2	chr17	-	12994763	12995062	12994763	12994884	12994962	12995062	9101	0,2,5,2	4,15,4,3	0,2,0,0	2,4,16,2	177	99	0.00219227480796	0.0369645411261	0.0,0.069,0.411,0.272	0.0,0.219,0.0,0.0	0.133
9158	ENSG00000233016	SNHG7	chr9	-	136726310	136727086	136726310	136726416	136727045	136727086	9158	1,5,5,5	3,1,3,1	1,2,4,3	0,1,0,0	728	99	1.19690702113e-05	0.000767335775964	0.043,0.405,0.185,0.405	1.0,0.214,1.0,1.0	-0.544
9366	ENSG00000104133	SPG11	chr15	-	44622219	44622799	44622219	44622347	44622727	44622799	9366	0,1,1,4	14,18,6,23	7,2,10,14	12,11,8,32	479	99	4.54558218566e-06	0.000358363871232	0.0,0.011,0.033,0.035	0.108,0.036,0.205,0.083	-0.088
9421	ENSG00000175267	VWA3A	chr16	+	22100193	22100493	22100193	22100318	22100415	22100493	9421	3,5,20,13	1,2,2,0	0,15,0,2	4,5,5,17	196	99	1.61552625277e-07	2.85605459353e-05	0.602,0.558,0.835,1.0	0.0,0.602,0.0,0.056	0.584
9456	ENSG00000284634	NA	chr12	+	9655872	9657217	9655872	9655979	9656920	9657217	9456	2,1,3,10	0,8,5,7	14,4,1,10	0,0,1,0	1040	99	3.83682628891e-07	5.87767972155e-05	1.0,0.012,0.054,0.12	1.0,1.0,0.087,1.0	-0.475
9465	ENSG00000149480	MTA2	chr11	-	62597315	62597712	62597315	62597415	62597609	62597712	9465	1,1,26,3	6,11,10,18	0,0,1,1	3,15,24,16	293	99	8.65165367203e-06	0.000580158017501	0.053,0.03,0.468,0.053	0.0,0.0,0.014,0.021	0.142
9554	ENSG00000196118	CFAP119	chr16	-	30759341	30759724	30759341	30759557	30759653	30759724	9554	3,9,10,7	0,0,0,1	2,7,0,18	0,4,1,3	195	99	0.00134780795204	0.0252833170167	1.0,1.0,1.0,0.78	1.0,0.47,0.0,0.753	0.389
9624	ENSG00000104731	KLHDC4	chr16	-	87755193	87756477	87755193	87755292	87756398	87756477	9624	1,4,4,7	0,0,10,1	4,14,3,8	0,0,0,0	1205	99	7.06612441026e-06	0.000508935429746	1.0,1.0,0.032,0.365	1.0,1.0,1.0,1.0	-0.401
9627	ENSG00000185896	LAMP1	chr13	+	113320344	113321470	113320344	113320470	113321403	113321470	9627	15,26,19,6	0,0,1,0	9,14,29,17	2,2,2,4	1032	99	8.19615572079e-08	1.7077275884e-05	1.0,1.0,0.646,1.0	0.302,0.402,0.582,0.29	0.517
9726	ENSG00000132507	EIF5A	chr17	+	7311349	7311651	7311349	7311481	7311577	7311651	9726	8,11,4,4	45,98,153,13	9,5,21,9	13,88,64,22	195	99	0.000596205651549	0.0143138426796	0.083,0.054,0.013,0.135	0.26,0.028,0.143,0.172	-0.079
9791	ENSG00000164088	PPM1M	chr3	+	52248152	52248453	52248152	52248237	52248334	52248453	9791	5,3,12,8	0,0,5,0	1,0,2,5	1,4,2,1	196	99	0.000519218738321	0.0128291968918	1.0,1.0,0.548,1.0	0.336,0.0,0.336,0.716	0.54
9803	ENSG00000168259	DNAJC7	chr17	-	41987818	41988896	41987818	41987910	41988731	41988896	9803	33,54,262,73	41,32,70,53	47,107,292,56	20,26,45,26	920	99	0.00220222587575	0.0370253191906	0.08,0.154,0.287,0.129	0.202,0.307,0.411,0.188	-0.114
9818	ENSG00000291176	NA	chr2	+	96021124	96021465	96021124	96021233	96021367	96021465	9818	1,10,8,1	3,10,5,1	2,9,12,7	0,1,6,0	233	99	0.00133185832233	0.0251458299433	0.124,0.298,0.405,0.298	1.0,0.793,0.459,1.0	-0.532
9820	ENSG00000291176	NA	chr2	+	96021367	96021831	96021367	96021465	96021597	96021831	9820	0,9,2,3	2,4,19,0	5,11,5,3	0,1,0,0	231	99	1.22464151042e-08	3.3633319088e-06	0.0,0.491,0.043,1.0	1.0,0.825,1.0,1.0	-0.573
9868	ENSG00000182901	RGS7	chr1	-	240801454	240802993	240801454	240801508	240802903	240802993	9868	32,23,28,60	2,2,3,1	29,29,8,61	0,1,0,0	1494	99	1.34587283318e-07	2.53284584154e-05	0.515,0.432,0.382,0.799	1.0,0.658,1.0,1.0	-0.382
9923	ENSG00000124006	OBSL1	chr2	-	219550728	219551798	219550728	219550868	219551528	219551798	9923	7,15,10,4	0,6,12,0	7,10,6,6	0,1,0,0	759	99	1.77632233468e-05	0.00100612276704	1.0,0.246,0.098,1.0	1.0,0.566,1.0,1.0	-0.305
9945	ENSG00000167522	ANKRD11	chr16	-	89290624	89291183	89290624	89290828	89291012	89291183	9945	7,5,29,7	25,17,40,35	7,3,0,2	33,35,28,29	283	99	3.81482219836e-06	0.000313460178947	0.089,0.093,0.202,0.065	0.069,0.029,0.0,0.024	0.082
10168	ENSG00000138073	PREB	chr2	-	27133116	27133721	27133116	27133337	27133531	27133721	10168	4,1,2,5	1,0,0,1	5,1,1,0	1,3,0,3	293	99	3.40877954286e-06	0.000284097426472	0.575,1.0,1.0,0.628	0.628,0.101,1.0,0.0	0.369
10226	ENSG00000103723	AP3B2	chr15	-	82663126	82663620	82663126	82663295	82663559	82663620	10226	7,15,1,9	2,0,0,4	14,12,2,9	0,0,0,0	363	99	0.00254290959268	0.0416722881003	0.488,1.0,1.0,0.38	1.0,1.0,1.0,1.0	-0.283
10235	ENSG00000103855	CD276	chr15	+	73712933	73714514	73712933	73713063	73713289	73714514	10235	35,70,97,59	0,2,0,0	33,87,173,71	0,2,3,8	325	99	0.000224638521373	0.00708400612805	1.0,0.914,1.0,1.0	1.0,0.93,0.946,0.73	0.077
10308	ENSG00000164610	RP9	chr7	-	33097270	33100561	33097270	33099436	33100530	33100561	10308	10,26,20,14	3,4,0,1	7,13,21,18	2,0,0,0	1193	99	0.000457065424593	0.011957487386	0.217,0.35,1.0,0.537	0.225,1.0,1.0,1.0	-0.28
10380	ENSG00000182272	B4GALNT4	chr11	+	375638	375956	375638	375773	375846	375956	10380	0,2,0,8	8,13,1,12	0,1,0,0	7,7,1,3	172	99	0.00072897500937	0.0166778047242	0.0,0.081,0.0,0.277	0.0,0.076,0.0,0.0	0.071
10410	ENSG00000291079	SDHAP3	chr5	-	1628754	1629630	1628754	1628852	1629585	1629630	10410	10,21,86,33	0,0,6,1	14,14,13,24	0,0,0,0	832	99	0.0017824349183	0.0315112888284	1.0,1.0,0.63,0.797	1.0,1.0,1.0,1.0	-0.143
10434	ENSG00000165609	NUDT5	chr10	-	12170716	12170908	12170716	12170770	12170899	12170908	10434	8,16,19,9	6,4,0,2	11,4,9,12	2,0,0,1	228	99	0.000802487314755	0.0176668339407	0.367,0.635,1.0,0.661	0.705,1.0,1.0,0.839	-0.22
10441	ENSG00000236200	KDM4A-AS1	chr1	-	43703394	43704457	43703394	43703647	43704352	43704457	10441	9,27,16,10	0,1,61,0	8,32,23,18	0,0,0,0	804	99	7.99534639349e-05	0.00331271607773	1.0,0.769,0.031,1.0	1.0,1.0,1.0,1.0	-0.3
10450	ENSG00000119688	ABCD4	chr14	-	74296332	74298069	74296332	74296449	74297929	74298069	10450	110,74,94,103	1,2,0,1	107,78,40,86	6,4,2,1	1579	99	0.000551393085439	0.0134034469185	0.873,0.699,1.0,0.866	0.528,0.55,0.556,0.844	0.24
10571	ENSG00000057608	GDI2	chr10	-	5766240	5766638	5766240	5766295	5766493	5766638	10571	1,1,4,5	13,13,61,22	8,5,12,6	14,14,34,29	297	99	0.000264240298698	0.00794627784847	0.025,0.025,0.021,0.07	0.16,0.106,0.105,0.065	-0.074
10606	ENSG00000125875	TBC1D20	chr20	-	440247	441689	440247	440389	441587	441689	10606	9,7,3,18	0,3,13,0	12,10,30,29	0,0,1,1	1297	99	2.61270871856e-05	0.00137320204181	1.0,0.151,0.017,1.0	1.0,1.0,0.696,0.689	-0.304
10642	ENSG00000168036	CTNNB1	chr3	+	41239133	41239900	41239133	41239354	41239659	41239900	10642	12,13,61,17	0,0,2,0	32,16,24,21	3,1,0,3	404	99	0.00166839794443	0.030134469374	1.0,1.0,0.882,1.0	0.723,0.797,1.0,0.632	0.182
10693	ENSG00000182518	VCF2	chrX	-	55143101	55146311	55143101	55143875	55146180	55146311	10693	14,32,69,35	1,0,13,6	28,29,47,13	0,0,0,2	2404	99	0.000160504070981	0.00547591081932	0.366,1.0,0.179,0.194	1.0,1.0,1.0,0.211	-0.368
10695	ENSG00000068438	FTSJ1	chrX	+	48481425	48481715	48481425	48481528	48481631	48481715	10695	0,1,0,1	3,1,25,3	2,0,20,1	3,15,5,5	202	99	0.000393497461714	0.0108799250789	0.0,0.329,0.0,0.14	0.246,0.0,0.662,0.089	-0.132
10698	ENSG00000159377	PSMB4	chr1	+	151401238	151401630	151401238	151401355	151401541	151401630	10698	9,38,30,24	21,174,406,47	13,46,54,33	28,106,199,35	285	99	1.28530425547e-05	0.000801735260146	0.13,0.071,0.025,0.151	0.139,0.131,0.086,0.247	-0.056
10825	ENSG00000088038	CNOT3	chr19	+	54143659	54144134	54143659	54143749	54144005	54144134	10825	20,17,14,27	31,62,22,66	15,14,5,15	27,96,63,53	355	99	0.000849166959485	0.0186242106828	0.152,0.071,0.151,0.102	0.134,0.039,0.022,0.073	0.052
10905	ENSG00000119912	IDE	chr10	-	92506441	92508205	92506441	92506522	92508112	92508205	10905	14,7,24,28	7,0,0,6	18,15,9,8	0,0,0,2	1689	99	0.00170736495939	0.0305545005309	0.105,1.0,1.0,0.215	1.0,1.0,1.0,0.19	-0.218
10932	ENSG00000172613	RAD9A	chr11	+	67395911	67396175	67395911	67396021	67396110	67396175	10932	0,2,23,2	11,17,7,11	0,0,3,2	7,52,6,23	188	99	0.0024943333923	0.0411071779963	0.0,0.058,0.634,0.087	0.0,0.0,0.208,0.044	0.132
10958	ENSG00000127990	SGCE	chr7	-	94587777	94588732	94587777	94587849	94588688	94588732	10958	12,28,36,29	3,0,8,0	28,9,55,33	0,0,0,0	938	99	1.45752627094e-05	0.000860062181885	0.297,1.0,0.322,1.0	1.0,1.0,1.0,1.0	-0.345
11004	ENSG00000108309	RUNDC3A	chr17	+	44316384	44316725	44316384	44316522	44316618	44316725	11004	2,2,3,0	25,16,28,21	6,6,1,4	15,13,22,15	195	99	0.00313639125106	0.048025476532	0.039,0.06,0.052,0.0	0.169,0.19,0.023,0.119	-0.087
11093	ENSG00000163516	ANKZF1	chr2	+	219234132	219235312	219234132	219234288	219234825	219235312	11093	13,14,8,31	3,3,0,1	12,4,12,29	0,0,0,1	636	99	5.1257830503e-05	0.00237331891392	0.403,0.421,1.0,0.828	1.0,1.0,1.0,0.819	-0.292
11200	ENSG00000072195	SPEG	chr2	+	219464432	219466861	219464432	219464608	219466056	219466861	11200	6,13,4,5	6,2,3,6	12,51,93,14	0,3,0,0	1547	99	3.61444207897e-11	2.10866550887e-08	0.06,0.294,0.079,0.051	1.0,0.521,1.0,1.0	-0.759
11287	ENSG00000213780	GTF2H4	chr6	+	30913109	30913387	30913109	30913157	30913308	30913387	11287	0,0,1,1	2,4,22,4	1,6,1,3	6,4,6,5	250	99	0.000151520564182	0.00538678945211	0.0,0.0,0.018,0.09	0.062,0.373,0.062,0.192	-0.145
11297	ENSG00000145604	SKP2	chr5	+	36152108	36153042	36152108	36152270	36152770	36153042	11297	4,4,3,15	2,0,9,0	4,7,20,6	1,1,0,0	599	99	0.000699722356347	0.0161350997112	0.248,1.0,0.052,1.0	0.398,0.536,1.0,1.0	-0.159
11370	ENSG00000142546	NOSIP	chr19	-	49557089	49558978	49557089	49557249	49558896	49558978	11370	11,10,24,9	0,1,0,0	5,2,1,16	2,0,6,0	1746	99	1.63585926127e-06	0.000173520053277	1.0,0.362,1.0,1.0	0.124,1.0,0.009,1.0	0.307
11398	ENSG00000261738	MIR3976HG	chr18	+	5733896	5734607	5733896	5734414	5734516	5734607	11398	18,23,7,13	2,9,0,1	14,13,11,19	0,0,0,1	201	99	8.39037698841e-06	0.000575961695202	0.816,0.557,1.0,0.865	1.0,1.0,1.0,0.903	-0.166
11404	ENSG00000155906	RMND1	chr6	-	151421244	151422605	151421244	151421321	151422540	151422605	11404	14,10,0,5	0,0,4,3	5,11,31,16	0,0,1,1	1318	99	2.8245932604e-05	0.00140843393856	1.0,1.0,0.0,0.111	1.0,1.0,0.7,0.546	-0.284
11424	ENSG00000290763	SDHAP1	chr3	-	195984111	195985789	195984111	195984276	195985626	195985789	11424	1,4,1,2	7,3,5,7	8,5,6,5	5,4,3,5	1449	99	0.00147988140209	0.0273216079107	0.01,0.083,0.013,0.019	0.099,0.079,0.12,0.064	-0.059
11435	ENSG00000147162	OGT	chrX	+	71544566	71548023	71544566	71544635	71547906	71548023	11435	723,1157,1959,1517	2,2,16,3	1014,1999,3276,2202	0,1,2,4	3370	99	1.47422382908e-05	0.000860062181885	0.914,0.944,0.782,0.937	1.0,0.983,0.98,0.942	-0.082
11461	ENSG00000255571	MIR9-3HG	chr15	+	89388500	89389482	89388500	89388581	89389344	89389482	11461	77,124,216,98	6,7,0,8	93,125,168,108	0,1,0,0	862	99	1.05430888464e-08	3.3633319088e-06	0.596,0.67,1.0,0.585	1.0,0.935,1.0,1.0	-0.271
11509	ENSG00000231074	HCG18	chr6	-	30291536	30294964	30291536	30292599	30294470	30294964	11509	249,349,378,344	0,3,2,0	278,274,441,325	2,10,13,3	1970	99	1.40350913056e-05	0.000844131161617	1.0,0.854,0.905,1.0	0.875,0.579,0.63,0.845	0.208
11529	ENSG00000147471	PLPBP	chr8	+	37765525	37765746	37765525	37765633	37765710	37765746	11529	1,2,1,4	1,2,8,8	0,0,0,0	4,11,4,8	176	99	0.000860750717466	0.0187373868869	0.36,0.36,0.066,0.22	0.0,0.0,0.0,0.0	0.252
11602	ENSG00000129347	KRI1	chr19	-	10564928	10565790	10564928	10565034	10565716	10565790	11602	2,4,8,7	1,1,0,0	4,4,0,1	1,0,2,2	781	99	8.58186943282e-05	0.0034768490466	0.202,0.336,1.0,1.0	0.336,1.0,0.0,0.06	0.286
11605	ENSG00000172803	SNX32	chr11	+	65851054	65851679	65851054	65851160	65851639	65851679	11605	4,11,3,50	1,6,7,1	25,18,17,24	0,1,0,0	578	99	9.99227411924e-09	3.3633319088e-06	0.407,0.239,0.068,0.895	1.0,0.755,1.0,1.0	-0.536
11613	ENSG00000158286	RNF207	chr1	+	6212681	6213183	6212681	6212733	6213065	6213183	11613	10,7,24,24	0,0,0,0	19,28,16,16	3,0,4,0	431	99	0.000671745801706	0.0156758600286	1.0,1.0,1.0,1.0	0.593,1.0,0.479,1.0	0.232
11661	ENSG00000086189	DIMT1	chr5	-	62390875	62392990	62390875	62390982	62392925	62392990	11661	17,27,8,38	0,0,0,0	35,9,30,31	5,0,0,1	2042	99	0.0028693997101	0.0450002094321	1.0,1.0,1.0,1.0	0.253,1.0,1.0,0.6	0.287
11819	ENSG00000182400	TRAPPC6B	chr14	-	39158284	39159550	39158284	39158402	39159482	39159550	11819	15,30,13,37	5,9,35,25	20,23,60,34	13,6,8,10	1179	99	0.00187049384476	0.0327701534244	0.201,0.219,0.03,0.111	0.114,0.244,0.386,0.222	-0.101
11820	ENSG00000204852	TCTN1	chr12	+	110641541	110642389	110641541	110641627	110642248	110642389	11820	5,8,18,11	1,0,4,3	5,14,9,14	0,0,1,0	720	99	5.02258431068e-07	6.82116056213e-05	0.407,1.0,0.382,0.335	1.0,1.0,0.553,1.0	-0.357
11824	ENSG00000126012	KDM5C	chrX	-	53198489	53198888	53198489	53198637	53198763	53198888	11824	2,0,4,0	0,4,0,2	4,2,3,1	1,0,0,0	225	99	7.41857468983e-05	0.0031591215139	1.0,0.0,1.0,0.0	0.638,1.0,1.0,1.0	-0.409
11888	ENSG00000164934	DCAF13	chr8	+	103427096	103430689	103427096	103427252	103430611	103430689	11888	42,29,24,40	1,2,1,2	68,14,13,59	0,0,0,3	3458	99	0.00168006257095	0.0302514970337	0.546,0.293,0.407,0.364	1.0,1.0,1.0,0.36	-0.438
11905	ENSG00000196756	SNHG17	chr20	-	38421005	38422241	38421005	38421098	38422091	38422241	11905	3,12,23,3	0,2,0,4	10,19,25,14	0,0,1,0	1092	99	0.000187408618392	0.00621216977102	1.0,0.352,1.0,0.064	1.0,1.0,0.694,1.0	-0.32
11927	ENSG00000184154	LRRC51	chr11	+	72094947	72096895	72094947	72095096	72095378	72096895	11927	7,6,5,3	0,1,9,1	3,3,10,4	1,0,0,0	381	99	1.29179147161e-05	0.000801735260146	1.0,0.609,0.126,0.438	0.438,1.0,1.0,1.0	-0.316
11929	ENSG00000164309	CMYA5	chr5	+	79761810	79763209	79761810	79761957	79763061	79763209	11929	26,39,10,26	0,0,0,1	12,33,52,41	1,2,1,2	1203	99	0.000955311822641	0.0203404714354	1.0,1.0,1.0,0.681	0.497,0.576,0.811,0.628	0.292
11963	ENSG00000109171	SLAIN2	chr4	+	48382567	48382927	48382567	48382639	48382727	48382927	11963	85,164,90,148	1,2,0,0	80,130,136,150	5,7,3,2	187	99	0.000169402004718	0.00567983503175	0.978,0.977,1.0,1.0	0.894,0.908,0.96,0.975	0.054
11980	ENSG00000178467	P4HTM	chr3	+	49004860	49005867	49004860	49005046	49005776	49005867	11980	70,64,88,137	2,1,13,1	63,109,113,92	0,0,2,2	829	99	0.00101137268361	0.0212435827819	0.807,0.884,0.447,0.942	1.0,1.0,0.871,0.846	-0.159
12005	ENSG00000103512	NOMO1	chr16	+	14895513	14896156	14895513	14895694	14895972	14896156	12005	5,6,24,11	0,0,2,0	7,14,11,22	0,5,2,0	377	99	0.00276271917238	0.0439174486421	1.0,1.0,0.759,1.0	1.0,0.424,0.591,1.0	0.186
12170	ENSG00000152223	EPG5	chr18	-	45916437	45917819	45916437	45916582	45917678	45917819	12170	14,18,3,26	21,17,51,31	12,52,164,31	23,25,9,27	1195	99	0.000329461493316	0.00940931134612	0.052,0.081,0.005,0.065	0.041,0.147,0.602,0.087	-0.168
12198	ENSG00000087303	NID2	chr14	-	52005736	52006660	52005736	52005849	52006536	52006660	12198	20,3,4,12	2,6,2,15	10,5,10,25	1,0,1,0	786	99	1.14233960735e-07	2.22146975643e-05	0.557,0.059,0.201,0.092	0.557,1.0,0.557,1.0	-0.551
12221	ENSG00000064601	CTSA	chr20	+	45892724	45894072	45892724	45892887	45893987	45894072	12221	14,18,82,31	0,0,11,0	31,23,15,21	0,0,0,0	1199	99	0.00228425339296	0.0381843389528	1.0,1.0,0.381,1.0	1.0,1.0,1.0,1.0	-0.155
12261	ENSG00000111653	ING4	chr12	-	6652661	6653050	6652661	6652770	6652935	6653050	12261	2,1,0,1	7,2,1,19	3,1,16,1	5,4,5,6	264	99	0.000309679166955	0.0091245871718	0.097,0.158,0.0,0.019	0.184,0.086,0.545,0.059	-0.15
12282	ENSG00000004455	AK2	chr1	-	33012073	33014594	33012073	33013402	33014521	33014594	12282	57,157,181,97	22,72,75,23	49,89,107,101	23,81,87,31	1218	99	0.00328265691851	0.0497429102924	0.174,0.151,0.164,0.255	0.148,0.082,0.091,0.209	0.054
12306	ENSG00000159899	NPR2	chr9	+	35801642	35802000	35801642	35801763	35801925	35802000	12306	7,13,23,6	2,0,0,13	0,4,0,7	5,3,2,10	261	99	0.000136467944404	0.00500725778398	0.57,1.0,1.0,0.149	0.0,0.336,0.0,0.21	0.543
12313	ENSG00000185627	PSMD13	chr11	+	244040	244469	244040	244216	244425	244469	12313	1,3,7,5	8,6,18,7	8,7,8,13	6,2,11,6	308	99	0.00160265755657	0.0293100444672	0.039,0.138,0.111,0.187	0.3,0.529,0.189,0.411	-0.238
12328	ENSG00000125447	GGA3	chr17	-	75241614	75242473	75241614	75241696	75242335	75242473	12328	6,10,24,8	6,12,10,19	10,4,6,17	13,19,45,20	738	99	0.00247122506001	0.040841719547	0.118,0.101,0.244,0.053	0.094,0.027,0.018,0.102	0.069
12334	ENSG00000092529	CAPN3	chr15	+	42409930	42410496	42409930	42409995	42410431	42410496	12334	5,1,2,6	1,0,0,0	8,5,0,2	2,0,2,4	535	99	5.71338096167e-07	7.57542375691e-05	0.481,1.0,1.0,1.0	0.425,1.0,0.0,0.085	0.493
12348	ENSG00000137267	TUBB2A	chr6	-	3153698	3156152	3153698	3155735	3156043	3156152	12348	4,4,12,6	55,33,122,49	6,20,57,3	38,44,78,25	407	99	4.0735503859e-09	1.69750663938e-06	0.017,0.029,0.023,0.029	0.037,0.1,0.151,0.028	-0.055
12427	ENSG00000291142	NA	chr2	-	94200721	94202568	94200721	94200780	94202396	94202568	12427	10,32,7,31	0,5,0,1	6,9,4,16	0,0,0,0	1715	99	0.00268500197048	0.0432715510933	1.0,0.27,1.0,0.642	1.0,1.0,1.0,1.0	-0.272
12428	ENSG00000291142	NA	chr2	-	94200721	94202568	94200721	94200844	94202396	94202568	12428	8,31,6,21	2,3,0,3	6,9,4,14	0,0,0,0	1651	99	2.96493884999e-09	1.33057332699e-06	0.193,0.383,1.0,0.296	1.0,1.0,1.0,1.0	-0.532
12434	ENSG00000120251	GRIA2	chr4	+	157220693	157221130	157220693	157220725	157220907	157221130	12434	159,290,243,393	1,0,0,0	186,273,126,302	4,13,5,6	281	99	1.70044467396e-09	9.01854020717e-07	0.982,1.0,1.0,1.0	0.942,0.881,0.899,0.947	0.078
12447	ENSG00000291003	NA	chr15	+	22560787	22561454	22560787	22560935	22561257	22561454	12447	4,8,4,22	0,3,4,0	9,13,3,19	0,0,0,0	421	99	0.000131952684092	0.0049032608853	1.0,0.385,0.19,1.0	1.0,1.0,1.0,1.0	-0.356
12457	ENSG00000009830	POMT2	chr14	-	77278728	77279928	77278728	77278869	77279822	77279928	12457	7,4,12,33	0,0,0,0	15,16,3,17	1,0,3,1	1052	99	0.000493624952927	0.0123775394391	1.0,1.0,1.0,1.0	0.585,1.0,0.086,0.615	0.428
12563	ENSG00000131788	PIAS3	chr1	-	145848521	145850269	145848521	145849712	145850231	145850269	12563	7,7,55,8	4,4,35,5	3,0,2,8	13,8,6,5	618	99	2.80831922257e-05	0.00140843393856	0.219,0.219,0.201,0.204	0.036,0.0,0.051,0.204	0.138
12595	ENSG00000137700	SLC37A4	chr11	-	119025190	119026080	119025190	119025757	119025966	119026080	12595	2,3,3,2	0,0,1,0	4,0,1,2	0,3,0,3	308	99	8.20081235462e-05	0.00336926332936	1.0,1.0,0.491,1.0	1.0,0.0,1.0,0.176	0.329
12859	ENSG00000006071	ABCC8	chr11	-	17395609	17395930	17395609	17395638	17395851	17395930	12859	21,17,14,28	1,0,7,2	21,34,4,28	1,0,0,1	312	99	0.000100715541109	0.00397009774885	0.87,1.0,0.388,0.816	0.87,1.0,1.0,0.899	-0.174
12873	ENSG00000006071	ABCC8	chr11	-	17460487	17461825	17460487	17460676	17461585	17461825	12873	10,8,49,11	5,5,12,19	6,3,0,7	16,5,4,13	1008	99	2.19160105343e-05	0.00117300922438	0.164,0.136,0.286,0.054	0.036,0.056,0.0,0.05	0.125
12922	ENSG00000138326	RPS24	chr10	+	78037438	78040225	78037438	78037441	78040203	78040225	12922	97,175,279,203	0,3,8,0	121,160,314,235	0,0,0,0	2861	99	3.38270178823e-06	0.000284097426472	1.0,0.669,0.547,1.0	1.0,1.0,1.0,1.0	-0.196
12940	ENSG00000161010	MRNIP	chr5	-	179837275	179840959	179837275	179837885	179840871	179840959	12940	66,92,73,90	0,2,2,0	73,113,52,70	2,2,54,1	3085	99	0.00104045854275	0.0212983689067	1.0,0.596,0.539,1.0	0.539,0.645,0.03,0.692	0.307
12962	ENSG00000100412	ACO2	chr22	+	41525192	41526453	41525192	41525348	41526261	41526453	12962	9,3,12,5	17,3,35,17	14,28,3,12	12,4,8,13	1012	99	0.00137098889353	0.0255538313254	0.049,0.089,0.032,0.028	0.102,0.406,0.035,0.083	-0.107
13000	ENSG00000164828	SUN1	chr7	+	852608	852952	852608	852667	852812	852952	13000	2,4,11,15	0,0,0,2	3,2,3,4	7,0,8,0	244	99	0.000116270475538	0.00440468801486	1.0,1.0,1.0,0.753	0.148,1.0,0.132,1.0	0.368
13013	ENSG00000120697	ALG5	chr13	-	36994988	36995596	36994988	36995035	36995424	36995596	13013	1,0,1,6	4,2,7,1	7,9,2,12	2,0,0,4	488	99	0.000350616953412	0.00988163916041	0.048,0.0,0.028,0.549	0.415,1.0,1.0,0.378	-0.542
13016	ENSG00000103249	CLCN7	chr16	-	1449275	1450666	1449275	1449327	1450496	1450666	13016	9,3,27,26	2,0,0,0	10,7,2,18	1,0,33,2	1268	99	1.10849042709e-05	0.00071854812796	0.26,1.0,1.0,1.0	0.438,1.0,0.005,0.413	0.351
13046	ENSG00000186960	LINC01551	chr14	+	28777857	28778560	28777857	28777991	28778105	28778560	13046	5,14,3,21	3,0,1,4	5,13,18,10	0,0,0,2	213	99	0.000159584363162	0.00547591081932	0.437,1.0,0.582,0.709	1.0,1.0,1.0,0.699	-0.243
13073	ENSG00000158864	NDUFS2	chr1	+	161209482	161209931	161209482	161209595	161209842	161209931	13073	4,18,22,15	0,0,0,2	22,20,19,7	5,1,0,1	346	99	0.00280769223301	0.0443904511853	1.0,1.0,1.0,0.682	0.557,0.851,1.0,0.667	0.152
13078	ENSG00000158864	NDUFS2	chr1	+	161209482	161210710	161209482	161210389	161210590	161210710	13078	3,1,17,6	14,21,17,42	3,3,0,2	13,13,41,27	300	99	0.00121589428272	0.023645090818	0.066,0.015,0.248,0.045	0.071,0.071,0.0,0.024	0.052
13152	ENSG00000160299	PCNT	chr21	+	46442496	46444821	46442496	46442573	46444693	46444821	13152	78,50,164,128	0,0,0,0	66,59,14,129	0,2,3,1	2219	99	0.000321578220532	0.0092875610821	1.0,1.0,1.0,1.0	1.0,0.568,0.172,0.852	0.352
13173	ENSG00000106588	PSMA2	chr7	-	42921857	42924797	42921857	42923406	42924674	42924797	13173	0,0,3,3	12,6,9,27	0,5,36,17	18,4,15,20	1367	99	1.99054041028e-08	5.04904902329e-06	0.0,0.0,0.024,0.008	0.0,0.083,0.148,0.058	-0.064
13181	ENSG00000293491	TMEM198B	chr12	+	55834850	55836246	55834850	55835615	55836125	55836246	13181	11,42,35,10	0,0,0,0	7,22,22,5	0,11,1,0	609	99	0.000398972950628	0.0109792839338	1.0,1.0,1.0,1.0	1.0,0.245,0.781,1.0	0.243
13217	ENSG00000169598	DFFB	chr1	+	3883506	3885429	3883506	3883800	3885037	3885429	13217	12,18,40,30	5,8,8,1	22,14,36,19	0,0,0,4	1336	99	0.000477809591125	0.0123775394391	0.151,0.143,0.27,0.69	1.0,1.0,1.0,0.26	-0.501
13249	ENSG00000099622	CIRBP	chr19	+	1271980	1273172	1271980	1272051	1272426	1273172	13249	8,17,33,16	3,21,35,7	20,31,74,14	3,4,15,1	474	99	1.29810495753e-06	0.000142889515514	0.358,0.145,0.165,0.323	0.582,0.618,0.507,0.745	-0.365
13255	ENSG00000285847	NA	chr1	-	184620869	184623061	184620869	184621205	184621533	184623061	13255	74,80,104,70	0,0,2,0	74,62,97,56	5,2,0,2	427	99	0.00131623114603	0.0249314691751	1.0,1.0,0.923,1.0	0.774,0.878,1.0,0.867	0.101
13269	ENSG00000171766	GATM	chr15	-	45376600	45378544	45376600	45376819	45378384	45378544	13269	8,8,10,37	0,1,0,0	17,27,30,17	2,4,2,3	1664	99	8.60208315689e-07	0.000104551152369	1.0,0.322,1.0,1.0	0.336,0.287,0.472,0.252	0.494
